Bakhtiarpur	4	581	254560	855329	47897
Bakhri	4	510	255989	862607	40043
Bakhtiyarpur	4	581	254618	855318	34533
Bakarwala	8	739	286678	770201	18122
Bakewar	33	278	266623	791763	14217
Bakhtawarpur	8	737	288234	771754	12716
Bakani	28	321	242862	762371	9812
Bakultala	0	98	125040	928617	2741
Bakloh	27	-1	324794	759187	1805
Bakreswar	35	347	238832	873726	1739
Baka Purwa	33	31	268181	814313	0
Bakahi	33	102	247881	830377	0
Bakahiyan	33	584	252923	818108	0
Bakahtpura	33	584	251945	819926	0
Bakaia	14	712	243068	838123	0
Bakaiha	19	646	243443	814557	0
Bakaikhera	19	443	219244	775263	0
Bakaila	34	430	305619	778507	0
Bakain	27	3	301665	739757	0
Bakain	33	644	276175	783017	0
Bakain	19	638	249084	795740	0
Bakain	33	417	254989	789558	0
Bakain	14	379	242994	847755	0
Bakaina	19	313	243111	810164	0
Bakaina	33	553	290428	782583	0
Bakaina	33	488	273907	805407	0
Bakaina Milak	33	464	290417	784977	0
Bakainan	33	479	263819	832216	0
Bakainan	33	282	277205	813329	0
Bakainan Purwa	33	282	277135	813401	0
Bakaini	33	242	254428	830473	0
Bakaini	33	242	254037	831711	0
Bakaini	19	309	235442	763728	0
Bakainia	33	31	273336	813984	0
Bakainia	34	617	290287	791882	0
Bakainia	4	641	262728	875505	0
Bakainia	14	434	244245	858841	0
Bakainia Chandpur	33	492	286108	788860	0
Bakainia Dichhat	33	656	283362	798845	0
Bakainiadip	33	152	267464	826759	0
Bakainian	33	27	254661	837651	0
Bakainian	33	492	287918	786849	0
Bakainian	33	280	273690	826195	0
Bakainian	33	280	270815	829655	0
Bakainian	33	280	271931	831392	0
Bakainian	33	329	284827	795823	0
Bakainian	33	329	281910	795766	0
Bakainian Birpur	33	329	286076	792866	0
Bakainian Champatpur	33	329	285040	793080	0
Bakainian Kalekhan	33	329	287214	796082	0
Bakainian Khajuria	33	329	287283	796669	0
Bakainian Saleh	33	329	286682	795858	0
Bakainian Taluka Rampur Amirt	33	656	282483	798998	0
Bakainihan	33	623	265163	830636	0
Bakainiyan	4	675	264930	840256	0
Bakaintola	19	217	228869	813312	0
Bakaintola	19	449	227315	816416	0
Bakaiya	33	488	275693	810199	0
Bakajan	19	443	219130	775948	0
Bakakuwa	19	202	219855	771203	0
Bakal	19	337	237502	799697	0
Bakal	11	614	296412	765753	0
Bakal	19	354	220988	799852	0
Bakal	19	142	217373	798705	0
Bakal	13	359	331011	751573	0
Bakal	19	142	220566	807784	0
Bakal	6	455	211124	809257	0
Bakal	33	444	256776	807585	0
Bakala	11	88	304235	772031	0
Bakala	28	463	272956	765051	0
Bakala	25	399	209319	848601	0
Bakalabandh	25	527	201617	850270	0
Bakalag	12	267	314326	769590	0
Bakalaghat	6	577	185551	817260	0
Bakalagutta	31	90	189359	794424	0
Bakalan	12	514	306917	772896	0
Bakalapanaku	1	258	180959	825824	0
Bakalha	33	516	258034	845504	0
Bakali	11	482	300241	770594	0
Bakalo	6	398	229822	827571	0
Bakalpur	33	174	275020	776318	0
Bakalpur	33	174	272610	777435	0
Bakalpur	33	526	270418	781086	0
Bakalpur	33	682	275335	785022	0
Bakalpur	33	389	270491	785740	0
Bakalpur	19	395	247286	780658	0
Bakalsara	20	168	213197	805379	0
Bakalsarra	6	490	213911	808797	0
Bakaltola	19	142	220552	807666	0
Bakaltoria	14	628	230515	859379	0
Bakalwali	33	31	268908	816482	0
Bakalwara	33	370	247422	782520	0
Bakam	4	505	250821	863748	0
Bakamtoli	14	476	225439	844867	0
Bakan	19	309	234780	769145	0
Bakan	12	514	305641	775325	0
Bakan	12	39	321738	760861	0
Bakan	28	298	253192	742442	0
Bakan	4	112	248212	844437	0
Bakana	11	482	301016	768888	0
Bakanda Khas	33	526	271131	777615	0
Bakanda Khera	33	526	271071	777720	0
Bakandha	33	698	259583	807863	0
Bakandhapurwa	33	698	259525	807907	0
Bakaner	19	129	221845	751614	0
Bakaner	19	317	223641	755181	0
Bakaner	20	185	214291	750056	0
Bakanha	33	539	268042	838966	0
Bakani	19	16	236477	768378	0
Bakani Kothi	12	348	324700	762304	0
Bakaniya	19	324	243572	769042	0
Bakanj	19	568	227631	784565	0
Bakanpur	14	570	250897	872726	0
Bakanpura	28	487	252242	767543	0
Bakapur	11	500	281227	766491	0
Bakapur	33	431	296936	773007	0
Bakapur	31	203	172838	780167	0
Bakapur	27	355	310551	757743	0
Bakapur	27	284	311743	761320	0
Bakapur	27	283	311447	762127	0
Bakar Bigha	4	507	250767	850986	0
Bakar Husain Purwa	33	522	270460	824787	0
Bakar Khor	34	530	293544	794808	0
Bakar Kotwa	33	269	274735	825422	0
Bakar Mazra	33	431	299279	773782	0
Bakar Nagla	33	553	294041	782863	0
Bakar Purwa	33	654	260363	814800	0
Bakarabad	33	564	259905	836424	0
Bakarabad	33	531	287846	792987	0
Bakaram	31	448	163427	785019	0
Bakardi	20	110	197968	791935	0
Bakarganj	33	698	259339	808214	0
Bakarganj	33	31	268387	813984	0
Bakarganj	33	31	268069	814055	0
Bakarganj	33	31	268365	813887	0
Bakarganj	33	31	268953	813850	0
Bakarganj	33	31	265671	812910	0
Bakarganj	33	605	265842	817121	0
Bakarganj	33	626	253863	813095	0
Bakarganj	33	605	266653	823145	0
Bakarganj	33	532	263986	825558	0
Bakarganj	33	532	263433	826359	0
Bakarganj	33	623	268530	829947	0
Bakarganj	33	531	290133	792199	0
Bakarganj	33	329	283623	793955	0
Bakarganj	33	329	286170	795473	0
Bakarganj	33	329	287289	796164	0
Bakarganj	33	656	286429	796903	0
Bakarganj	33	329	281565	795939	0
Bakarganj	4	581	256176	851542	0
Bakarh	4	136	258217	856139	0
Bakari	12	267	317123	772069	0
Bakariya	34	530	292137	797260	0
Bakarjun	19	202	217499	770488	0
Bakarka	33	431	300261	774786	0
Bakarkol	33	479	261670	829152	0
Bakarkota	6	490	216031	808019	0
Bakarkuda	6	279	219155	822589	0
Bakarkuri	14	628	230976	859682	0
Bakarla	12	514	305881	772411	0
Bakarmai	25	373	204506	840459	0
Bakarn	12	267	314160	771661	0
Bakarna	34	430	304303	779925	0
Bakarnagar	33	553	292507	783856	0
Bakarnagar	33	685	269926	810057	0
Bakarnagar	33	488	276546	809200	0
Bakarnagar Sudrasi	33	329	284112	794048	0
Bakarni	14	740	234383	847708	0
Bakarpur	11	88	301152	773798	0
Bakarpur	34	574	297233	781448	0
Bakarpur	33	682	273942	783767	0
Bakarpur	33	451	279342	795588	0
Bakarpur	33	605	266847	817226	0
Bakarpur	27	544	315610	754705	0
Bakarpur	33	605	267837	815952	0
Bakarpur	10	205	238643	730237	0
Bakarpur	4	382	264198	849422	0
Bakarpur	33	686	265105	794126	0
Bakarpur	4	520	257121	851350	0
Bakarpur	4	687	257345	852012	0
Bakarpur	4	581	254631	850825	0
Bakarpur	33	312	279517	801547	0
Bakarpur Bahtri	33	622	284475	788035	0
Bakarpur Bank	4	663	251118	857514	0
Bakarpur Miyani	27	544	314964	753330	0
Bakarpur Ogairah	4	396	253294	875138	0
Bakarpur Toka	34	574	297278	781394	0
Bakaruma	6	17	225133	834295	0
Bakarwa	33	496	272359	837084	0
Bakarwa	33	515	264196	835067	0
Bakarwala	11	88	303116	774474	0
Bakas	33	685	267891	810488	0
Bakas Dih	33	269	273122	823947	0
Bakas Khap	14	673	240607	841761	0
Bakasara	6	669	222406	826240	0
Bakashpur	19	420	248900	775391	0
Bakaspur	33	370	244839	788277	0
Bakaspur	33	584	254742	822069	0
Bakaspur	14	379	242683	850260	0
Bakaspur	14	310	228651	849077	0
Bakaspur	14	416	229845	849509	0
Bakaspur	14	732	239547	853714	0
Bakaspura	28	599	267222	780683	0
Bakaspura	14	498	236615	859596	0
Bakaspura	14	454	243949	857989	0
Bakaspura	14	732	240140	857917	0
Bakativaripalle	1	190	134997	785243	0
Bakatmal Bigha	4	495	251311	854065	0
Bakatoli	14	310	231094	848074	0
Bakauda	6	517	220520	810808	0
Bakauh	12	460	309931	775918	0
Bakauli	33	593	276223	788138	0
Bakauli	33	102	247179	828634	0
Bakauli	33	31	268060	814427	0
Bakauli	33	605	268014	815924	0
Bakauli Kalan	33	623	265565	829913	0
Bakauli Khurd	33	623	265648	829982	0
Bakaulia	33	623	268915	829717	0
Bakaunia	4	636	260243	863962	0
Bakaunia	4	590	259053	876455	0
Bakaur	4	495	251717	852952	0
Bakaur	4	410	260630	865053	0
Bakaura	33	613	284198	779954	0
Bakauri	19	354	222913	794622	0
Bakauruguda	25	349	192227	834129	0
Bakawal	33	605	267473	817000	0
Bakawan	19	317	221699	758490	0
Bakawan	4	581	253626	857914	0
Bakawand	6	578	192777	820969	0
Bakawaram	31	62	172890	783133	0
Bakayan	19	502	240415	793813	0
Bakbaratoli	14	732	244114	852402	0
Bakbira	25	546	213654	839257	0
Bakchach	19	558	247221	757195	0
Bakchaunda	33	584	252248	821042	0
Bakchha	33	444	254422	804369	0
Bakchhera	19	497	246104	813892	0
Bakchhera	19	497	246167	813972	0
Bakchhera	19	461	226644	804793	0
Bakchhera Tola	19	461	226563	804743	0
Bakchhirwa	33	488	272802	806210	0
Bakchi Dih	33	688	258788	821512	0
Bakchiha	33	282	271684	815607	0
Bakcho	14	379	243014	852098	0
Bakchoma	14	732	239717	850699	0
Bakchoma	14	379	240365	849518	0
Bakchor	19	638	244044	794905	0
Bakchur	19	512	247218	801015	0
Bake Bigha	4	112	247600	845897	0
Bakela	6	517	223020	813032	0
Bakeli	19	610	241482	812353	0
Bakeli	19	337	239755	807147	0
Bakeli	19	336	238030	809266	0
Bakeli	13	477	326434	756920	0
Bakeli	6	17	219937	830380	0
Bakena	19	338	237282	782787	0
Bakena	19	208	241702	775392	0
Bakendhana	19	325	222842	785658	0
Bakeni	19	502	239013	793073	0
Bakeni	33	282	277226	813361	0
Bakentoli	14	476	225468	844202	0
Bakera	19	142	217268	799803	0
Bakeria ka Baria	28	428	260416	744246	0
Bakes	33	479	258021	828774	0
Bakesu	12	604	310415	770501	0
Bakh	34	413	295971	796732	0
Bakha	12	604	308859	771508	0
Bakha	33	654	263177	813759	0
Bakha	33	623	268570	830823	0
Bakha Purwa	33	645	267574	798847	0
Bakha Purwa	33	522	270528	818092	0
Bakha Purwa	33	659	274897	800778	0
Bakhadda	4	510	256978	861079	0
Bakhadda	4	510	253792	861652	0
Bakhadda	4	510	254116	863560	0
Bakhai	6	374	225265	823964	0
Bakhali Khalang	12	514	307563	770850	0
Bakhalwai	12	267	315692	771753	0
Bakhane	13	358	331536	757606	0
Bakhani	33	242	252750	829170	0
Bakhar	13	485	330837	744097	0
Bakhar	19	202	217685	766112	0
Bakhar	33	526	269330	784178	0
Bakhar	33	584	250323	821989	0
Bakhar	34	179	300527	795368	0
Bakhar	14	541	234310	849910	0
Bakhar Sarkar	33	522	269841	817582	0
Bakhara	33	553	293768	781519	0
Bakharapur	20	169	205907	770458	0
Bakharba	33	697	288423	776047	0
Bakharband	4	718	249307	836364	0
Bakharda	4	582	250506	870950	0
Bakharda	14	570	249370	872121	0
Bakhardih	14	379	242905	847751	0
Bakhargaon	19	202	221360	762236	0
Bakhari	19	354	223261	794450	0
Bakhari	12	267	313029	772179	0
Bakhari	19	325	223643	786839	0
Bakhari	19	354	228605	797011	0
Bakhari	20	139	213262	791873	0
Bakhari	20	139	216342	793104	0
Bakhari	19	325	222178	782967	0
Bakhari	33	488	273336	812046	0
Bakhari	33	488	273568	812116	0
Bakhari	33	685	268051	810846	0
Bakhari	19	354	227615	801472	0
Bakhari	19	461	227167	805559	0
Bakhari	12	267	314192	769684	0
Bakhari	4	112	248404	844529	0
Bakhari	4	117	247151	853007	0
Bakhari	4	136	257224	862820	0
Bakhari	4	136	257243	862718	0
Bakhari	14	673	239682	841229	0
Bakhari Kalan	33	488	274873	811252	0
Bakhari Khurd	33	488	274989	811148	0
Bakharia	33	445	271934	793611	0
Bakharia	33	548	270930	794399	0
Bakharia	33	659	272935	799071	0
Bakharia	33	242	253272	829103	0
Bakharia	33	522	273019	817551	0
Bakharia	33	152	270031	828094	0
Bakharia	33	479	261917	827575	0
Bakharia	33	623	268428	830151	0
Bakharia	33	314	266511	834306	0
Bakharia	33	564	262243	836732	0
Bakharia	33	488	275086	809013	0
Bakharia	4	675	264820	840961	0
Bakharia	4	457	267666	846619	0
Bakharia	33	686	265196	794277	0
Bakharia	4	590	258459	877054	0
Bakharia	33	659	275797	802381	0
Bakharia	33	659	270102	800270	0
Bakharikol	4	590	256914	873757	0
Bakharikona	6	517	219221	809524	0
Bakharikona	19	142	219968	808522	0
Bakharipur	33	27	256238	837294	0
Bakharla	10	711	217316	696354	0
Bakharli	20	-1	214495	751291	0
Bakharmar	25	572	210197	826200	0
Bakharpur	33	553	296049	782075	0
Bakharpur	33	464	289339	782978	0
Bakharwa	33	522	271498	819148	0
Bakharwa	33	522	272573	821629	0
Bakharwa	33	522	270065	823249	0
Bakharyar	12	267	315280	770886	0
Bakharyar	12	267	315395	771557	0
Bakhasar	28	274	247650	711170	0
Bakhasha	33	644	274025	778955	0
Bakhat Dih	33	269	272040	823101	0
Bakhat Khera	33	654	262668	808695	0
Bakhat Singh	33	637	265623	814071	0
Bakhatgarh	19	202	222797	762049	0
Bakhatgarh	19	153	220536	741433	0
Bakhatgarh	19	648	228021	766323	0
Bakhatia Tana	34	692	297394	797660	0
Bakhatpur	33	445	271135	792260	0
Bakhatpur	33	445	271362	791967	0
Bakhatpur	33	496	271518	832082	0
Bakhatpur	27	468	319787	752129	0
Bakhatpura	19	462	250701	792461	0
Bakhatpura	19	16	235929	764655	0
Bakhatpura	19	16	239316	769060	0
Bakhatpura	28	263	262624	742202	0
Bakhauli Purwa	33	522	270915	819483	0
Bakhaun	12	267	314213	773610	0
Bakhaundi	33	694	253154	834891	0
Bakhaura	33	451	281712	796903	0
Bakhaura	33	659	270153	802399	0
Bakhauri	33	488	272189	807738	0
Bakhdail	12	460	312211	770328	0
Bakhdog	12	267	315372	770467	0
Bakher	19	16	238320	765875	0
Bakhera	19	638	247175	793121	0
Bakhera Kalan	19	502	242346	797336	0
Bakheri	12	267	313527	771882	0
Bakhesh	12	267	314938	770517	0
Bakhesri	4	106	246375	853412	0
Bakheta	11	689	289213	768122	0
Bakhi	4	510	257302	860924	0
Bakhi Adwar	12	348	327738	760437	0
Bakhi Purwa	33	659	274283	802350	0
Bakhiapur	33	522	270706	817502	0
Bakhiapur	33	522	269339	819373	0
Bakhiar	12	460	311964	770045	0
Bakhira	33	623	269087	831001	0
Bakhiwala	13	640	334476	746910	0
Bakhlauni	12	267	315424	769775	0
Bakhleta	19	337	238723	800640	0
Bakhli	11	482	300227	765182	0
Bakhli	12	267	316686	770817	0
Bakhli	34	589	297547	791106	0
Bakhli	34	413	298651	791046	0
Bakhli	34	413	298242	791469	0
Bakhli	34	413	298793	793596	0
Bakhliyon	34	413	295380	792021	0
Bakhlog	12	39	320464	768377	0
Bakhlot	12	267	315410	770460	0
Bakhluyar	12	267	315431	771954	0
Bakhnao	12	653	314338	774372	0
Bakhog	12	460	310654	773286	0
Bakhog	12	514	309697	774314	0
Bakhoga	13	477	327234	757300	0
Bakhohal	12	267	313921	771246	0
Bakhol	12	460	311068	774907	0
Bakholi	19	322	262196	785932	0
Bakholi	12	460	312285	778263	0
Bakhonda	12	653	314943	773736	0
Bakhora	33	561	253732	826205	0
Bakhorapur	4	363	256688	846883	0
Bakhorapur	4	106	246324	853207	0
Bakhori	4	106	246354	854744	0
Bakhori Batnam	4	505	247782	864910	0
Bakhori Bigha	4	734	251308	846960	0
Bakhoridera	14	678	239292	841715	0
Bakhota	12	514	308517	773601	0
Bakhpur	34	617	289084	795520	0
Bakhr	33	637	266307	816453	0
Bakhra	4	381	260248	850975	0
Bakhra	35	4	223963	882082	0
Bakhra	33	479	259943	828289	0
Bakhra	33	694	252955	830519	0
Bakhra	33	27	257257	834427	0
Bakhra	33	152	268776	823122	0
Bakhra	33	515	266646	836787	0
Bakhra	4	396	251053	871568	0
Bakhra	4	507	251122	850969	0
Bakhra Buzurg	4	687	259136	852693	0
Bakhra Dihwa	33	575	262692	823441	0
Bakhra Khurd	4	687	259058	852711	0
Bakhraha	4	457	272505	842900	0
Bakhraiti	33	314	268786	834415	0
Bakhral	12	460	312233	775408	0
Bakhral	12	460	310875	771916	0
Bakhras	12	267	314831	770915	0
Bakhras	12	267	313855	771615	0
Bakhraua	33	152	269325	823631	0
Bakhrauli	33	522	269919	824116	0
Bakhraur	4	675	263334	846341	0
Bakhraur Jaddi	4	675	263647	845252	0
Bakhraur Pachpatia	4	675	263635	845187	0
Bakhraut	12	267	313865	771789	0
Bakhrauta	12	348	323720	765082	0
Bakhrel	12	460	311164	774952	0
Bakhri	33	654	262419	809946	0
Bakhri	4	615	260307	843862	0
Bakhri	4	457	271600	844221	0
Bakhri	33	515	263259	840858	0
Bakhri	4	675	265371	843856	0
Bakhri	4	382	268637	849930	0
Bakhri	4	382	264418	848882	0
Bakhri	4	675	262270	848551	0
Bakhri	4	136	259861	858122	0
Bakhri	4	136	257482	860994	0
Bakhri	4	636	258207	866339	0
Bakhri	4	632	259508	868773	0
Bakhri	4	632	256410	868760	0
Bakhri	4	602	255081	873019	0
Bakhri	4	381	259764	854656	0
Bakhri	4	457	272951	844453	0
Bakhri Ailoth	4	136	258072	857445	0
Bakhri Buzurg	4	136	257940	857402	0
Bakhri Chak	4	687	259275	851975	0
Bakhri Dua	4	687	258518	854453	0
Bakhri Mahesh	4	382	264015	849718	0
Bakhri Milik	4	641	263337	874520	0
Bakhri Subain	4	687	257128	853781	0
Bakhri Sultan	4	687	258539	854661	0
Bakhria	33	645	266503	797371	0
Bakhria	33	152	268925	827009	0
Bakhria	33	152	266648	828641	0
Bakhriha	33	314	270889	831482	0
Bakhritoli	14	310	233376	845475	0
Bakhritoli	14	476	226837	843901	0
Bakhriya	4	363	256038	846118	0
Bakhro	12	267	313155	772784	0
Bakhrorigaon	34	589	299246	786566	0
Bakhroti	34	589	296135	790560	0
Bakhrutola	6	455	209710	805540	0
Bakhrutu	12	267	315804	771790	0
Bakhsawan	33	31	267257	813328	0
Bakhsh	33	593	275618	791267	0
Bakhsh	33	479	260245	827561	0
Bakhsh Khera	33	444	250996	804276	0
Bakhsh Khera	33	654	264719	812075	0
Bakhsh Murao Pura	33	522	273688	819619	0
Bakhsh Purwa	33	152	267627	828131	0
Bakhsh Singh	33	522	273035	817365	0
Bakhsh Singh Purwa	33	282	276950	815108	0
Bakhsha	33	33	257884	825694	0
Bakhsha	33	27	255269	834624	0
Bakhshanpur	33	31	266007	813200	0
Bakhshanpur	33	553	292255	785104	0
Bakhshapur	33	532	264684	829237	0
Bakhshapur	33	532	264647	829293	0
Bakhshawa	33	522	271243	821274	0
Bakhshgarh	33	637	263042	816349	0
Bakhshi Ahir	33	488	273432	813644	0
Bakhshi Bhari	33	522	269474	823638	0
Bakhshi ka Purwa	33	626	253638	813321	0
Bakhshi Khera	33	654	265173	811676	0
Bakhshi Khera	33	685	270574	807748	0
Bakhshi Khurd	33	584	254520	818842	0
Bakhshi Pura	33	282	275839	816088	0
Bakhshi Purwa	33	522	270635	818967	0
Bakhshipur	33	682	273837	786899	0
Bakhshipur	33	496	272208	836445	0
Bakhshipur	33	479	262649	833161	0
Bakhshipur	33	488	277361	809519	0
Bakhshipur	33	659	275493	800064	0
Bakhshipur Khas	33	682	273862	787697	0
Bakhshipura	33	515	264933	836588	0
Bakhshiwala	27	680	298476	757615	0
Bakhshiwala	27	571	300925	757815	0
Bakhshiwala	27	543	304029	763085	0
Bakhshiwala	27	543	305293	765452	0
Bakhshpur	33	479	258780	828875	0
Bakhshpur	33	698	258518	809256	0
Bakhshpur	33	301	265350	809447	0
Bakhshpur	33	532	263891	826353	0
Bakhshpur	33	479	260774	828471	0
Bakhshpur	33	479	260624	829433	0
Bakhshpur	33	656	288147	797053	0
Bakhshpur	33	656	286540	798164	0
Bakhshrai	33	686	268734	794081	0
Bakhshu	33	637	260539	818624	0
Bakhshupur	33	27	256971	833240	0
Bakhshupur	33	575	261414	823794	0
Bakhshupur	33	564	261543	836247	0
Bakhshupur	33	27	255974	835872	0
Bakhshupur	33	31	269120	815678	0
Bakhsipura	28	472	277475	760244	0
Bakhspur	33	661	274846	796893	0
Bakhsuka	28	113	276199	770405	0
Bakht Khera	33	685	266082	810563	0
Bakht Khera	33	654	265207	811064	0
Bakht Khera	33	654	264279	813107	0
Bakht Khera	33	488	272072	808614	0
Bakht Purwa	33	488	276081	810926	0
Bakht Purwa	33	522	269479	819216	0
Bakht Singh Purwa	33	654	262946	811102	0
Bakhtal	19	648	232505	770125	0
Bakhtar	33	417	251191	791745	0
Bakhtar	33	33	260864	826315	0
Bakhtar	4	734	251290	845767	0
Bakhtara	27	571	303150	760700	0
Bakhtari	27	571	303023	760749	0
Bakhtari	19	512	245281	801988	0
Bakhtari	4	734	252091	846816	0
Bakhtauli	4	615	261562	846563	0
Bakhtaur Khap	14	379	240373	849020	0
Bakhtaura	4	382	268803	849391	0
Bakhtaura	4	117	245054	849214	0
Bakhtaura	4	582	250533	870910	0
Bakhtaurapur	33	548	269265	798479	0
Bakhtaurdih	4	117	242984	845001	0
Bakhtauri Purwa	33	282	275560	813755	0
Bakhtauri Purwa	33	282	276081	813456	0
Bakhtauripur	33	685	270382	806173	0
Bakhtawar	33	522	270125	818274	0
Bakhtawar	33	522	270979	816025	0
Bakhtawar	33	522	270709	817367	0
Bakhtawar	33	282	275923	814934	0
Bakhtawar	33	282	275834	814941	0
Bakhtawar Chak	33	282	274822	817391	0
Bakhtawar ka Purwa	33	584	255406	818407	0
Bakhtawar Khera	33	654	265494	811042	0
Bakhtawar Khera	33	654	264350	812014	0
Bakhtawar Khera	33	654	264566	811868	0
Bakhtawar Khera	33	659	271180	805092	0
Bakhtawar Misr	33	522	269718	820084	0
Bakhtawar Purwa	33	31	266314	812427	0
Bakhtawar Purwa	33	654	263017	813079	0
Bakhtawar Purwa	33	637	262680	813942	0
Bakhtawar Purwa	33	282	274231	817505	0
Bakhtawar Purwa	33	269	272773	822869	0
Bakhtawar Purwa	33	488	274383	809478	0
Bakhtawar Purwa	33	282	278839	813785	0
Bakhtawar Purwa	33	659	277302	800747	0
Bakhtawar Purwa	33	659	273748	801195	0
Bakhtawardhemra	28	263	259199	738179	0
Bakhtawarganj	33	451	276090	795258	0
Bakhtawarganj	33	564	259820	835401	0
Bakhtawarganj	4	687	259220	853150	0
Bakhtawarnagar	33	654	265478	812031	0
Bakhtawarnagar	33	637	265599	816685	0
Bakhtawarnagar	33	31	270539	810834	0
Bakhtawarpur	34	430	303960	779026	0
Bakhtawarpur	33	566	285332	773524	0
Bakhtawarpur	11	466	290543	771173	0
Bakhtawarpur	33	450	269320	799925	0
Bakhtawarpur	33	488	277376	810586	0
Bakhtawarpur	33	654	265810	812174	0
Bakhtawarpur	33	575	263243	819692	0
Bakhtawarpur	33	654	261192	810651	0
Bakhtawarpur	33	496	271477	831969	0
Bakhtawarpur	4	117	246553	852581	0
Bakhtawarpura	11	415	288554	756179	0
Bakhtawarpura	28	288	282037	755585	0
Bakhtawarpura	28	360	290940	735889	0
Bakhtawarpura	28	428	261783	746516	0
Bakhtawarpura	19	16	238826	767950	0
Bakhtawarpura	19	16	237909	768585	0
Bakhtawarpura	28	263	264250	742119	0
Bakhtawarpura	28	428	263209	743460	0
Bakhtawarpura	28	402	250814	743401	0
Bakhtgarh	19	129	229629	752015	0
Bakhtgarh	27	696	304553	754387	0
Bakhti Nagla	33	593	278246	791116	0
Bakhtiara	33	626	256903	813176	0
Bakhtiara	33	584	253618	822567	0
Bakhtiarpur	33	278	268724	791245	0
Bakhtiarpur	4	727	255036	865765	0
Bakhtiarpur	4	136	259885	857002	0
Bakhtiarpur	33	312	278178	803813	0
Bakhtiarpura	19	16	235408	764953	0
Bakhtiyarpur	33	451	281008	799606	0
Bakhtiyarpur	4	112	250099	845387	0
Bakhtiyarpur	4	112	250560	847311	0
Bakhtiyarpur	4	112	249909	846796	0
Bakhtlarpur	33	661	275296	793909	0
Bakhtori Khera	33	685	265732	809881	0
Bakhtori Khera	33	301	264523	809625	0
Bakhtpur	33	116	278969	790034	0
Bakhtpur	33	116	279758	793879	0
Bakhtpur	33	637	263061	817773	0
Bakhtpur	33	575	262799	819075	0
Bakhtpur	12	39	323980	758955	0
Bakhtpur	4	510	254614	860566	0
Bakhtpura	28	463	274113	762492	0
Bakhtpura	28	463	275403	765065	0
Bakhtpura	28	402	250575	745747	0
Bakhtpura	28	550	251420	740876	0
Bakhtupura	33	526	269968	779491	0
Bakhtyarpur	33	451	279878	798031	0
Bakhu Pir	27	571	303051	760656	0
Bakhul	19	607	240937	823008	0
Bakhun	12	653	314146	775104	0
Bakhupur	33	33	258044	823206	0
Bakhupur	33	584	254053	819991	0
Bakhusar	28	296	287188	741673	0
Bakhuwal	27	544	315713	754091	0
Bakhuwali	11	563	295473	752989	0
Bakhwan	33	488	274192	811787	0
Baki	12	267	317269	770257	0
Baki	19	646	245851	822468	0
Baki	20	168	210544	801464	0
Baki	19	129	224397	748252	0
Baki	19	129	222563	749139	0
Baki	15	333	137738	750870	0
Baki Chak	4	117	247267	851242	0
Bakia	33	451	278247	798568	0
Bakia	33	33	256032	826415	0
Bakia	19	607	245844	825494	0
Bakia	33	522	270606	816922	0
Bakia	4	602	255181	873248	0
Bakia Bailotola	19	313	246900	811546	0
Bakia Diara	4	602	253688	874467	0
Bakia Ladhhrampur	33	479	260293	829934	0
Bakia Sukhai	4	602	254171	874674	0
Bakia Tiwariantola	19	313	246876	811685	0
Bakia Unchawatola	19	313	246999	811521	0
Bakiabad	4	567	250922	859872	0
Bakidar	15	55	130339	754246	0
Bakigudatola	19	142	220908	807528	0
Bakihakar	13	0	344153	742481	0
Bakikama	25	373	201322	843373	0
Bakikol	4	602	255352	874253	0
Bakin Purwa	33	522	271360	816440	0
Bakinagar	33	659	271211	805958	0
Bakingia	25	373	200943	842747	0
Bakipur	11	439	298957	769462	0
Bakipur	33	445	272624	792226	0
Bakipur	33	553	290859	781061	0
Bakipur	33	479	260145	831096	0
Bakipur	4	112	248269	843539	0
Bakipur Khas	33	626	255455	816037	0
Bakipur Sabharia	33	479	261221	831609	0
Bakirabad	33	688	258836	814343	0
Bakirpur	11	664	304252	771124	0
Bakitola	20	168	212298	801695	0
Bakivandlapalle	1	190	141431	786147	0
Bakiya	19	497	246981	819671	0
Bakiya	25	281	219673	857340	0
Bakjuri	35	432	226217	886543	0
Bakka	19	443	218883	775877	0
Bakkadichannanapalya	15	92	136783	772417	0
Bakkal	12	348	324876	763299	0
Bakkal	15	59	147149	747447	0
Bakkalingayapalli	31	448	164442	790601	0
Bakkamantulagudem	31	241	168258	798649	0
Bakkan	19	324	243298	774597	0
Bakkannagaripalle	1	221	143331	783687	0
Bakkar	19	142	217047	803996	0
Bakkaravalli	15	652	130694	757618	0
Bakkaravalli	15	652	130797	758547	0
Bakkareddipalle	1	190	134690	784250	0
Bakkemane	15	59	144515	748344	0
Bakkhapur	33	33	259017	825571	0
Bakki	15	97	130951	755944	0
Bakkireddipalem	1	195	156283	797670	0
Bakkireddipalle	1	190	141291	785823	0
Bakkulamittapalli	1	207	136281	790488	0
Bakkupeta	1	194	186565	833404	0
Bakla	35	404	263884	897594	0
Bakla	33	174	276642	777909	0
Bakla	6	365	215462	823782	0
Bakladih	25	683	216858	847278	0
Baklaha	33	314	265616	833470	0
Baklatola	4	381	259481	856191	0
Baklavanpalli	31	306	167029	779330	0
Baklhain	12	460	313245	775103	0
Bakli	20	156	182521	768340	0
Bakli	28	298	254463	743676	0
Bakli ka Khera	28	298	254595	743650	0
Bakliguda	25	108	186077	822276	0
Baklikhunti	25	572	202211	826145	0
Baklipali	6	611	215989	826727	0
Baklitola	6	642	206995	810900	0
Baklolbigha	4	112	245536	843579	0
Bakma	6	393	210520	821369	0
Bakma	6	393	209874	824077	0
Bakmandar	4	569	259621	860311	0
Bakmaruni	25	281	217587	855708	0
Bakna Khera	33	685	270083	806954	0
Baknaha	4	394	251097	843475	0
Baknan Ka Purwa	19	638	248074	797072	0
Baknare ka Pura	19	322	263698	783484	0
Baknasa	19	322	265195	782458	0
Baknasapura	19	322	265172	782378	0
Baknaur	11	664	302544	766639	0
Baknawal	12	460	311223	775249	0
Baknir	13	477	325474	756424	0
Baknor	27	665	322051	754404	0
Baknu	12	653	314649	776647	0
Baknur	15	77	157529	743479	0
Bakoda	19	142	219223	800579	0
Bakodi	19	325	226507	789165	0
Bakoi	33	444	250314	803618	0
Bakoia	14	379	242629	850267	0
Bakoia	14	673	239606	841747	0
Bakol	19	325	220812	785378	0
Bakol	19	325	219912	786473	0
Bakol	33	688	258363	814885	0
Bakoli	33	278	268742	792213	0
Bakoli	33	698	260429	807562	0
Bakoni	12	348	326871	761204	0
Bakopatti	4	457	270062	842717	0
Bakor	10	140	233422	736059	0
Bakor	13	559	328071	745620	0
Bakora	19	354	221122	799659	0
Bakora	19	461	225336	804158	0
Bakora	19	354	223671	794161	0
Bakora	34	533	292308	801846	0
Bakorai	30	114	112773	766507	0
Bakori	6	627	207016	818624	0
Bakori	19	503	228418	793596	0
Bakori	19	503	229621	794804	0
Bakori	19	354	219658	795901	0
Bakori	19	461	227239	803717	0
Bakori	19	142	216581	800262	0
Bakori	19	142	216445	800327	0
Bakoria	34	533	291723	800161	0
Bakoria	14	673	238981	843074	0
Bakot	31	346	191677	779622	0
Bakotoli	14	476	226186	842523	0
Bakpali	25	372	207391	841814	0
Bakpantari	25	281	215681	857401	0
Bakra	28	330	252534	724566	0
Bakra	14	562	224820	864869	0
Bakra	13	573	341865	748389	0
Bakra	28	288	280477	754048	0
Bakra	4	394	253066	841473	0
Bakra	4	590	259723	876273	0
Bakra	4	495	253376	856706	0
Bakrabad	33	33	256494	827532	0
Bakrabad	33	27	255850	835219	0
Bakrabil	14	633	243012	876688	0
Bakradangi	4	641	262417	876519	0
Bakradeo	28	22	243365	735172	0
Bakradih	14	434	241614	859641	0
Bakragachhi	35	587	257723	879666	0
Bakrah	11	586	287078	765304	0
Bakraha	33	282	276406	813451	0
Bakrahesa	14	416	230532	854651	0
Bakrahi	14	379	241944	846949	0
Bakrai	33	593	277010	789315	0
Bakrai	33	593	276548	789598	0
Bakrai	33	621	255856	794772	0
Bakrakonatoli	14	310	230873	843575	0
Bakral	27	284	319045	758365	0
Bakralwala	34	430	303295	780398	0
Bakramundi	19	142	215052	805682	0
Bakramundi	19	461	225264	811475	0
Bakrapur	33	532	264981	827787	0
Bakrapur	33	532	264498	829862	0
Bakrapur	33	31	271873	810852	0
Bakrarwan	12	39	320610	757001	0
Bakras	12	514	306679	775855	0
Bakrathi	34	692	297879	799894	0
Bakraur	4	117	246954	850030	0
Bakrawan	33	584	252455	818181	0
Bakri	33	564	259459	834328	0
Bakri	33	564	259545	834218	0
Bakri	12	39	323062	758411	0
Bakri Pachrukhiya	4	457	272645	843152	0
Bakrialu-ki-Patli	34	533	291441	800127	0
Bakridan	33	496	271577	835120	0
Bakridih	4	117	244052	843739	0
Bakridihi	25	262	217239	848283	0
Bakrikona	14	476	227596	843244	0
Bakritoli	14	476	225090	844909	0
Bakriwali	11	563	294189	750114	0
Bakrol	10	155	225635	729091	0
Bakroli	34	589	299864	787371	0
Bakrowad	13	359	330720	751990	0
Baks Purwa	33	548	270800	799108	0
Baksa	4	382	267915	848268	0
Baksa	4	535	261280	864924	0
Baksaha	33	645	266861	797357	0
Baksahi	6	374	223190	822913	0
Baksahi	4	535	264417	862389	0
Baksai Kafan	33	152	268422	827204	0
Baksai Khurd	33	152	268378	827209	0
Baksaid	12	267	315623	771236	0
Baksainda	33	584	255909	819612	0
Baksama	25	546	217034	843785	0
Baksana	19	129	226317	755118	0
Baksanda	4	520	258909	849992	0
Baksanr	4	112	249114	846659	0
Baksar	33	724	287643	780032	0
Baksar	33	152	267463	827090	0
Baksar Khalsa	33	116	280057	788131	0
Baksara	33	27	254321	837709	0
Baksara	4	394	251399	838381	0
Baksara	33	242	253689	829439	0
Baksara	33	575	262581	825662	0
Baksara	4	597	254538	840120	0
Baksara	14	570	247944	871226	0
Baksara Agyaram	33	522	270359	821898	0
Baksara Thakur	33	522	270443	821928	0
Baksari	33	152	268454	823466	0
Baksaria	33	269	273020	824305	0
Baksaria Grant	33	522	270656	825500	0
Baksarian ka Pura	33	584	251703	818400	0
Baksarwala	34	430	301994	781382	0
Baksaundhi	33	645	262887	796514	0
Baksaura	34	617	292431	789029	0
Baksaura	34	617	292456	789115	0
Baksaura	34	617	292319	789019	0
Baksauri	33	314	265203	835156	0
Baksawan	4	687	258758	853843	0
Baksaya	33	282	279789	813938	0
Baksela	33	522	270044	818786	0
Baksena	33	116	279677	793678	0
Baksend	33	584	251516	822889	0
Bakser	12	267	316876	771969	0
Bakser	12	267	316900	772295	0
Baksha	33	523	277357	778514	0
Bakshanpur	4	505	249764	860937	0
Bakshar	12	267	313004	771583	0
Baksheu	28	296	275942	738061	0
Bakshi	33	515	263323	841102	0
Bakshi Bigha	4	112	247131	847001	0
Bakshi Jot	33	623	265756	828824	0
Bakshi ka Purwa	19	638	247617	794200	0
Bakshi ka Purwa	33	444	251374	805343	0
Bakshi Mohda	33	584	254019	818038	0
Bakshidih	14	541	234824	855760	0
Bakshiguda	31	300	174514	785821	0
Bakshipeta	25	273	198998	831759	0
Bakshipura	13	588	341329	747269	0
Bakshipura	19	459	264145	782637	0
Bakshir Hat	35	404	263242	897695	0
Bakshiwala	33	553	293717	781514	0
Bakshpur	33	698	258943	807921	0
Bakshpura	28	321	245335	761925	0
Bakshukheri	19	309	233772	763695	0
Baksi	19	326	232443	784609	0
Baksi	19	354	225150	794662	0
Baksi	19	354	225014	800170	0
Baksi	19	354	226276	801693	0
Baksi	14	379	240755	848586	0
Baksi	14	740	235013	846958	0
Baksi	14	740	234888	846958	0
Baksi	14	740	234493	848590	0
Baksi Dabra	14	673	240693	841863	0
Baksi ka Purwa	33	688	256302	815464	0
Baksi Purwa	33	548	270496	799859	0
Baksi Tola	19	354	226202	801727	0
Baksidih	14	643	241197	869687	0
Baksidih	14	732	240882	855318	0
Baksidih	14	732	240136	855510	0
Baksidih	14	434	241810	862760	0
Baksigarja Saran	14	434	242189	864954	0
Baksila	4	505	244393	864832	0
Baksipur	14	712	244808	836033	0
Baksipura	20	78	212623	760230	0
Baksohi	19	638	246257	795348	0
Baksori	33	688	260049	819038	0
Baksoti	4	106	248038	856220	0
Bakspur	14	310	230091	847657	0
Bakspur	14	310	229597	844849	0
Bakspura	33	584	253984	822616	0
Baksu	4	495	250544	854866	0
Baksu Piplia	19	311	229383	763794	0
Baksuar	34	413	294605	798291	0
Baksuar	4	636	259528	864688	0
Baksuati	34	530	293156	797936	0
Baksur	14	570	251630	874123	0
Baksuri	33	661	274467	795158	0
Bakswah	19	338	236082	786790	0
Bakswaha	19	638	246603	793994	0
Bakta	33	619	253324	810084	0
Bakta	33	314	267535	832335	0
Bakta Khurd	33	619	254857	811617	0
Baktai	33	33	256111	830200	0
Baktal	6	388	219038	829457	0
Baktala	19	129	223857	749660	0
Baktar	33	370	248006	783978	0
Baktara	19	648	229054	780167	0
Baktara	6	299	210831	817356	0
Baktara	6	299	212417	818164	0
Baktaria	19	239	215872	751007	0
Baktaura	19	638	251429	801836	0
Baktauri Khera	33	685	266374	810412	0
Baktawng	23	13	235366	928467	0
Baktha	19	337	239531	805562	0
Baktharahalli	1	426	138793	772996	0
Bakthaurwa	33	522	272210	819927	0
Bakti	19	461	229538	799945	0
Bakti	20	168	209122	800127	0
Bakti	25	478	212182	837658	0
Baktiarpur	14	633	243327	877202	0
Baktindev	19	446	219874	771663	0
Baktu Ka Bas	28	463	274199	768117	0
Baktua	4	112	246753	841182	0
Baktui	35	347	241631	877923	0
Baktuni	19	630	246816	753173	0
Bakua	4	581	254204	849726	0
Bakuar	4	535	263912	862009	0
Bakuchi	33	33	260334	827060	0
Bakuchi	33	623	268593	830556	0
Bakuchi	33	314	265965	831599	0
Bakuchi	33	515	262201	838635	0
Bakuchi Dih	33	564	259338	836619	0
Bakuchia Rudalpur	4	457	269030	844051	0
Bakuchiya	33	561	253956	825541	0
Bakudi	14	442	249333	877833	0
Bakui	33	522	269347	822177	0
Bakui Khurd	33	522	271339	824898	0
Bakui Khurd	33	522	270600	824698	0
Bakul	35	340	226533	881272	0
Bakula Khoh	4	394	250753	842208	0
Bakulaban	14	678	236139	843039	0
Bakulaha	19	512	243845	801905	0
Bakulaha	33	516	258216	838378	0
Bakulahar	4	457	269337	845847	0
Bakulahi	6	365	217949	820454	0
Bakulahi	33	314	266438	831663	0
Bakulahi	33	688	258533	819770	0
Bakulahia	4	457	272256	846055	0
Bakulahiya	4	457	270375	843815	0
Bakulari	4	615	262197	840308	0
Bakulbhar	33	564	259600	834662	0
Bakulha	33	654	262343	808582	0
Bakulha	33	539	269269	839646	0
Bakulha	4	457	268816	846027	0
Bakulhar	33	539	266520	840251	0
Bakulhar Khurd	33	539	266525	840309	0
Bakulia	33	584	251122	822339	0
Bakulia	33	33	256401	829506	0
Bakulia	4	675	265982	843417	0
Bakuliha	33	584	251735	816411	0
Bakuluru	1	258	175772	823658	0
Bakundanahalli	15	652	132950	760948	0
Bakur	19	443	220689	781316	0
Bakur	19	443	215993	777900	0
Bakura	1	258	180323	824284	0
Bakuraha	33	626	253341	814839	0
Bakuraha	33	152	267113	827953	0
Bakurdhana	19	443	216026	777770	0
Bakuri	10	130	220317	693433	0
Bakurramura	6	285	206005	822635	0
Bakuti	25	373	199939	836251	0
Bakutoli	14	310	230397	847525	0
Bakutoli	14	310	229011	848956	0
Bakutra	10	231	238107	711787	0
Bakuwan	33	417	257139	788676	0
Bakuwanon	33	280	272008	829951	0
Bakvadi	19	239	219211	752677	0
Bakwa	19	646	241845	818104	0
Bakwa	33	595	276973	820430	0
Bakwa	33	515	264885	836415	0
Bakwa	33	659	271166	807405	0
Bakwa	4	520	261058	848505	0
Bakwa	33	516	258588	842321	0
Bakwa	4	535	260601	864125	0
Bakwa	4	457	272551	843283	0
Bakwa Chak	14	570	250125	872634	0
Bakwa Dargah	33	522	270698	824798	0
Bakwa Dih	33	31	268873	815902	0
Bakwaguda	6	578	193043	820750	0
Bakwal	33	564	259029	835695	0
Bakwan Khurd	19	462	254574	788393	0
Bakwar	33	102	246995	832372	0
Bakwara	19	208	240181	780182	0
Bakwara	19	142	222707	801735	0
Bakwara	33	654	262139	813516	0
Bakyori	12	514	307387	772072	0