Barasat	35	432	227215	884820	298127
Baranagar	35	432	226413	883773	260072
Barakpur	35	432	227660	883634	148174
Baran	28	487	251000	765167	117992
Baraut	33	458	291020	772633	93544
Baramula	13	289	342090	743429	77276
Barauni	4	510	254709	859760	71660
Baramati	20	52	181517	745777	54415
Barauli	4	675	263811	845865	41877
Barara	11	664	302147	770403	21545
Bara Uchana	11	353	294675	761780	16815
Baralota	14	673	240402	840807	14880
Baragaon	33	242	254294	828171	11362
Barauni	19	484	256851	783754	10309
Baragaon	19	462	245682	790185	9282
Barauda	19	547	235575	752489	8700
Baragaon	33	417	254755	787122	8655
Barajamda	14	276	221649	854272	8629
Bara Bazar	35	122	225667	883500	7985
Baral	28	428	259185	746294	6344
Baramkela	6	611	215649	832611	5600
Bara	4	117	248058	847899	5185
Bara	19	420	256115	777047	0
Bara	4	-1	255118	838535	0
Bara	33	584	252531	817168	0
Bara	4	396	252158	873731	0
Bara	28	330	251475	724572	0
Bara	19	512	249251	801689	0
Bara	4	117	246286	849393	0
Bara	14	643	243759	871842	0
Bara	14	562	228000	862333	0
Bara	35	268	227633	882675	0
Bara	12	604	312177	770127	0
Bara	33	445	271502	792993	0
Bara	19	338	240318	791514	0
Bara	19	638	249776	794033	0
Bara	12	267	316156	771185	0
Bara	12	267	315372	772101	0
Bara	12	267	314054	770421	0
Bara	12	460	313164	775557	0
Bara	12	604	309785	770523	0
Bara	12	514	307552	772976	0
Bara	12	514	307903	774523	0
Bara	12	514	307369	777202	0
Bara	28	679	263940	764026	0
Bara	28	429	267889	768420	0
Bara	28	679	269175	769620	0
Bara	28	22	242265	736917	0
Bara	28	428	264466	747860	0
Bara	11	425	297192	756232	0
Bara	11	327	291442	759846	0
Bara	33	531	287556	791235	0
Bara	19	459	263050	778184	0
Bara	19	322	264842	782530	0
Bara	27	543	304754	762796	0
Bara	27	704	309175	765217	0
Bara	11	664	302962	767995	0
Bara	33	445	272806	791804	0
Bara	19	459	262630	777263	0
Bara	28	599	267615	778440	0
Bara	33	710	259916	796549	0
Bara	33	621	256233	796019	0
Bara	33	591	251980	798130	0
Bara	19	638	250601	799437	0
Bara	19	30	213373	763182	0
Bara	19	484	259964	785743	0
Bara	33	564	259793	836007	0
Bara	33	698	259135	804265	0
Bara	19	313	247350	811246	0
Bara	19	497	246612	811842	0
Bara	19	497	246637	811906	0
Bara	19	497	246541	811868	0
Bara	19	497	247842	814680	0
Bara	19	497	246058	813277	0
Bara	19	497	246112	817380	0
Bara	19	497	249928	817544	0
Bara	19	313	244248	811617	0
Bara	19	313	246803	806611	0
Bara	33	33	259767	826714	0
Bara	19	313	246749	807961	0
Bara	19	313	245305	809052	0
Bara	33	584	253026	821566	0
Bara	19	337	240479	806235	0
Bara	19	607	245538	825978	0
Bara	33	488	275463	811820	0
Bara	13	289	340296	740097	0
Bara	19	313	247623	809625	0
Bara	19	313	243763	808639	0
Bara	19	336	240109	809151	0
Bara	33	626	253577	814323	0
Bara	33	605	266399	824246	0
Bara	33	516	260868	837780	0
Bara	33	516	260981	837866	0
Bara	13	35	332981	756486	0
Bara	13	690	325724	750584	0
Bara	13	477	327121	755675	0
Bara	27	355	311567	752771	0
Bara	12	348	324637	762018	0
Bara	28	550	251977	738818	0
Bara	12	39	322076	761010	0
Bara	12	348	328424	762582	0
Bara	12	604	311612	767268	0
Bara	12	604	310616	766269	0
Bara	27	624	306133	763811	0
Bara	27	624	307066	765347	0
Bara	10	170	231836	741046	0
Bara	34	589	298285	789930	0
Bara	25	478	215793	833876	0
Bara	33	654	260722	815491	0
Bara	25	108	186807	821099	0
Bara	4	363	255842	845745	0
Bara	4	363	253846	846671	0
Bara	4	734	252930	847190	0
Bara	28	298	251653	740756	0
Bara	28	22	241837	741465	0
Bara	34	617	288664	796035	0
Bara	4	581	254162	848215	0
Bara	4	581	252952	849608	0
Bara	4	581	254492	849951	0
Bara	4	734	251968	847886	0
Bara	4	734	251222	847952	0
Bara	4	507	251875	849942	0
Bara	4	112	245409	840865	0
Bara	4	112	245162	841363	0
Bara	4	112	245686	841415	0
Bara	4	112	245964	841037	0
Bara	4	112	247217	841243	0
Bara	4	112	246037	842257	0
Bara	4	363	256166	844776	0
Bara	4	112	248961	844189	0
Bara	14	673	243951	842955	0
Bara	14	673	240942	842974	0
Bara	4	112	247080	845509	0
Bara	4	117	246469	846266	0
Bara	4	117	245360	847311	0
Bara	4	117	244170	845488	0
Bara	14	-1	243249	845166	0
Bara	14	379	243063	846667	0
Bara	4	117	244249	846282	0
Bara	14	379	244165	847377	0
Bara	14	379	240458	851123	0
Bara	4	117	244977	850172	0
Bara	4	117	247301	852435	0
Bara	4	117	245811	850586	0
Bara	4	117	246980	851539	0
Bara	4	117	247298	852154	0
Bara	14	379	242652	851850	0
Bara	4	117	249439	853041	0
Bara	4	106	248154	854691	0
Bara	4	117	246792	853047	0
Bara	4	106	246139	854792	0
Bara	14	732	243728	852780	0
Bara	14	732	243601	852725	0
Bara	14	454	244350	854454	0
Bara	4	106	248498	856606	0
Bara	4	569	259558	860739	0
Bara	4	136	258314	861990	0
Bara	4	510	257035	860314	0
Bara	4	567	251499	862297	0
Bara	4	636	259286	865237	0
Bara	4	518	250649	865017	0
Bara	33	710	260870	791251	0
Bara	4	112	245599	843910	0
Bara	4	117	249913	848529	0
Bara	4	117	248752	849914	0
Bara	4	117	246301	847722	0
Bara	4	117	246626	847956	0
Bara	4	581	253254	851004	0
Bara	4	117	250488	851501	0
Bara	4	507	252471	850956	0
Bara	14	633	244123	877725	0
Bara	35	347	243135	879632	0
Bara	4	495	251149	853679	0
Bara	33	312	279246	801885	0
Bara	14	379	240503	849106	0
Bara	14	483	242484	867763	0
Bara	14	678	237875	848715	0
Bara	14	678	239182	848494	0
Bara	14	732	240933	857251	0
Bara	4	106	248822	858041	0
Bara	4	505	249743	858627	0
Bara	4	410	260527	866349	0
Bara	12	267	314792	772689	0
Bara	19	512	249256	802192	0
Bara	33	31	266386	813244	0
Bara	33	685	270096	809754	0
Bara	4	507	251351	850360	0
Bara	14	379	243418	847921	0
Bara Amni	25	281	217938	856253	0
Bara Amra	14	628	229976	859085	0
Bara Aruwan	14	628	228203	857828	0
Bara Badaur	19	497	245465	818188	0
Bara Badhai	33	312	279238	801622	0
Bara Bagh	33	389	269770	785815	0
Bara Bagh	28	428	264820	745681	0
Bara Bagia	33	637	263508	818583	0
Bara Bahari	33	488	274998	807510	0
Bara Baigna	4	590	257443	873341	0
Bara Baihk	13	0	345379	740211	0
Bara Bakad	35	400	234631	859029	0
Bara Bakra	35	432	227611	888848	0
Bara Bana	14	628	226398	859171	0
Bara Bandha	19	607	242843	821268	0
Bara Bandi	14	628	228692	857647	0
Bara Bandoniahal	27	704	309308	765095	0
Bara Bangahal	12	39	323259	768154	0
Bara Bangaon	14	442	250802	875845	0
Bara Bangurda	14	562	229644	864092	0
Bara Bankapara	25	372	208042	843245	0
Bara Banki	33	31	269238	811793	0
Bara Bankou	14	276	225778	856714	0
Bara Bara	28	331	267630	730740	0
Bara Barda	19	129	221095	751495	0
Bara Bariya	28	298	253476	742499	0
Bara Barma	14	570	250217	874162	0
Bara Barona	11	565	305725	770061	0
Bara Basko	14	633	246282	875448	0
Bara Bathan	27	624	307869	763679	0
Bara Bazar	33	242	253834	827360	0
Bara Bazari	3	601	244380	923222	0
Bara Bazidpur	28	429	267133	767425	0
Bara Beldiha	14	570	250091	872242	0
Bara Belma	14	276	220396	858851	0
Bara Belun	35	361	234045	879780	0
Bara Belwa	4	457	272007	842724	0
Bara Beri	10	205	244114	730088	0
Bara Bhai	27	545	308242	748124	0
Bara Bhainshkua	19	129	223906	755027	0
Bara Bharkol	28	463	273605	767368	0
Bara Bhedliya	19	317	223417	755286	0
Bara Bhitia	33	152	268528	824414	0
Bara Bhorai	14	570	250357	873807	0
Bara Bhundela	33	682	274458	784393	0
Bara Bhurta	25	372	205085	846348	0
Bara Bidingia	25	373	201743	843801	0
Bara Bigha	4	495	253463	853272	0
Bara Biran Khera	33	685	265611	809738	0
Bara Boarijor	14	570	250620	874761	0
Bara Bodada	25	527	203050	851904	0
Bara Bongiedisa	3	475	253653	932044	0
Bara Budh Singh	27	355	311785	752027	0
Bara Chain Singh	27	545	309177	750267	0
Bara Chak	19	324	247541	770861	0
Bara Chak	4	106	248974	856965	0
Bara Chakri	14	628	227535	857423	0
Bara Changru	14	541	233091	857792	0
Bara Chanp	4	675	265698	841922	0
Bara Chap	4	675	264423	840415	0
Bara Chatnia	14	442	250179	876375	0
Bara Chaunra	33	27	257187	838030	0
Bara Chaunta	27	704	309278	764619	0
Bara Chhai	13	1	338167	743083	0
Bara Chhap	4	675	264718	841327	0
Bara Chhari	13	1	338444	742528	0
Bara Chhatar	12	514	305530	776785	0
Bara Chhatar	33	522	269473	817512	0
Bara Chimta	35	4	222669	889111	0
Bara Chirra	33	116	279623	790642	0
Bara Chiru	14	276	226208	858382	0
Bara Cholhta	27	608	307152	766163	0
Bara Chunchuria	14	628	231012	858753	0
Bara Dakhli	4	687	259172	852282	0
Bara Dakla	25	380	205017	827330	0
Bara Damupura	11	88	301679	774160	0
Bara Dand	33	575	264970	817913	0
Bara Dand	33	575	264620	819231	0
Bara Dari	27	543	303397	763872	0
Bara Darma	14	570	250624	874382	0
Bara Daudpur	27	704	309472	763904	0
Bara Daulepahar	14	442	251550	876041	0
Bara Delana	28	296	285902	736128	0
Bara Deodanr	14	442	251650	875463	0
Bara Dhakansu	27	543	305085	766058	0
Bara Dholpur	25	277	207874	853766	0
Bara Digar	3	475	253741	933022	0
Bara Dih	33	196	251572	830377	0
Bara Dih	33	196	250472	830321	0
Bara Dih	33	694	252071	831220	0
Bara Dih	4	394	251762	838950	0
Bara Dih	4	394	250806	839069	0
Bara Dih	33	242	253753	827346	0
Bara Dih	33	515	261950	838768	0
Bara Dih	33	584	250745	816761	0
Bara Dih	33	654	261751	812542	0
Bara Dih	33	654	261088	813562	0
Bara Dih	4	381	262222	849691	0
Bara Dishhat	33	515	263128	837058	0
Bara Doana	14	628	226489	859771	0
Bara Dungar	10	170	230303	740547	0
Bara Dunwa	33	656	287401	797731	0
Bara Ferozepur	11	565	306951	768574	0
Bara Gadaidhab	14	442	250744	877273	0
Bara Gadharam	27	704	308885	764599	0
Bara Ganta	35	400	234301	859420	0
Bara Garh	11	664	304622	770664	0
Bara Ghaghra	14	541	233318	853432	0
Bara Ghar	27	480	307609	749901	0
Bara Ghotra	28	467	289511	749683	0
Bara Gidi	14	628	225299	859820	0
Bara Godiya	28	472	280554	749949	0
Bara Gudha	11	563	296987	750071	0
Bara Gudha	28	263	258432	738965	0
Bara Guira	14	276	225414	857471	0
Bara Guli	14	276	223438	859890	0
Bara Gundam	6	80	190497	805217	0
Bara Gunun	33	282	276123	816853	0
Bara Guraria	19	648	229862	765551	0
Bara Gutibera	14	442	252303	875907	0
Bara Harankol	14	442	251549	877357	0
Bara Hata	35	551	270816	881054	0
Bara Haveli Aimma	33	626	257422	813292	0
Bara Haveli Khalsa	33	626	257392	813241	0
Bara Hawala	28	22	245979	736557	0
Bara Hindol	25	546	210881	842622	0
Bara Hinso	25	399	207179	850355	0
Bara Holmano	28	463	279587	764882	0
Bara Hoti	34	179	308489	799628	0
Bara Hura	33	619	251538	806735	0
Bara Indpur	25	262	219108	853049	0
Bara Islam	27	355	310856	754696	0
Bara Ismailpur	4	663	251601	857676	0
Bara Istamrar	4	641	261193	876847	0
Bara Jalare	33	314	269413	831988	0
Bara Jamboni	14	276	221823	859496	0
Bara James Sahib	11	415	290605	759919	0
Bara Jaula	27	608	304822	768753	0
Bara Jhinkpani	14	276	223864	857228	0
Bara Jodha Singh	27	355	311662	751434	0
Bara Jorda	35	549	231716	868339	0
Bara Jot	33	522	270779	822588	0
Bara ka Purwa	19	638	247770	794925	0
Bara ka Purwa	19	512	249595	802078	0
Bara Kachna	14	633	246973	875399	0
Bara Kalan	33	523	277328	781840	0
Bara Kalan	19	313	241054	808030	0
Bara Kameti	25	527	203269	847929	0
Bara Kanjani	25	399	207479	850917	0
Bara Kankra	14	628	227295	859717	0
Bara Kantkul	25	399	206601	850884	0
Bara Kata	14	276	220773	859352	0
Bara Katan	19	497	246191	817348	0
Bara Katra	14	310	231376	841172	0
Bara Kautara	25	521	201483	852138	0
Bara Kendua	14	442	251454	875254	0
Bara Kera	14	570	250279	874582	0
Bara Kesal	14	276	227312	851776	0
Bara Kesho	33	661	273574	793916	0
Bara Khajuri	25	372	205159	845692	0
Bara Khandia	25	290	219154	839435	0
Bara Khar	4	117	245636	851904	0
Bara Kharka	33	621	257488	795120	0
Bara Kharon	28	428	263766	745472	0
Bara Khatanga	14	310	231316	845061	0
Bara Khelna	35	650	222420	876211	0
Bara Khera	34	617	290454	792473	0
Bara Khera	19	323	256074	765730	0
Bara Khera	28	298	252840	747451	0
Bara Khera	19	638	248063	799900	0
Bara Khera	28	402	251753	748900	0
Bara Khil	34	589	298268	784729	0
Bara Khola	12	39	321568	763254	0
Bara Khudda	11	664	303254	769043	0
Bara Khunta	25	368	217152	866343	0
Bara Khurd	33	523	277241	781842	0
Bara Khurd	19	313	241676	809228	0
Bara Khurd	4	106	248273	854583	0
Bara Khurd	4	112	245956	844317	0
Bara Khurd	4	495	252599	854325	0
Bara Khurd	4	495	252434	854180	0
Bara Khurddih	4	495	252541	854320	0
Bara ki Dhani	28	288	281149	754428	0
Bara ki Kholi	34	589	297940	787062	0
Bara Kiranwali Dhani	28	120	269926	757233	0
Bara Kirasira	25	297	209764	841543	0
Bara Koba	12	604	307959	770701	0
Bara Kochatoli	14	541	234013	855995	0
Bara Koi	25	372	204940	846099	0
Bara Koita	14	276	224387	858972	0
Bara Komandra	25	281	214723	856154	0
Bara Korwa	11	664	303871	769793	0
Bara Kot	27	543	303447	760419	0
Bara Kotha	14	570	250312	874076	0
Bara Koti	25	572	210125	826800	0
Bara Kuchia	14	276	224699	857165	0
Bara Kulli	19	648	229163	765620	0
Bara Kund	13	529	332375	751148	0
Bara Kundan	11	327	291584	759640	0
Bara Kundarjhor	14	276	222816	855147	0
Bara Kurma	14	628	227382	857006	0
Bara Kurua	14	442	250715	875220	0
Bara Kurwa	4	136	256431	859760	0
Bara Kusma	14	442	250675	875784	0
Bara Lachhmi	14	442	251807	875180	0
Bara Lagia	14	276	225233	857001	0
Bara Laokuti	3	540	263371	898123	0
Bara Lauhar	4	363	256465	846958	0
Bara Lisia	14	276	223867	857411	0
Bara Lohanda	14	442	252224	876646	0
Bara Loram	6	393	211863	826516	0
Bara Loramtola	6	393	211727	826466	0
Bara Lota	14	276	226397	857801	0
Bara Luni	25	527	202431	848660	0
Bara Madansai	14	442	252345	876779	0
Bara Mahor	19	512	242798	800156	0
Bara Mahua ka Purwa	19	638	247554	794240	0
Bara Majhakhara	19	313	248210	809192	0
Bara Majra Lodhiana	28	550	251900	740150	0
Bara Makrona	27	704	308656	764461	0
Bara Maldeo	33	116	280101	790275	0
Bara Malehra	19	638	245681	793069	0
Bara Mandla	28	331	268512	722159	0
Bara Mangwa	35	551	270660	884183	0
Bara Mansuha	27	704	309335	764910	0
Bara Mansurwal	27	545	308962	749658	0
Bara Marwa	11	88	303266	772732	0
Bara Mataji	28	428	262550	745373	0
Bara Math	33	645	266790	798375	0
Bara Mau	33	656	284315	798478	0
Bara Meda	28	428	262644	745469	0
Bara Mirgilindi	14	276	222899	856962	0
Bara Mohanpur	33	445	270531	789943	0
Bara Mohanpur	4	602	254560	875759	0
Bara Muafi	33	619	253158	808489	0
Bara Nadi	33	523	279397	782297	0
Bara Nagla	33	526	272134	781488	0
Bara Nagla	33	526	270581	781938	0
Bara Nali	13	477	324429	755514	0
Bara Nalina	27	624	305087	764170	0
Bara Nanda	14	276	222169	856111	0
Bara Nathu	4	734	251957	846910	0
Bara Nayagaon	28	339	255021	755291	0
Bara Nizam	33	282	273881	819064	0
Bara Okh	33	278	266073	791865	0
Bara Pachgarh	14	442	252329	876477	0
Bara Pagaro	14	442	252148	876807	0
Bara Pani	22	319	256789	919267	0
Bara Patarai	27	624	305669	764991	0
Bara Pathing	29	708	272453	886950	0
Bara Patlisar ki Dhani	28	519	282558	743987	0
Bara Phuhara	35	400	232946	859325	0
Bara Phul	27	704	309579	764947	0
Bara Plchanod	28	429	265846	767648	0
Bara Pokhar	14	633	246983	876742	0
Bara Pokhari	33	-1	249980	819052	0
Bara Pokhria	14	276	223644	859760	0
Bara Pukharia	14	276	225175	857777	0
Bara Pungsia	14	276	223097	857057	0
Bara Purnapani	14	276	224750	856908	0
Bara Purwa	33	444	258327	804240	0
Bara Purwa	33	31	268623	812160	0
Bara Purwa	33	654	261948	811918	0
Bara Rahi	4	535	264226	861543	0
Bara Rai	33	522	272566	819386	0
Bara Raipur	27	608	306574	766700	0
Bara Rakso	14	442	251070	876443	0
Bara Ramloi	25	262	221834	850241	0
Bara Rana	33	656	287086	798362	0
Bara Runju	14	276	223043	859216	0
Bara Salibandha	14	442	252335	876089	0
Bara Samana	27	704	308489	764701	0
Bara Sartanpur	27	704	309445	764590	0
Bara Segoi	14	628	228740	857352	0
Bara Seri	12	267	317018	771875	0
Bara Shamspur	33	682	273981	782707	0
Bara Sharshah	12	653	314437	775031	0
Bara Shikuara	4	615	263229	842372	0
Bara Sidhpur	27	355	311188	754042	0
Bara Silatola	14	673	244181	838629	0
Bara Simloi	25	683	213603	846043	0
Bara Simra	14	570	250350	873542	0
Bara Singarpur	4	567	251667	861373	0
Bara Singha	33	488	275415	810462	0
Bara Singhia	4	636	257720	868469	0
Bara Sirsa	33	329	283666	791857	0
Bara Sripur	14	570	250901	874818	0
Bara Supaisai	14	628	227285	857206	0
Bara Tafriq	33	626	255720	813385	0
Bara Tal	33	659	274515	802192	0
Bara Teghdar	33	116	281116	790743	0
Bara Tengrani	14	628	226824	859123	0
Bara Tetria	14	442	252124	876745	0
Bara Tikat	19	646	244645	817411	0
Bara Tilla	27	571	301088	760810	0
Bara Udaipur	28	428	265098	748387	0
Bara Usanwan	33	688	259799	817121	0
Bara Verandah	14	442	251939	876103	0
Bara Zainabad	19	30	213368	763331	0
Bara Zamin	4	396	251453	871265	0
Barababa	33	31	268578	812018	0
Barabad	14	633	246152	877903	0
Barabad	14	483	241574	868441	0
Barabadha	3	684	263609	899075	0
Barabagi	14	379	242686	849959	0
Barabali	25	273	199560	834164	0
Barabali	25	373	201716	845672	0
Baraballi	25	273	197442	833692	0
Baraban	13	0	347444	743803	0
Baraban	12	514	305154	773938	0
Baraban	33	314	265585	833476	0
Barabandh	33	516	258700	840405	0
Barabandh	4	505	248077	862170	0
Barabandh	25	372	206514	844168	0
Barabani	35	618	237447	870202	0
Barabani	25	372	206604	843854	0
Barabank	25	277	209056	853312	0
Barabank	25	277	209106	853360	0
Barabank	4	505	246343	863362	0
Barabanki	25	380	204359	827304	0
Barabanri	14	416	231513	853577	0
Barabar	14	732	239934	855707	0
Barabari	35	538	220945	880488	0
Barabaru	14	416	231516	853268	0
Barabas	28	463	274297	768122	0
Barabas Ahiran	28	463	274082	767554	0
Barabasa	14	276	224763	856374	0
Barabathan	14	643	244079	875596	0
Barabati	25	527	202854	852448	0
Barabati	25	527	201624	851109	0
Barabazar	35	400	230279	863607	0
Barabeda	25	108	186310	820807	0
Barabeda	25	281	214825	857327	0
Barabera	25	281	217246	859210	0
Barabera	25	281	216619	859535	0
Baraberena	25	292	204707	851296	0
Barabgaon	20	49	207454	764029	0
Barabhadra	25	281	216997	859505	0
Barabhati	20	168	208632	800533	0
Barabhaya	25	292	205758	850112	0
Barabhita	35	551	267167	883167	0
Barabhuin	25	262	217787	851031	0
Barabhuin	25	292	204966	850779	0
Barabhuin	25	292	204926	851574	0
Barabhum	35	400	230295	863613	0
Barabiku	33	661	275040	792968	0
Barabil	25	281	220858	855362	0
Barabil	14	276	222977	859336	0
Barabil	14	276	223098	859351	0
Barabil	25	281	216182	856338	0
Barabil	25	281	216798	859389	0
Barabisa	35	720	264713	898214	0
Barabondh	25	380	204093	830669	0
Barabug	13	651	337528	749095	0
Barach	19	610	239661	814304	0
Barach	12	460	313653	775618	0
Barach	12	514	309014	774186	0
Barachati	4	117	245025	850072	0
Barachh	19	512	245439	801686	0
Barachh	19	497	250380	814292	0
Barachha	33	688	259377	819902	0
Barachhi	33	619	251820	811655	0
Barachhi	33	619	253324	813004	0
Barachia	35	432	227294	886589	0
Barad	20	64	179526	745866	0
Barad	28	22	243278	734853	0
Barad	20	67	201519	781085	0
Barad Pavni	20	139	213455	783098	0
Barad Tanda	20	67	201550	781228	0
Barada	10	130	221973	690198	0
Baradabail	15	333	143478	749609	0
Baradabari	25	527	202754	851884	0
Baradahar	19	336	235148	812553	0
Baradaipalle	1	190	133254	784105	0
Baradajolla	25	349	190603	830516	0
Baradakata	25	399	208156	843722	0
Baradanapura	15	74	122117	765527	0
Baradand	33	102	246983	834007	0
Baradanda	33	659	270773	805838	0
Baradandsahi	25	399	207911	849882	0
Baradangua	25	399	210740	850910	0
Baradapal	25	368	218803	858109	0
Baradapal	25	277	206793	851600	0
Baradard	34	589	298162	789789	0
Baradarha	6	388	219201	831836	0
Baradari	33	553	295968	783126	0
Baradari	33	31	269083	815370	0
Baradari	34	617	289446	793886	0
Baradari-ka-Mazra	34	-1	290836	791368	0
Baradavalli	15	333	141952	749843	0
Baradawan	6	611	215263	832406	0
Baradbara	14	570	250520	872290	0
Baradbata	4	641	262713	876159	0
Baraddharan	14	434	245419	859891	0
Baradehi	25	527	202938	848623	0
Baradenga	4	491	262387	878499	0
Baradera	6	681	218124	816537	0
Baradera	6	299	212737	817585	0
Baradgaon	20	67	204409	784913	0
Baradghata	4	590	256612	872055	0
Baradghatia	4	505	244562	863130	0
Baradhana	19	502	241194	793961	0
Baradhant	4	535	264128	864132	0
Baradhari	33	450	262913	804200	0
Baradhwara	34	430	304386	781149	0
Baradi	31	271	197257	784324	0
Baradi	15	375	131757	773661	0
Baradidinga	25	546	211787	840616	0
Baradih	4	718	248866	837209	0
Baradih	33	196	250619	828618	0
Baradih	4	394	249876	839981	0
Baradih	14	712	239008	835856	0
Baradih	25	478	212472	835196	0
Baradih	4	394	250877	843028	0
Baradih	4	394	250774	842803	0
Baradih	4	734	251225	846410	0
Baradih	4	597	253737	840827	0
Baradih	4	394	253106	841140	0
Baradih	4	394	251461	840847	0
Baradih	14	454	244112	855917	0
Baradih	14	732	243314	855740	0
Baradih	14	454	244157	857262	0
Baradih	4	495	253261	853295	0
Baradih	14	379	237549	850949	0
Baradih	14	498	236466	859878	0
Baradih	14	628	231105	858784	0
Baradih	14	628	230291	859674	0
Baradih	14	310	232049	845840	0
Baradih	14	628	229990	858312	0
Baradih	14	732	241545	856288	0
Baradih	14	454	243391	858012	0
Baradih	14	732	242635	857575	0
Baradih	14	434	242080	859757	0
Baradih	14	434	241035	861157	0
Baradih	14	434	240220	862263	0
Baradih	4	505	244341	863699	0
Baradih	14	434	240239	862584	0
Baradih	14	628	229914	858982	0
Baradih	14	628	229790	859635	0
Baradih Kaith	4	394	253592	840890	0
Baradih Sasan	25	527	200433	850712	0
Baradiha	35	650	223500	873667	0
Baradihi	25	399	208378	847899	0
Baradin	4	394	249874	841136	0
Baradip	28	493	238311	736706	0
Baraditola	4	495	250879	856057	0
Baraditoli	14	434	241934	860513	0
Baradka	15	55	126271	755808	0
Baradkinhi	20	110	204641	799212	0
Baradmara	14	434	243929	863607	0
Barado Buzurg	19	202	216365	761784	0
Baradoli	6	393	213369	828548	0
Baradoli	6	393	213729	830989	0
Baradoli	6	17	216999	833358	0
Baradopa	14	276	227543	854935	0
Baradparwa	4	363	254756	844438	0
Baradpichhra	4	505	246417	861939	0
Baradpura	28	298	257037	753630	0
Baraduba	14	483	242325	869917	0
Baradungartoli	14	476	224644	844116	0
Baradungri	25	546	215588	841265	0
Baradur	15	583	152404	758628	0
Baraduwari	19	16	239950	767249	0
Baradvad	15	655	152733	753942	0
Baradvadi	15	74	121908	762100	0
Baradwar	6	388	219766	828203	0
Baradwar	6	279	222421	819679	0
Barag	12	514	306840	774756	0
Barag	12	604	309214	769286	0
Baragachi	35	340	223192	880878	0
Baragachia	35	347	240270	876612	0
Baragachia	35	347	241893	877240	0
Baragai	14	633	247486	875234	0
Baragain	14	416	231421	850759	0
Baragain	14	541	234129	853697	0
Baragain	14	740	233568	848816	0
Baragain	14	541	230878	849556	0
Baragam	25	499	199426	819572	0
Baragam	25	373	202540	843580	0
Baragam	25	373	201197	842802	0
Baragam	25	423	200064	844149	0
Baragan	25	292	205004	849554	0
Baraganda	14	434	240882	860528	0
Baraganda	25	527	203001	851404	0
Baraganda	25	373	205067	840921	0
Baraganhalli	1	99	144050	769210	0
Baragaon	28	302	264053	761159	0
Baragaon	12	460	313433	773736	0
Baragaon	33	451	280488	800698	0
Baragaon	33	488	277486	805021	0
Baragaon	19	465	262254	782603	0
Baragaon	33	564	261264	835450	0
Baragaon	33	564	259793	835042	0
Baragaon	33	516	259260	841390	0
Baragaon	19	638	245137	795816	0
Baragaon	19	334	237332	763082	0
Baragaon	28	288	280259	755133	0
Baragaon	11	439	297559	770641	0
Baragaon	28	339	255907	757245	0
Baragaon	33	661	276177	795997	0
Baragaon	33	645	266353	799465	0
Baragaon	11	664	304497	771037	0
Baragaon	28	463	275446	762151	0
Baragaon	28	463	274491	767126	0
Baragaon	28	115	262626	763613	0
Baragaon	28	679	269092	769848	0
Baragaon	28	429	266924	767755	0
Baragaon	33	329	284058	791701	0
Baragaon	33	672	289311	779309	0
Baragaon	33	523	278543	779748	0
Baragaon	33	174	277077	777099	0
Baragaon	33	613	281925	779312	0
Baragaon	6	634	200843	818077	0
Baragaon	33	526	270820	781698	0
Baragaon	33	389	272541	784057	0
Baragaon	33	682	275909	785588	0
Baragaon	19	502	239858	794667	0
Baragaon	33	593	278051	787869	0
Baragaon	33	445	271676	789500	0
Baragaon	28	599	265285	772852	0
Baragaon	19	459	263200	776275	0
Baragaon	28	599	268855	779381	0
Baragaon	33	659	275604	797647	0
Baragaon	19	465	258938	777411	0
Baragaon	19	420	253594	776646	0
Baragaon	19	395	246357	777243	0
Baragaon	33	389	272511	787031	0
Baragaon	33	710	259561	793891	0
Baragaon	33	710	259168	798281	0
Baragaon	33	33	256213	822299	0
Baragaon	33	417	252215	791740	0
Baragaon	19	638	251579	793750	0
Baragaon	33	479	257791	829680	0
Baragaon	19	459	265709	781170	0
Baragaon	19	646	245739	821168	0
Baragaon	33	27	256602	832127	0
Baragaon	33	526	268619	786453	0
Baragaon	19	502	241432	795582	0
Baragaon	33	27	257818	836663	0
Baragaon	19	322	259765	788585	0
Baragaon	33	444	258413	804813	0
Baragaon	33	698	257989	806659	0
Baragaon	33	444	254977	806333	0
Baragaon	19	497	247452	811947	0
Baragaon	19	497	249728	817647	0
Baragaon	19	497	244926	814497	0
Baragaon	19	512	239377	798994	0
Baragaon	33	561	253352	823805	0
Baragaon	33	196	250674	828779	0
Baragaon	33	102	246800	829451	0
Baragaon	33	698	260218	808899	0
Baragaon	33	282	275290	817246	0
Baragaon	33	282	274669	816700	0
Baragaon	33	31	269764	813092	0
Baragaon	33	282	273017	818252	0
Baragaon	33	654	258953	813775	0
Baragaon	33	531	285855	789402	0
Baragaon	33	575	262499	821773	0
Baragaon	33	152	267754	822908	0
Baragaon	33	575	261385	823035	0
Baragaon	33	532	265639	825540	0
Baragaon	33	532	263001	827100	0
Baragaon	33	532	262972	827155	0
Baragaon	33	33	260788	826256	0
Baragaon	33	479	262790	829875	0
Baragaon	33	688	258176	816207	0
Baragaon	33	532	264618	830065	0
Baragaon	33	314	268363	835276	0
Baragaon	19	337	236987	805031	0
Baragaon	19	337	237324	807466	0
Baragaon	19	336	233889	809452	0
Baragaon	33	312	279926	809152	0
Baragaon	33	31	272071	811046	0
Baragaon	27	608	307274	765851	0
Baragaon	28	120	269007	757666	0
Baragaon	33	31	272283	814340	0
Baragaon	33	637	264475	816725	0
Baragaon	28	120	270291	758344	0
Baragaon	33	656	283315	798982	0
Baragaon	33	621	259042	802034	0
Baragaon	33	-1	261993	790171	0
Baragaon	35	347	240112	877274	0
Baragaon	4	495	251424	854453	0
Baragaon	14	628	227808	859013	0
Baragaon	33	564	259830	837377	0
Baragaon Bhikhi	33	645	264582	798209	0
Baragaon Gangapur	33	329	284793	796633	0
Baragaon Gulam Qaum	33	645	265635	797188	0
Baragaon Khurd	19	462	248015	788429	0
Baragaon ki Dhani	28	120	270334	758342	0
Baragaon Nandur	20	150	193566	746045	0
Baragaon Pimpri	20	54	199053	740567	0
Baragaon Sanawal	19	208	237360	779090	0
Baragaon Sarwar	28	115	262804	762248	0
Baragar	19	322	263959	784288	0
Baragar	6	17	218632	834237	0
Baragar	25	478	214477	837203	0
Baragar	25	290	216911	838515	0
Baragaran	12	39	320914	767774	0
Baragarha Kalan	14	434	241830	860956	0
Baragarha Khurd	14	434	241872	861107	0
Baragarhi	14	434	241444	863830	0
Baragat	12	267	312936	770281	0
Baragawan	19	607	243130	825739	0
Baragawan	4	136	258982	859221	0
Baragawhan	20	156	180881	767482	0
Baragbhita	14	570	250203	874727	0
Baragenahalli	15	97	136868	757050	0
Baragenahalli	15	246	139795	762717	0
Baraghat	19	462	247467	791217	0
Baraghat	19	502	236048	796067	0
Baraghat	4	117	246418	853183	0
Baraghat	25	683	214950	845467	0
Baraghati	25	273	198668	834125	0
Baraghu	12	604	309664	768862	0
Baragi	15	333	142609	750783	0
Baragi	15	333	137588	752950	0
Baragi	15	69	118272	765968	0
Baragihalli	15	92	135577	764667	0
Baragla	19	313	247430	807396	0
Baragli	12	460	311930	773658	0
Baragoda	25	262	217676	850581	0
Baragom	13	412	338921	750580	0
Baragor	19	354	224591	799012	0
Baragoth	25	527	202088	849414	0
Baragoun	19	512	246112	803561	0
Baragran	12	653	321394	771282	0
Baragraon	27	571	303002	758646	0
Baraguda	25	108	184738	823664	0
Baraguda	25	423	200806	845739	0
Baragudikuda	25	292	202032	860957	0
Baraguma	25	368	216763	869892	0
Baragur	15	652	127004	760807	0
Baragur	15	652	129508	763550	0
Baragur	30	109	122120	781322	0
Barah	19	-1	263784	800183	0
Barah	12	460	314806	777418	0
Barah	19	326	234929	784461	0
Barah	27	480	308901	751847	0
Barah	19	502	232962	795383	0
Barah	33	698	255134	812368	0
Barah	19	497	249587	815780	0
Barah	19	313	247290	806354	0
Barah	33	33	255524	826951	0
Barah	33	605	265379	822283	0
Barah	33	532	262896	828583	0
Barah	19	497	248189	810999	0
Barah	34	351	302185	789515	0
Barah	4	581	254625	848015	0
Barah	4	581	254351	850447	0
Barah	4	495	253885	854912	0
Barah	4	581	253861	856406	0
Barah Batta	4	687	257528	854610	0
Barah Chhatar Sirihwa	33	152	268818	826818	0
Barah Chhota	33	532	262867	828560	0
Barah Dih	33	516	260124	837330	0
Barah Kalan	33	451	277648	793791	0
Barah Kalan	11	353	293118	764231	0
Barah Khurd	33	451	277603	793748	0
Barah Khurd	33	532	262677	827952	0
Barah Khurd	11	353	293022	764018	0
Barah Koni	33	152	270525	826395	0
Barah Mohabbatpur	33	451	280559	797713	0
Barah Muafi	33	619	250159	810422	0
Barah Pannua	33	516	260529	840394	0
Barah Peda Musaha	33	152	268534	825846	0
Baraha	19	638	252174	801583	0
Baraha	19	313	247224	811347	0
Baraha	19	497	247602	812959	0
Baraha	19	497	247724	813162	0
Baraha	19	497	247689	813004	0
Baraha	19	497	247043	813109	0
Baraha	19	313	242878	810278	0
Baraha	19	512	244313	801532	0
Baraha	19	512	244460	801662	0
Baraha	33	564	259513	834601	0
Baraha	33	539	269826	838851	0
Baraha	19	576	233561	804729	0
Baraha	19	497	251649	815534	0
Baraha	33	584	251845	818039	0
Baraha	19	313	248609	810355	0
Baraha	19	497	248609	811653	0
Baraha	4	117	244992	844882	0
Baraha Kalan	19	326	230524	785660	0
Baraha Khurd	19	512	243596	801483	0
Baraha Khurd	19	497	248729	811660	0
Barahada	33	102	247135	829869	0
Barahadi	19	497	245461	814564	0
Barahadi	19	497	245383	814692	0
Barahai	19	610	242312	814745	0
Barahalli	20	138	185641	773306	0
Barahallu	15	652	128627	764483	0
Baraham Theru	12	39	321023	764569	0
Barahan	12	514	307665	770967	0
Barahan	12	514	306404	773978	0
Barahan	12	39	320821	767010	0
Barahana	19	459	262543	776617	0
Barahana	19	465	258688	779218	0
Barahani	33	694	252974	834190	0
Barahanpur	19	638	253035	803000	0
Barahapathar	25	372	207744	841105	0
Barahapatiya	19	607	242853	823184	0
Barahar	33	445	272218	793144	0
Barahar	33	278	268518	792346	0
Barahar	33	686	268625	796040	0
Barahar	19	324	243447	771647	0
Barahar	4	112	246571	842183	0
Barahar	4	106	246953	854976	0
Barahar	33	686	267270	794562	0
Barahara	4	590	257705	870981	0
Barahara	33	102	242515	828823	0
Barahara	4	675	264681	840798	0
Barahari	19	313	244821	811886	0
Barahari	4	632	260803	868084	0
Baraharipara	35	347	243445	879045	0
Barahat	19	646	242906	813749	0
Barahat	4	582	248852	870032	0
Barahatha	19	497	249136	814432	0
Barahatola	19	313	242744	812952	0
Barahatta	33	516	258134	842284	0
Barahbatta	4	136	257727	857522	0
Barahchaitatola	4	117	247305	850882	0
Barahchomridhana	19	325	223468	784639	0
Barahda	33	688	257814	820359	0
Barahet	4	117	244477	846138	0
Barahgalli	31	408	173637	784621	0
Barahgawan	4	117	246201	850141	0
Barahgawan	4	495	251467	853096	0
Barahgoria	4	535	262916	861721	0
Barahho	19	338	239415	788355	0
Barahi	4	636	258886	866991	0
Barahi	19	576	232368	796942	0
Barahi	19	322	265156	786796	0
Barahi	33	27	257616	835443	0
Barahi	19	646	245156	818738	0
Barahi	33	33	255806	829272	0
Barahi	11	586	287357	768950	0
Barahi	33	492	290602	788846	0
Barahi	33	622	286731	786298	0
Barahi	33	269	274157	827382	0
Barahi	33	532	265192	823163	0
Barahi	33	479	259071	832818	0
Barahi	19	337	234691	803081	0
Barahi	6	279	221671	818540	0
Barahi	14	673	245928	840103	0
Barahi	4	112	248693	845069	0
Barahi	4	112	249455	846694	0
Barahi	4	535	261461	864117	0
Barahi	4	636	260433	864907	0
Barahi	4	569	259851	861220	0
Barahi	4	510	254038	860090	0
Barahi	4	136	256952	863261	0
Barahi	4	632	259725	867452	0
Barahi	4	636	256392	867974	0
Barahi Bigha	4	117	246619	847714	0
Barahi Kalan	33	242	254886	827240	0
Barahi Khurd	4	112	249162	845962	0
Barahi Newada	33	242	254878	827282	0
Barahi Sahora	33	116	281482	793731	0
Barahia	4	718	252697	836382	0
Barahia	33	282	275392	817312	0
Barahia	33	656	286880	796411	0
Barahia	4	734	250992	847886	0
Barahia	4	396	253535	873237	0
Barahia	4	602	256794	877584	0
Barahia Tola	4	615	260548	845363	0
Barahidand	33	102	241491	829710	0
Barahil	14	476	227094	843628	0
Barahili	12	267	315065	768318	0
Barahilpar	33	623	266625	830212	0
Barahim Patti	33	516	260855	837061	0
Barahima	4	675	263975	846868	0
Barahimpur	33	33	258352	822327	0
Barahimpur	33	654	263449	813316	0
Barahimpur	33	532	263314	825531	0
Barahimpur	33	314	267218	835441	0
Barahimpur	33	516	260206	836870	0
Barahimpur	33	564	261813	837446	0
Barahimpur	33	329	281793	793730	0
Barahimpur	4	615	261104	847161	0
Barahimpur	4	615	261015	847169	0
Barahin	33	659	271015	806436	0
Barahinpur	33	479	262853	829761	0
Barahipur	25	292	205649	862072	0
Barahiya	33	102	248206	829784	0
Barahiya	4	734	251104	848409	0
Barahjatatola	4	505	250087	861735	0
Barahkhar	14	476	226328	841975	0
Barahkurwa	4	410	261460	869237	0
Barahla	33	605	265830	821292	0
Barahlotwatoli	14	673	240555	841070	0
Barahlu	11	415	285212	757268	0
Barahm Chari	4	396	252226	872968	0
Barahmadia	33	516	260333	839566	0
Barahmahua	19	568	224037	777467	0
Barahmania	14	678	238696	847147	0
Barahmasia	4	491	261120	878709	0
Barahmasia Istamrar	4	641	263639	876134	0
Barahmasia Simalbani	4	641	263612	876263	0
Barahmori	33	102	244827	832424	0
Barahmori	33	102	244724	832452	0
Barahmori	33	102	243709	831299	0
Barahmoria	14	673	240155	844858	0
Barahmoria	14	732	243923	853310	0
Barahmoriya	4	117	244725	847213	0
Barahna	33	539	266417	843118	0
Barahni	4	718	251756	834270	0
Barahola	12	653	314348	775107	0
Barahpan	33	102	241081	832345	0
Barahpatia	33	314	268927	832751	0
Barahpila	33	278	267705	791605	0
Barahpur	33	33	255591	830618	0
Barahpur	33	27	256350	832065	0
Barahpur	33	27	256379	831808	0
Barahpur	33	27	255329	833966	0
Barahpur	33	280	271100	827738	0
Barahpur	33	152	268908	823361	0
Barahpur	33	522	269539	824768	0
Barahpur	33	152	268253	825964	0
Barahpur	33	152	267814	827841	0
Barahpur	33	496	270578	835098	0
Barahpur	4	615	262854	845003	0
Barahpur	4	581	254192	858762	0
Barahpur Kazi	33	152	269052	823288	0
Barahra	33	621	258365	796889	0
Barahra	33	269	272528	823448	0
Barahra	33	522	271209	824627	0
Barahra	33	280	272438	830252	0
Barahra	33	496	270700	833897	0
Barahra	33	496	270248	834247	0
Barahra	33	496	270804	835047	0
Barahra	33	496	272301	836038	0
Barahra	33	496	271365	837010	0
Barahra	33	623	269490	830837	0
Barahra	33	314	266384	831803	0
Barahra	33	539	268933	835698	0
Barahra	33	539	268945	836395	0
Barahra	33	496	269714	836651	0
Barahra	33	314	265690	835269	0
Barahra	33	515	266357	836649	0
Barahra	33	515	264353	836210	0
Barahra	33	539	268923	837718	0
Barahra	33	539	267904	837701	0
Barahra	33	539	269913	838751	0
Barahra	33	539	269260	839209	0
Barahra	4	363	256822	847303	0
Barahra	4	363	253890	845060	0
Barahra	33	539	268117	841465	0
Barahra	33	539	265740	840293	0
Barahra	4	112	247178	842256	0
Barahra	4	597	254445	841278	0
Barahra	4	507	252439	850539	0
Barahra	4	410	262356	865615	0
Barahra Baraipar	33	496	269410	835177	0
Barahra Debicharan	33	496	271149	833030	0
Barahra Dube	33	539	268109	841356	0
Barahra Gangbaramad	33	280	272053	826456	0
Barahra Jot	33	314	266527	833918	0
Barahra Kadhai	33	496	271987	833204	0
Barahra Lachhmanpur	33	539	268369	837923	0
Barahra Mir	33	496	271714	836253	0
Barahra Raja	33	496	272343	835212	0
Barahra Rani	33	496	271528	835160	0
Barahri	4	394	251612	840029	0
Barahri	33	626	253530	813017	0
Barahri	33	496	271933	833240	0
Barahri	4	495	250341	853878	0
Barahrup	4	687	259013	852661	0
Barahsai	14	628	227715	858063	0
Barahsal	4	602	252936	878437	0
Barahser	4	636	259825	865512	0
Barahta	4	394	251258	838832	0
Barahta	33	33	257397	824167	0
Barahta	33	33	256447	823838	0
Barahta	33	575	263002	821902	0
Barahta	33	152	267178	825812	0
Barahta	33	623	268151	830346	0
Barahta	33	314	263134	835027	0
Barahta	19	337	233673	802965	0
Barahta	33	539	268202	842140	0
Barahtali Barki	4	394	249153	838593	0
Barahtali Chhotki	4	394	249182	838501	0
Barahtarwa	4	117	250384	847763	0
Barahtir Jagdishpur	33	479	259626	832869	0
Barahtu	12	267	319718	768629	0
Barahu Khor	33	33	261723	826436	0
Barahua	4	641	260920	871931	0
Barahula	19	497	249842	813729	0
Barahula Ginjatar	19	497	250010	813819	0
Barahuli	4	718	250411	836739	0
Barahupur	33	33	258513	823513	0
Barahuria	4	117	246851	852337	0
Barahuti Kalan	4	394	252079	838489	0
Barahwa	33	522	270235	823680	0
Barahwa	33	496	270052	837245	0
Barahwa	19	607	243457	826139	0
Barai	19	-1	242401	787497	0
Barai	33	661	275060	795004	0
Barai	19	443	218477	782941	0
Barai	33	682	274546	784715	0
Barai	33	682	276487	785459	0
Barai	19	395	247095	780783	0
Barai	33	548	270051	796311	0
Barai	19	420	249854	775310	0
Barai	33	688	257364	814967	0
Barai	33	584	252473	820873	0
Barai	33	282	277212	815691	0
Barai	33	282	276139	816363	0
Barai	33	522	272276	818341	0
Barai	34	589	297117	788380	0
Barai	33	522	273078	818954	0
Barai	33	605	268393	817970	0
Barai	33	522	270432	820963	0
Barai	33	496	271208	832985	0
Barai	33	496	270553	835192	0
Barai	12	348	324507	764934	0
Barai	33	515	265574	840155	0
Barai	4	457	268443	845439	0
Barai	33	116	280711	790458	0
Barai	4	382	265231	846954	0
Barai	33	656	287267	799102	0
Barai	4	535	263717	860134	0
Barai	4	535	263417	862947	0
Barai	4	510	255127	861494	0
Barai	4	727	255638	863133	0
Barai	4	112	246032	844043	0
Barai	4	117	248575	847642	0
Barai	4	495	251475	852258	0
Barai	14	498	238452	859544	0
Barai	14	310	229551	847817	0
Barai	14	276	224131	854349	0
Barai	14	732	240558	858309	0
Barai	33	626	253861	815165	0
Barai Bagahwa	4	675	264155	841234	0
Barai Bagahwa	4	675	264176	841327	0
Barai Bandhwa	33	626	254530	814912	0
Barai Beli	4	675	264984	841782	0
Barai Bigha	4	495	251470	852184	0
Barai Buzurg	33	698	258811	809481	0
Barai Chak	14	379	242929	851795	0
Barai Dube	33	196	251605	823602	0
Barai Harak	33	584	256100	817452	0
Barai Harakh	33	584	256152	817542	0
Barai Jhal	33	645	266114	798984	0
Barai Jot	33	269	273881	824040	0
Barai Jot	33	152	267699	823546	0
Barai Jot	33	152	267539	823972	0
Barai Jot	33	152	266467	827049	0
Barai Kalan	33	605	267785	818135	0
Barai Kalan	14	498	235897	858784	0
Barai Khap	4	112	245646	841634	0
Barai Khera	33	31	267122	813842	0
Barai Khera	33	488	273969	809632	0
Barai Khurd	33	698	258845	809386	0
Barai Khurd	33	605	267761	818319	0
Barai Khurd	14	498	235811	858908	0
Barai Manpur	33	444	252961	803540	0
Barai Pathak	33	196	251456	823572	0
Barai Patti	4	675	265697	844131	0
Barai Pura	33	314	263899	833507	0
Barai Pura	33	314	264532	833722	0
Barai Purwa	33	282	277173	815869	0
Barai Purwa	33	522	272785	818692	0
Barai Purwa	33	595	275154	820196	0
Barai Purwa	33	522	270313	820849	0
Barai Purwa	33	152	267509	823313	0
Barai Purwa	33	152	268823	823559	0
Barai Purwa	33	152	269033	824230	0
Barai Purwa	33	152	268540	823314	0
Barai Purwa	33	314	270573	833108	0
Barai Salempur	33	626	255608	815689	0
Barai Shahpur	33	644	276737	784370	0
Barai Subhangarhi	33	523	279566	780364	0
Barai Tola	33	314	270286	833043	0
Baraia	33	539	268833	838933	0
Baraia	33	31	271862	813206	0
Baraia	4	457	268284	844724	0
Baraiam Bigha	4	106	249614	857700	0
Baraiapara	6	374	223958	824580	0
Baraibera	14	476	224693	846981	0
Baraibera	14	476	224330	847441	0
Baraibera	14	476	225388	848299	0
Baraibigha	4	112	246593	844400	0
Baraibigha	4	112	246282	844840	0
Baraibigha	4	112	246152	844524	0
Baraibir	14	276	225613	854928	0
Baraiburu	25	-1	221644	853682	0
Baraiburu	14	276	227629	852580	0
Baraiburutoli	14	476	224997	848077	0
Baraich	33	33	255903	829701	0
Baraicha	33	451	279986	798288	0
Baraicha	33	698	256474	811462	0
Baraicha	4	394	250687	841752	0
Baraicha	33	312	279221	801153	0
Baraichan	27	624	305570	761957	0
Baraichh	33	33	255654	830043	0
Baraichhapar	33	242	254650	829960	0
Baraichi	33	698	257040	810396	0
Baraichi	33	312	279179	801070	0
Baraichkhera	19	638	248990	796973	0
Baraichmau	33	659	272044	799921	0
Baraidabra	6	723	220976	816555	0
Baraidand	33	102	242331	832457	0
Baraidatoli	14	310	228972	845781	0
Baraidih	4	569	259798	861434	0
Baraidih	14	416	230878	855113	0
Baraidih	14	541	232888	849998	0
Baraidih	14	541	230718	848919	0
Baraigaon	3	534	266100	915774	0
Baraiha	33	196	249024	822627	0
Baraihapar	33	33	256076	829753	0
Baraihi	28	22	242303	732075	0
Baraikar	12	267	312531	771293	0
Barail	33	102	246636	832086	0
Barail	33	31	269093	811932	0
Barail	33	269	273501	824058	0
Barail	34	530	293249	791539	0
Barail	4	106	248544	854936	0
Barail	4	106	248230	856499	0
Barail	4	535	264788	863858	0
Barail	4	641	260555	875871	0
Barail	4	410	260349	865854	0
Baraila	12	514	308659	773683	0
Baraila	28	599	268808	777457	0
Baraila	33	102	246945	830457	0
Baraila	33	561	253582	826440	0
Baraila	4	394	249943	839029	0
Baraila	33	623	268105	829213	0
Baraila	12	348	328632	760586	0
Baraila	12	460	308809	776365	0
Baraila	4	117	246750	851879	0
Baraila	4	117	247752	848627	0
Baraila	14	276	225083	853438	0
Baraila Tal	33	314	265680	833371	0
Baraili	33	694	252459	833970	0
Baraili	12	267	318861	767810	0
Baraili	4	112	250587	845530	0
Baraili	4	590	259131	876107	0
Baraili	4	590	258791	877482	0
Baraili	4	641	261814	876645	0
Barailighat	4	590	259082	876233	0
Baraimu	12	460	311906	773192	0
Barain	33	591	255673	799143	0
Barain	33	242	253883	830738	0
Barain	33	33	257587	823103	0
Barain	33	33	255938	827058	0
Barain	33	654	263303	811485	0
Barain	33	31	269699	815867	0
Barain	4	518	251733	866543	0
Barain	14	434	241911	860498	0
Barain Kalan	33	33	255644	826314	0
Barain Khurd	33	33	255742	826235	0
Barain Purwa	33	522	269178	820704	0
Baraina	12	514	306524	776116	0
Baraina	4	590	258165	872286	0
Baraini	33	196	252148	826903	0
Baraini	4	117	246980	848792	0
Baraini	4	396	252514	873371	0
Baraini	4	117	250166	853483	0
Baraini	14	379	241800	848138	0
Baraini Kalan	33	242	252281	828752	0
Baraini Khurd	33	242	252374	828750	0
Barainian	33	623	269431	829138	0
Baraipali	6	393	211276	825031	0
Baraipali	25	546	214925	839622	0
Baraipar	33	33	257719	824300	0
Baraipar	33	623	270434	831096	0
Baraipar	33	280	271710	831668	0
Baraipar	33	314	270359	832178	0
Baraipar	33	623	268524	830458	0
Baraipar	33	623	269037	830903	0
Baraipar	33	314	268117	831956	0
Baraipar	33	314	264498	832294	0
Baraipar	33	314	265685	833035	0
Baraipar	33	314	266110	833922	0
Baraipar	33	314	263048	834288	0
Baraipar	33	314	267053	835649	0
Baraipar	33	515	262911	840166	0
Baraipar Bansman	33	623	267373	830826	0
Baraipar Baridiha	33	314	266087	834018	0
Baraipar Malik	33	564	261279	835368	0
Baraipar Pande	33	515	263153	840838	0
Baraipar Pathan	33	623	267429	830730	0
Baraipar Ramrup	33	314	263968	832928	0
Baraipar Titaria	33	314	268095	832124	0
Baraipar Urf	33	314	263631	834272	0
Baraipara	33	27	256877	834077	0
Baraipara	33	522	272733	822029	0
Baraipara	33	522	269896	820920	0
Baraipat	14	434	246490	860556	0
Baraipatti	33	496	272137	835439	0
Baraipatti	33	496	270951	835183	0
Baraipatti	33	539	266402	840958	0
Baraipatti	4	615	263386	841992	0
Baraipur	33	593	276204	791113	0
Baraipur	33	698	255748	811577	0
Baraipur	33	479	259478	828304	0
Baraipur	33	694	253522	832041	0
Baraipur	33	196	252242	830374	0
Baraipur	33	27	258386	837203	0
Baraipur	33	102	246776	831683	0
Baraipur	33	33	258428	826221	0
Baraipur	33	561	253502	823404	0
Baraipur	33	196	251634	823432	0
Baraipur	33	196	251292	825228	0
Baraipur	33	242	254713	829605	0
Baraipur	33	584	253939	820088	0
Baraipur	33	196	249285	825097	0
Baraipur	33	654	262322	812423	0
Baraipur	33	269	274488	820787	0
Baraipur	33	575	262889	822193	0
Baraipur	33	479	259894	830074	0
Baraipur	33	479	260320	827214	0
Baraipur	33	532	265074	829099	0
Baraipur	33	532	262264	827961	0
Baraipur	33	623	269389	831840	0
Baraipur	33	314	269587	833069	0
Baraipur	33	314	269215	834134	0
Baraipur	33	496	269906	834467	0
Baraipur	33	314	269296	833652	0
Baraipur	33	314	267702	835572	0
Baraipur	33	584	257140	819699	0
Baraipur	4	510	255266	860678	0
Baraipur	4	510	257374	861364	0
Baraipur Ramnagar	33	584	255795	816504	0
Baraipura	19	459	267104	783662	0
Baraipura	28	599	265036	773687	0
Baraipura	19	465	259253	777970	0
Baraipura	33	591	253276	799317	0
Baraipura	33	33	255659	829683	0
Baraipura	33	522	271099	820988	0
Baraipura	33	314	268324	831312	0
Baraipura	33	496	269811	834044	0
Baraipurwa	33	522	271116	821169	0
Baraipurwa	33	496	272443	832403	0
Barair	12	460	310560	774787	0
Baraira	28	429	265012	769816	0
Baraira	19	484	257939	784089	0
Baraira Sopan	19	484	258331	788070	0
Barairan	33	31	268402	811323	0
Barairapurwa	19	638	249632	796397	0
Baraisa	33	626	254545	813142	0
Baraishiv	33	584	255987	818422	0
Baraita	4	136	255611	856532	0
Baraita	4	636	258257	864491	0
Baraitanr	6	269	240228	833181	0
Baraitanr	14	434	246515	858716	0
Baraith	4	510	254777	862033	0
Baraith	4	636	257427	867945	0
Baraitha	19	338	242891	789358	0
Baraitha	4	718	252554	836184	0
Baraitha	33	492	287412	786827	0
Baraitha	33	539	267071	836514	0
Baraitha	33	584	254621	817433	0
Baraitha	4	136	258393	860016	0
Baraitha	4	590	258813	875213	0
Baraithi	33	593	277417	789391	0
Baraithi	33	659	271875	806483	0
Baraithi Khurd	19	322	263164	788523	0
Baraithiraj	19	322	263377	788518	0
Baraiti Bari	19	497	250242	814502	0
Baraiti Chhoti	19	497	250171	814637	0
Baraitol	4	535	262694	863265	0
Baraitola	4	535	263439	861017	0
Baraitola	4	535	263671	861897	0
Baraitola	14	678	238395	842961	0
Baraitoli	14	541	231208	855450	0
Baraitoli	14	416	228358	850946	0
Baraiya	19	638	251734	801464	0
Baraiya	33	33	259598	824211	0
Baraiya	33	575	260167	823468	0
Baraiya Bigha	4	663	251108	857596	0
Baraiya Kazi	33	33	258737	826173	0
Baraiya Mafi	33	532	264956	827423	0
Baraiya Pind	33	488	276577	811518	0
Baraiyabhar	33	314	266941	831943	0
Baraiyakhera	19	337	237407	799526	0
Baraiyan	33	282	274817	814634	0
Baraj	19	338	243564	790269	0
Baraj	19	638	245577	792600	0
Baraj	19	313	245640	805706	0
Baraj	19	313	246402	809051	0
Barajala	34	530	293003	796151	0
Barajangaon	3	540	263294	898867	0
Barajharia	14	673	239507	840326	0
Barajhula	25	297	209422	840428	0
Barajhuli	25	372	207181	843846	0
Barajhuli	25	372	206133	845585	0
Barajit	4	535	262327	863888	0
Barajol	35	347	241519	877061	0
Barajor	4	505	247992	863731	0
Barajori	14	434	243289	859777	0
Barajpur	33	479	262383	829367	0
Barak	33	102	246897	829715	0
Baraka	15	92	135094	771808	0
Barakachha	25	546	213813	843269	0
Barakachhar	25	546	214393	842422	0
Barakamat Chistipur	4	641	261551	874450	0
Barakanka	14	276	220407	857974	0
Barakar	14	434	241176	862247	0
Barakar	14	379	243180	852740	0
Barakar	4	495	250556	854670	0
Barakarsu	33	661	273910	794950	0
Barakat	33	659	276897	797777	0
Barakatha	14	732	241691	856095	0
Barakathuabari	25	527	202775	849947	0
Baraketolah	19	313	246813	807906	0
Barakgudem	31	160	194109	798198	0
Barakham	34	413	297309	793524	0
Barakhan	28	428	257623	739963	0
Barakhandia	25	546	219090	844494	0
Barakhar	19	502	236534	794961	0
Barakhar Kalan	19	568	224576	774950	0
Barakhar Khurd	19	568	224582	774981	0
Barakhartoli	14	678	239159	849249	0
Barakhera	33	682	274602	788209	0
Barakhera	19	208	235479	778452	0
Barakhera	19	326	229931	777608	0
Barakhera	19	512	239565	801274	0
Barakhera	19	512	239555	803243	0
Barakhoj	25	273	197993	831304	0
Barakhol	25	546	210327	841828	0
Barakhol	25	683	214948	847199	0
Barakhol	25	683	213785	845723	0
Barakhol	25	372	206866	842205	0
Barakhola	3	364	249318	927442	0
Barakhur	28	113	272364	775401	0
Barakhut	4	510	255826	857818	0
Barakhutia	4	505	246100	862933	0
Barakiari	14	633	244406	876990	0
Barakkatpur	33	626	255180	815078	0
Barakola	4	505	247232	864797	0
Barakolha	25	703	209005	868296	0
Barakoli	25	292	204574	851127	0
Barakolibandha	25	527	203082	851704	0
Barakoni	33	623	265931	828696	0
Barakot	25	683	215390	850085	0
Barakot	34	413	296429	797047	0
Barakot	34	413	294982	798715	0
Barakot	4	505	247044	861927	0
Barakpur	33	31	269040	815146	0
Barakunda	34	413	295880	798891	0
Barakuria	14	633	247203	875363	0
Barakwain	19	502	240559	793701	0
Baral	35	4	224867	885814	0
Baral	34	430	305414	779548	0
Baral	33	613	284850	777966	0
Baral	33	417	256058	788505	0
Baral	33	553	291303	783333	0
Baral	33	522	270913	817200	0
Baral	13	359	326816	751759	0
Baral	13	559	327359	750922	0
Baral	12	39	323003	758688	0
Baral	12	348	327608	761070	0
Baral	12	267	314828	767851	0
Baral	12	460	309987	775786	0
Baral Bari	33	196	251561	823519	0
Baral Bhalun Protected Forest	12	39	323040	758598	0
Baral Kalyanpur	33	682	274712	784628	0
Barala	13	529	332034	750743	0
Barala ki Dhani	28	288	281793	758097	0
Barala Kukarheri	33	316	294608	772272	0
Baraleo	4	597	254221	842130	0
Baralghat	20	168	210900	804070	0
Barali	28	428	259372	747181	0
Baralimarigaon	3	719	263514	921588	0
Baralka	12	348	327060	761191	0
Baralokpur	33	278	269305	791737	0
Baralpukhar	14	633	244312	877119	0
Baralpur	33	196	251342	825238	0
Baralsi	33	525	295667	775123	0
Baram	14	562	229568	862806	0
Baram	11	482	300680	768251	0
Baram	33	672	290639	775684	0
Baram	33	269	273559	824256	0
Baram	33	522	270754	824474	0
Baram	34	533	294367	799913	0
Baram	14	541	233425	853953	0
Baram Chak	4	106	247116	854938	0
Baram Chari Siwala	11	353	293099	765134	0
Baram Kathan	33	314	265234	833625	0
Baram Para	10	170	229120	743212	0
Baram Sarai	4	507	251788	851015	0
Baram Thand	19	420	250578	775499	0
Barama	3	585	265251	913494	0
Baramadpatti	33	479	259344	830422	0
Baramadpur	33	532	263698	824619	0
Baramadpur	33	479	259881	831765	0
Baramadpur	33	575	262404	826590	0
Baramadpur	33	479	261519	828449	0
Baramadpur	33	479	261947	831826	0
Baramadpur Jariari	33	532	264023	824175	0
Baramahu	19	443	217797	778008	0
Baramai	33	644	276033	781772	0
Baramai	33	644	276931	783582	0
Baramai	33	389	271050	784742	0
Baramai	33	584	256569	818244	0
Baramai Khera	33	644	274473	779519	0
Baramal	33	644	274537	779603	0
Baramal	25	546	216096	843907	0
Baramallur	30	215	127314	781286	0
Baramana	14	673	241690	845393	0
Baramangaguda	1	258	181253	826787	0
Baramannu	30	114	114832	767294	0
Baramar	33	584	253494	818709	0
Baramaria	25	405	217000	870667	0
Baramasi	1	258	181366	827182	0
Baramasia	14	643	242251	874116	0
Baramasia	14	442	252052	875390	0
Baramasia	14	442	250470	875200	0
Baramasia	14	442	251238	875811	0
Baramasia	14	442	250045	876194	0
Baramasia	14	442	251231	876754	0
Baramasia	14	633	245039	877497	0
Baramasia	14	633	246952	875265	0
Baramasia	14	633	245114	875373	0
Baramasia	14	633	245117	876537	0
Baramasia	14	633	246741	876206	0
Baramasia	14	633	247182	877182	0
Baramasia	14	633	246917	877474	0
Baramasia	14	633	245528	876815	0
Baramasia	14	643	243462	875038	0
Baramasia	14	633	243977	876268	0
Baramasia	14	643	241663	875036	0
Baramasia	35	347	240760	875950	0
Baramasia	14	643	242003	876351	0
Baramasia	35	347	241852	877211	0
Baramasia	14	633	246459	878982	0
Baramasia	14	633	246421	877795	0
Baramasia	14	483	241983	868207	0
Baramasia	14	483	242455	868558	0
Baramasia	14	483	242157	869563	0
Baramasia	14	643	241546	869403	0
Baramasia	14	738	240122	869642	0
Baramasia	14	738	240212	867524	0
Baramasia	14	738	240768	867621	0
Baramasia	14	434	242921	859343	0
Baramasia	14	434	246056	860574	0
Baramasia	14	434	245699	862380	0
Baramasia	14	434	242473	861264	0
Baramasia	14	434	240703	860385	0
Baramasia	14	434	240853	861710	0
Baramasia	14	434	240606	861097	0
Baramasia	14	434	243376	862642	0
Baramasia	14	434	242479	862944	0
Baramasia	14	434	242367	864542	0
Baramasia	14	434	241041	864268	0
Baramasia	14	434	241885	863131	0
Baramasia Chhota	14	633	243672	876904	0
Baramasiatanr	14	434	241127	863910	0
Baramasla	14	633	244720	876046	0
Baramau	33	659	272588	797230	0
Baramau	33	575	264684	818539	0
Baramau Bangar	33	548	271578	798097	0
Barambaba	19	646	242851	818756	0
Barambaba	19	646	242825	819107	0
Barambe	14	541	234346	851494	0
Barambhari	33	269	272674	823938	0
Barambiri	1	258	183101	824802	0
Barambirpur	33	575	263780	820435	0
Baramda	28	463	276796	768652	0
Baramdaspur	33	685	265920	810338	0
Baramdaspur	33	27	256812	837421	0
Baramdhar	34	530	293755	797418	0
Baramdin Purwa	33	522	271014	822776	0
Baramgala	13	1	336050	744136	0
Baramgir	19	202	218690	765035	0
Baramguda	25	305	189969	823935	0
Baramh Asthan	4	615	261200	846996	0
Baramhaen	4	602	254494	878166	0
Baramjitpur	33	575	262840	819755	0
Baramjitpur	33	654	261372	814718	0
Baramkela	25	478	212346	836911	0
Baramo	14	434	244431	862806	0
Baramoria	14	434	244160	862934	0
Baramoria	14	434	243849	862599	0
Baramoriya	19	503	227855	791098	0
Barampur	33	314	265822	835875	0
Barampur	34	574	297259	781268	0
Barampur	34	574	298788	779270	0
Barampur	34	574	297056	778831	0
Barampur	33	553	295402	784456	0
Barampur	33	280	271638	831644	0
Barampur	33	496	271559	831799	0
Barampur	33	314	270669	833812	0
Barampur	33	515	263967	836201	0
Barampur	33	539	268832	838160	0
Barampur	6	455	211214	806816	0
Barampur	6	723	222100	816283	0
Barampur	4	675	263383	846427	0
Barampur	4	382	266996	848525	0
Barampur	4	136	258871	861385	0
Barampura	33	417	256574	791159	0
Barampura	28	321	243527	762676	0
Barampura	6	611	215284	833312	0
Barampura	25	546	214090	839629	0
Barampura	4	382	268298	848619	0
Barampura	4	569	260706	862947	0
Barampura	4	581	255769	851563	0
Barampuri	33	661	274383	792627	0
Baramsal	14	628	227378	857630	0
Baramsar	28	210	270110	708891	0
Baramsar	28	467	290729	743020	0
Baramsari	33	314	264622	831792	0
Baramshettiwadi	20	131	176612	761956	0
Baramsila	33	619	253990	809912	0
Baramtanda	34	413	295408	799592	0
Baramthan	14	434	245378	861563	0
Baramtora	34	533	293995	799688	0
Baramu	12	460	310971	774983	0
Baramul	25	527	204992	848726	0
Baramunda	25	372	204961	846386	0
Baramureatoli	14	712	239304	838139	0
Baramusa	25	262	217954	849416	0
Baran	27	680	297131	753631	0
Baran	13	0	345851	743819	0
Baran	12	604	309483	770805	0
Baran	27	543	303998	764013	0
Baran	33	659	272813	797513	0
Baran	13	640	333891	749567	0
Baran	28	357	249147	764745	0
Baran Bat	13	289	341004	739124	0
Baran Bigha	4	734	251234	845779	0
Baran Bigha	4	394	249343	842121	0
Baran Minor	27	543	303763	763778	0
Baran Purwa	33	522	271913	816887	0
Baran Purwa	33	522	271436	817181	0
Baran Purwa	33	522	271303	816783	0
Barana	28	487	250167	765667	0
Barana	11	439	298804	769153	0
Barana	19	462	250597	788225	0
Barana	28	357	252782	762774	0
Barana	28	321	246075	763349	0
Barana	27	608	304619	768901	0
Barana	19	395	245599	782562	0
Barana	19	462	250498	791311	0
Barana	19	484	257668	787013	0
Barana	19	313	247351	807000	0
Barana	11	286	294601	770660	0
Barana	12	39	320477	763801	0
Barana	28	263	253005	730567	0
Barana	4	394	251175	842320	0
Barana ka Bas	28	113	276961	770898	0
Barana ka Khirk	19	462	250449	791191	0
Baranagar	33	593	277315	787545	0
Baranalyo	12	460	312062	773268	0
Baranand	19	638	244199	794159	0
Baranch	28	298	258878	743032	0
Baranda	10	107	235556	686780	0
Baranda	33	152	266901	828667	0
Baranda	12	39	322589	757916	0
Baranda	4	112	245671	843779	0
Baranda	14	541	232026	858203	0
Baranda	14	310	232778	848108	0
Barandapat	25	572	205254	826082	0
Barandi	12	653	314139	774439	0
Barandi	4	112	245788	843790	0
Barandi	4	495	252678	855818	0
Barandia	14	276	225282	857331	0
Barandih	4	117	244948	851272	0
Barandih	4	569	258855	861662	0
Barandli	12	460	313378	777165	0
Barandur	15	333	137981	757149	0
Barandwa	19	303	232939	761664	0
Barane	13	477	324377	756439	0
Barang	25	292	204071	858350	0
Barang	12	83	315108	782654	0
Barang	14	310	232751	844218	0
Barang Edgi	31	58	184967	777841	0
Baranga	19	446	222629	769536	0
Baranga	33	694	252667	833308	0
Baranga	19	449	227340	811446	0
Baranga Khurd	19	325	221167	788175	0
Barangabari	3	716	264540	919188	0
Barangakot	25	478	216314	834191	0
Barangal	34	413	299306	792399	0
Barangal	12	348	326249	760086	0
Barangamal	25	290	216175	838970	0
Barangapadar	25	349	193404	836141	0
Barangapur	33	532	266371	824854	0
Barangaputtu	25	305	188088	825199	0
Barangateli	19	325	221725	788437	0
Barangbahal	25	478	211236	834850	0
Barangda	19	461	229813	801868	0
Barangi	25	-1	218084	873190	0
Barangi	19	568	227159	781466	0
Barangi	19	446	222557	769654	0
Barangi	33	33	259204	827256	0
Barangi	14	416	232358	851540	0
Barangibanda	1	258	182290	829158	0
Barangimetta	25	305	185512	829961	0
Barangna	19	338	239469	784736	0
Barangor	12	348	326168	760229	0
Barangpali	25	478	211742	836148	0
Barangpas	25	349	194762	830273	0
Barangput	25	305	191016	830057	0
Barangwari	19	443	220262	782477	0
Barangwari	19	443	220074	776511	0
Baranh	12	514	306471	774615	0
Baranhai Keshopur	33	329	283609	796906	0
Baranhara	27	647	309365	757722	0
Baranhara	6	627	204085	818498	0
Baranhin	33	444	251297	803583	0
Barani	11	439	298919	768936	0
Barani	12	267	315732	771142	0
Barani	19	202	221035	764433	0
Barani	14	570	248746	872283	0
Baranipalle	1	207	134276	785350	0
Baraniya	4	117	248102	849163	0
Baranj	20	110	201457	791061	0
Baranj	12	39	321606	761623	0
Baranj	19	217	229345	812461	0
Baranj	19	217	229221	812573	0
Baranjala	20	53	201913	758742	0
Baranjh	19	326	231563	784342	0
Baranjh	19	503	229220	788715	0
Baranjh	19	503	229335	789417	0
Barankar	12	39	320761	764277	0
Barannaoalli	31	717	185184	792546	0
Barannari	13	1	336676	744413	0
Barano	14	732	242870	857670	0
Baranpur	33	479	257681	829472	0
Baranpur	33	27	255861	833248	0
Baranpur	33	27	256992	833718	0
Baranpur	33	698	258700	807961	0
Baranpur	33	33	259583	826197	0
Baranpur	33	584	249761	820459	0
Baranpur	33	522	269249	819199	0
Baranpur	33	605	265475	821056	0
Baranpur	33	688	258878	819536	0
Baranpur	19	309	232905	762401	0
Baranpur	33	31	271218	814448	0
Baranpur	33	31	268532	816060	0
Baranpur	33	31	268949	816400	0
Baranpur Birhar	33	548	268637	796864	0
Baranpur Kainjari	33	645	266035	799329	0
Baranpura	33	33	256789	829707	0
Baranpura	4	520	258696	847472	0
Baranra	33	174	276557	776618	0
Barantala	14	570	248060	871688	0
Baranthia	28	263	261167	741333	0
Baranthia Kalan	28	263	261074	740843	0
Baranthia Khurd	28	263	261184	741381	0
Baranti	4	687	256789	853243	0
Barantpur	4	112	247578	843675	0
Barantpur	4	535	265169	860274	0
Barantpur	4	410	264845	870033	0
Barantpur	4	641	263502	872665	0
Barantpur	4	581	255440	852506	0
Baranw	14	673	240749	839667	0
Baranwala	27	545	310935	747847	0
Baranwan	33	698	258296	806639	0
Baranwan	33	31	266055	814298	0
Baranwan	33	605	266909	817479	0
Baranwar Mafi	33	280	271002	829631	0
Barao	33	686	267268	796171	0
Baraodh	33	458	290789	773271	0
Baraoli	11	286	294681	769644	0
Baraon	33	694	250916	833136	0
Baraon	19	497	247231	819072	0
Baraon	19	497	247146	818980	0
Baraon	33	522	271978	816870	0
Baraon	33	269	274673	821640	0
Baraon	33	605	265594	822035	0
Baraon	33	623	264926	831866	0
Baraon	33	515	263551	836420	0
Baraon	33	584	252296	819426	0
Baraon	4	394	250643	841670	0
Baraon	4	597	254552	842661	0
Baraon	4	363	253692	844055	0
Baraon Nankar	33	280	272228	828190	0
Baraon Rasulpur	33	584	254710	820562	0
Barap	33	102	243514	833980	0
Barap	4	718	247617	837201	0
Barap	4	363	254260	845657	0
Barapada	25	703	210864	864228	0
Barapadar	25	372	206178	842208	0
Barapadar	25	399	208714	844280	0
Barapahari	14	633	245795	875456	0
Barapahari Chak	35	347	242015	877127	0
Barapal	25	372	207967	841991	0
Barapal-ki-Jhonpria	28	298	255867	753144	0
Barapala	25	527	200923	850599	0
Barapali	25	683	213741	846798	0
Barapali	25	399	208644	846612	0
Barapalle	1	258	181408	827129	0
Barapalli	25	273	197327	833303	0
Barapalli	25	527	203598	848275	0
Barapalli	25	292	204664	851181	0
Barapalli	25	527	203655	850548	0
Barapalli	25	527	202363	851599	0
Barapalli	25	527	201493	851189	0
Barapara	25	373	203406	840272	0
Barapara	25	373	205193	842612	0
Barapasi	25	281	215706	856840	0
Barapasi	25	281	216984	856400	0
Barapasi	25	281	216921	857165	0
Barapat Jot	33	280	270547	829118	0
Barapata	19	326	230453	785574	0
Barapathar	13	1	339037	743566	0
Barapathar	13	289	339623	743347	0
Barapathar	19	354	220957	795550	0
Barapathar	14	643	243712	875410	0
Barapati	28	487	247453	764464	0
Barapatthar	34	430	304145	780945	0
Barapatti	4	535	265604	863919	0
Barapera	33	152	269854	825646	0
Barapeta	31	717	184871	793281	0
Barapind	27	704	311079	766105	0
Barapind	27	355	311173	758182	0
Barapipal	6	388	217650	831755	0
Baraporikha	25	527	203967	850277	0
Baraposi	25	281	218138	857230	0
Baraposi	25	399	209638	844166	0
Barapunjee Pt I	3	601	247933	922889	0
Barapur	33	645	267157	799009	0
Barapur	33	451	279559	799686	0
Barapur	19	420	248683	776767	0
Barapur	33	548	268561	798903	0
Barapur	33	27	257701	836910	0
Barapur	33	196	252172	827154	0
Barapur	13	412	338878	748873	0
Barapur	33	575	261426	823161	0
Barapur	33	688	258719	817627	0
Barapur	27	284	312349	762227	0
Barapur	14	379	243929	847424	0
Barapura	33	33	257055	822269	0
Barapura	33	526	268631	782330	0
Barapura	19	459	266428	782219	0
Barapura	33	531	291462	790800	0
Barapurikia	25	527	203322	848573	0
Barar	28	550	256590	740144	0
Barar	12	460	311852	774148	0
Barar	12	514	306946	772277	0
Barar	34	430	306047	778899	0
Barar	28	113	275981	772311	0
Barar	33	661	276805	792263	0
Barar	33	698	255528	810881	0
Barar	33	564	259657	834563	0
Barar	33	27	257071	836465	0
Barar	27	214	316719	746763	0
Barar	27	284	318386	759115	0
Barar	6	279	223822	820298	0
Barar	12	348	324678	760817	0
Barar	12	267	314157	769513	0
Barar	12	514	307924	776317	0
Barar	4	363	253369	844720	0
Barar Gad	13	529	333048	752216	0
Barar Inglis	4	363	253340	844816	0
Barara	33	116	279235	793046	0
Barara	12	460	313120	774492	0
Barara	12	514	306851	773986	0
Barara	33	526	271333	779007	0
Barara	19	322	262212	785880	0
Barara	33	269	272698	824138	0
Barara	13	477	325338	754467	0
Barara	19	334	238621	760713	0
Barara	4	495	252179	854768	0
Barara Buzurg	33	654	260519	811046	0
Bararadas	28	519	283950	750431	0
Bararakhaman	25	527	203048	849700	0
Bararam	4	615	261572	843627	0
Bararana	34	617	290539	796859	0
Bararasahi	25	399	208032	849674	0
Bararasar	28	519	283813	745427	0
Barare	4	567	251155	861876	0
Bararghata	20	110	204901	792648	0
Bararguwalia	28	321	246793	762552	0
Bararhi	4	718	251722	834633	0
Bararhi	4	718	251152	835167	0
Bararhi	4	394	251991	839602	0
Bararhi	4	394	249776	840867	0
Bararhi	4	394	249779	841856	0
Bararhi	4	597	253688	840945	0
Bararhi	4	597	254757	843294	0
Bararhi	4	535	261062	864333	0
Bararhi Kalan	4	394	252814	840540	0
Bararhi Khurd	4	394	252853	840465	0
Bararhia	13	358	331300	755088	0
Barari	4	602	255068	873761	0
Barari	4	396	252671	870205	0
Barari	13	1	338844	743069	0
Barari	12	514	307108	775561	0
Barari	28	302	264571	760065	0
Barari	33	613	285008	778823	0
Barari	33	174	273672	777126	0
Barari	6	627	206374	815802	0
Barari	6	627	206371	815697	0
Barari	6	627	206962	816639	0
Barari	33	174	276332	778437	0
Barari	19	311	225251	767667	0
Barari	33	698	259101	808961	0
Barari	33	688	258337	821811	0
Barari	33	33	258561	825167	0
Barari	19	337	240267	805661	0
Barari	19	313	241229	809335	0
Barari	33	623	265596	829808	0
Barari	33	515	265578	837484	0
Barari	33	515	266132	837471	0
Barari	33	515	262145	839316	0
Barari	12	39	320138	760686	0
Barari	12	348	323874	765055	0
Barari	33	613	282540	781892	0
Barari	4	615	262172	845320	0
Barari	4	663	251020	858858	0
Barari	14	570	251971	873973	0
Barari	4	495	252426	851657	0
Barari Diara	4	567	252999	860905	0
Barari Gala	13	1	337250	740833	0
Barari Khera	11	353	292201	763249	0
Barari Nankar	33	312	278434	811865	0
Bararia	33	314	266387	833565	0
Bararia	19	303	230157	753600	0
Bararia Dargahi	33	522	273508	819464	0
Barariha	4	457	269202	841806	0
Bararika	12	348	326501	762023	0
Bararikh	33	661	272693	794234	0
Barariwala	27	214	316043	748530	0
Barariya	19	325	222329	787691	0
Barariya	19	322	267168	785587	0
Bararkinhi	20	390	210296	799251	0
Bararo	35	587	259963	878461	0
Bararod	28	298	251921	745533	0
Bararod ka Khera	28	298	251973	745804	0
Bararoh	13	559	329085	744302	0
Bararowal	27	284	318463	755773	0
Bararpani	6	723	225310	816213	0
Bararpur	33	242	252638	829634	0
Bararta	12	267	317165	767620	0
Bararu	33	417	255209	793851	0
Bararu	19	338	238790	787747	0
Bararu	12	348	327366	761147	0
Bararu	12	348	327215	761560	0
Bararum	19	607	246008	827149	0
Bararwa	4	410	261531	868500	0
Bararwal	27	571	303992	758882	0
Bararwal	27	543	304237	761854	0
Bararwan	33	654	260863	811273	0
Baras	11	439	297385	767518	0
Baras	12	460	309675	774462	0
Baras	33	654	262038	810512	0
Baras ka Dhala	12	514	306746	775162	0
Barasa	25	292	204906	852304	0
Barasa Ahir	33	522	270456	822829	0
Barasahi	25	368	217281	867438	0
Barasahi	25	399	211243	847968	0
Barasahi	25	527	202805	848757	0
Barasai	25	277	211468	854055	0
Barasai	25	373	202977	841348	0
Barasai	25	373	202868	841320	0
Barasakuwa	14	740	236502	846531	0
Barasal	35	347	241498	877825	0
Barasan	33	575	261998	821089	0
Barasara	12	514	307318	771799	0
Barasat	35	432	226842	884411	0
Barasat	35	432	229195	888383	0
Barasath	4	597	253667	842796	0
Barasel	19	568	223251	776378	0
Barasgaon	20	138	192432	774011	0
Barasi	34	430	302557	781687	0
Barasi	14	732	240295	854290	0
Barasi	14	732	239211	854220	0
Barasia	19	395	247722	780227	0
Barasil	13	358	331026	756221	0
Barasiliga	25	527	204453	847987	0
Barasiliga	25	527	204526	849643	0
Barasingha	25	292	205163	852123	0
Barasingha	14	434	240264	861973	0
Barasinghatoli	14	498	236598	858786	0
Barasjaha	19	313	241979	812477	0
Barasloia	14	476	227061	848530	0
Barasni	28	298	257632	744556	0
Baraso	4	615	262192	841720	0
Barasol	14	483	241489	868549	0
Barasta	33	242	253485	827302	0
Barasu	33	613	282476	780369	0
Barasu	34	351	305977	791199	0
Barasuli	14	434	242548	863296	0
Baraswada	20	134	196504	800441	0
Baraswada	20	138	190793	770835	0
Baraswadi	20	138	184997	773988	0
Baraswan	33	564	259765	833219	0
Barat	13	289	343243	744420	0
Barat	11	565	306461	770695	0
Barat	19	638	250427	795244	0
Barat	34	589	297427	790771	0
Barat	4	106	248025	853770	0
Barat Bhari	33	595	276226	820498	0
Barat Bojh	33	656	286621	797202	0
Barat Ka Gaon	28	210	267141	719790	0
Barat Pahari	33	591	253713	798888	0
Barata	33	417	255027	787311	0
Baratalab	33	626	254066	815167	0
Baratam	1	453	185747	839485	0
Baratambedu	30	220	134331	800459	0
Baratangra	25	262	218759	848499	0
Baratanr	4	117	245829	846174	0
Baratanr	4	106	246939	853855	0
Baratanr	4	117	246375	852521	0
Baratanr	4	106	247617	857022	0
Baratanr	14	483	241332	868177	0
Baratanr	14	643	241404	869370	0
Baratanr	14	738	240548	869059	0
Baratanr	14	738	240453	868087	0
Baratanr	14	434	247143	859937	0
Baratanr	14	434	242539	858828	0
Baratanr	14	434	242267	861181	0
Baratanr	4	505	248211	864351	0
Baratanr	4	505	245197	864423	0
Baratanr	4	505	246387	864526	0
Baratanr	4	505	244543	864272	0
Baratantangal	30	197	122476	793398	0
Baratantangal	30	192	127280	795319	0
Baratgara	33	496	270852	833868	0
Baratha	33	33	260057	826808	0
Barathaghat	19	-1	254864	787300	0
Barathanpur	33	329	284008	790488	0
Barathi	33	33	256584	823407	0
Barathidasan Nagar	30	199	130439	802750	0
Barathpur	33	637	264058	818036	0
Barati	19	497	246019	817236	0
Barati	19	497	245949	817103	0
Barati	19	497	250992	815558	0
Barati	19	217	226903	817529	0
Baratintolahs	19	313	246759	807905	0
Baratipur	33	488	273092	810508	0
Baratitola	19	337	240431	806931	0
Baratka	12	348	326713	760934	0
Baratmari	19	325	224743	792205	0
Baratnara	6	299	214210	816376	0
Barato	22	162	256086	924591	0
Baratola	19	142	217109	797460	0
Baratola	19	313	247647	809699	0
Baratola	19	461	226731	807030	0
Baratola	6	517	219850	808776	0
Baratola	19	449	229960	810042	0
Baratola	4	117	246015	850160	0
Baratola	4	117	247416	851118	0
Baratola	19	354	224429	794135	0
Baratola	4	410	261269	866596	0
Baratoli	14	416	229608	850596	0
Baratoli	14	416	228781	850454	0
Baratoli	14	416	228056	850151	0
Baratoli	14	310	230669	847063	0
Baratpur	14	379	243415	846459	0
Barau	19	-1	249561	753731	0
Barau	12	460	310530	774171	0
Barau Purwa	33	654	260179	811396	0
Baraua	19	420	255985	780993	0
Baraua Bhitarwar	19	465	258269	781238	0
Barauba	19	465	258151	782376	0
Barauchhi	33	645	265837	799141	0
Baraud	19	420	249755	776645	0
Baraud	6	374	226386	825178	0
Barauda	11	466	291424	766152	0
Barauda	19	338	237167	789096	0
Barauda	33	525	292458	774310	0
Barauda	33	613	283678	777242	0
Barauda	6	299	211832	817532	0
Barauda	19	576	232890	799200	0
Barauda	33	526	271461	778491	0
Barauda	19	503	230194	794697	0
Barauda	19	337	234963	802498	0
Barauda	19	336	235072	806728	0
Barauda	6	299	213726	818271	0
Barauda Hindwan	33	724	287323	776943	0
Barauda Masharakpur	33	174	272493	777467	0
Barauda Sahani	33	724	286380	777384	0
Baraudha	33	593	279627	786817	0
Baraudi	19	484	255282	783187	0
Baraudi	19	309	236828	763188	0
Baraudia	33	370	242940	783910	0
Baraudia	33	370	244774	784804	0
Baraudih	14	541	235145	852029	0
Baraudiya	19	338	244199	782815	0
Baraudiya Kalan	19	568	226727	778240	0
Baraudya	28	487	246394	768780	0
Baraug	12	460	311381	772967	0
Baraug	12	514	309915	773831	0
Barauh	33	613	282543	780565	0
Barauha	19	497	249308	814083	0
Barauhan	33	584	249206	819789	0
Barauhan	33	196	248975	824806	0
Barauhan	33	196	246398	823504	0
Barauhan	33	698	259527	810260	0
Barauhan	19	512	244364	799435	0
Barauhi	33	479	262419	832204	0
Barauhli	33	694	252619	831725	0
Barauji	11	524	280732	769674	0
Baraul	12	514	307426	775768	0
Baraul	28	428	262470	749875	0
Baraula	11	664	302112	767604	0
Baraula	12	267	312699	772861	0
Baraula	33	523	279158	780563	0
Baraula	33	645	264407	799340	0
Baraula	33	626	255163	812623	0
Baraula	33	301	264120	808679	0
Baraula	33	654	262960	809363	0
Baraula	33	575	263914	821782	0
Baraula	12	267	314513	768259	0
Baraula	33	613	281908	781081	0
Baraula	33	523	281138	780561	0
Baraula	33	492	288388	788205	0
Baraula	33	312	279463	804738	0
Baraule	19	497	249570	814705	0
Baraule	19	497	249710	814899	0
Baraule	19	497	249738	814631	0
Barauli	33	523	280889	780577	0
Barauli	33	174	273430	778765	0
Barauli	28	599	265528	774199	0
Barauli	11	664	302229	767391	0
Barauli	33	548	270989	798701	0
Barauli	33	548	269153	795885	0
Barauli	33	686	267729	796523	0
Barauli	11	664	304840	771031	0
Barauli	11	88	302937	774140	0
Barauli	11	741	283783	773439	0
Barauli	11	466	290108	771686	0
Barauli	27	608	307950	765742	0
Barauli	33	174	276797	775608	0
Barauli	33	682	277260	786542	0
Barauli	33	389	271796	785176	0
Barauli	33	445	271828	789346	0
Barauli	33	682	275843	788026	0
Barauli	33	526	271201	778033	0
Barauli	33	445	272821	792259	0
Barauli	33	548	270866	796591	0
Barauli	33	659	272688	799449	0
Barauli	33	644	276670	781601	0
Barauli	33	682	275248	783679	0
Barauli	33	593	279058	785979	0
Barauli	33	645	261479	798502	0
Barauli	33	621	257980	795037	0
Barauli	19	638	252129	802918	0
Barauli	33	27	256487	833943	0
Barauli	33	688	258667	822082	0
Barauli	33	688	258700	822172	0
Barauli	33	688	258784	822187	0
Barauli	33	33	259006	824539	0
Barauli	33	33	256601	825349	0
Barauli	33	33	255414	825225	0
Barauli	33	102	246859	828423	0
Barauli	33	102	246976	829749	0
Barauli	33	685	266815	808643	0
Barauli	33	301	265171	808580	0
Barauli	33	31	268490	811387	0
Barauli	33	522	271676	817141	0
Barauli	33	522	272530	818098	0
Barauli	33	522	269372	818151	0
Barauli	33	492	285347	787584	0
Barauli	33	626	253947	813615	0
Barauli	33	605	265015	820044	0
Barauli	33	575	264721	820309	0
Barauli	33	605	264916	821514	0
Barauli	33	688	260374	820094	0
Barauli	19	497	250088	814934	0
Barauli	33	605	266813	822937	0
Barauli	33	605	265722	823003	0
Barauli	33	575	263695	823701	0
Barauli	33	532	264284	827122	0
Barauli	33	280	271919	831575	0
Barauli	33	623	266327	830838	0
Barauli	33	314	266975	831776	0
Barauli	33	479	262528	831463	0
Barauli	33	314	264786	832115	0
Barauli	33	314	268371	834638	0
Barauli	33	314	267735	834844	0
Barauli	33	496	269499	835200	0
Barauli	33	539	268323	836039	0
Barauli	33	515	263483	837146	0
Barauli	33	564	261122	835812	0
Barauli	33	584	252791	818425	0
Barauli	33	659	271391	806774	0
Barauli	33	685	270046	807443	0
Barauli	33	488	277255	808375	0
Barauli	33	31	271025	812320	0
Barauli	11	722	280805	774369	0
Barauli	33	613	283675	781820	0
Barauli	33	605	267577	816449	0
Barauli	4	363	255202	847092	0
Barauli	14	673	245034	840798	0
Barauli	4	112	246657	842190	0
Barauli	4	394	251334	841556	0
Barauli	4	363	253269	843752	0
Barauli	4	112	249524	843070	0
Barauli	33	444	256036	809566	0
Barauli	4	106	247952	854263	0
Barauli	33	710	261911	790807	0
Barauli	33	659	273904	802114	0
Barauli Ahir	33	526	271225	780576	0
Barauli Asanatpur	33	532	262519	826264	0
Barauli Azam	33	444	254570	806431	0
Barauli Barar	33	522	269412	818174	0
Barauli Basdeopur	33	613	285775	780172	0
Barauli Bhikam	33	523	278094	779843	0
Barauli Gujar	33	526	271488	781902	0
Barauli Nawagaon	33	431	296954	775152	0
Barauli Rajaipur	33	516	260404	836915	0
Barauli Rath	33	621	255195	795712	0
Barauli Saunrai Buzurg	33	626	257180	813074	0
Baraulia	33	682	274991	789248	0
Baraulia	33	445	274353	789342	0
Baraulia	33	698	257077	809976	0
Baraulia	33	685	265761	809473	0
Baraulia	33	654	261794	807510	0
Baraulia	33	654	262442	809978	0
Baraulia	33	654	264483	813000	0
Baraulia	33	282	271574	815200	0
Baraulia	33	522	271373	817105	0
Baraulia	33	282	274907	818335	0
Baraulia	33	269	273942	822551	0
Baraulia	33	688	257044	817295	0
Baraulia	33	282	275090	813777	0
Baraulia	33	637	262867	816134	0
Baraun	33	661	274109	795088	0
Baraun	19	497	247395	812945	0
Baraun	12	267	314649	768464	0
Baraun	4	117	246425	848702	0
Baraun	33	659	275732	799984	0
Baraun	4	106	248982	858642	0
Barauna	33	593	278046	790021	0
Barauna	19	459	263834	778832	0
Barauna	19	322	265301	782727	0
Barauna	33	479	258357	827982	0
Barauna	4	718	250431	833332	0
Barauna	33	564	258996	835003	0
Barauna	33	685	267610	810138	0
Barauna	33	33	261162	825414	0
Barauna	33	33	260732	826571	0
Barauna	33	532	264014	827617	0
Barauna	33	539	269193	836088	0
Barauna	4	615	259782	842922	0
Barauna	4	632	255555	870022	0
Barauna	4	687	258800	852331	0
Barauna	4	687	256871	853016	0
Barauna	33	659	270191	802046	0
Barauna Kalan	33	686	268502	793666	0
Barauna Khurd	33	686	268768	793550	0
Baraunan	33	584	254135	821018	0
Baraunda	11	482	299575	770593	0
Baraunda	33	516	256889	839941	0
Baraunda	33	31	266240	812460	0
Baraunda	33	27	255345	836519	0
Baraunda Bamhnauli	33	694	254828	833707	0
Baraundha	33	196	249520	822578	0
Baraundha	19	313	250392	806297	0
Baraundha	19	610	241269	811200	0
Baraundha	33	196	251275	825834	0
Baraundhi	33	102	247307	827270	0
Baraundi	11	482	299589	770446	0
Baraundi	33	654	263017	809003	0
Baraunga Baland	27	624	306196	762775	0
Baraunga Zir	27	624	306186	762783	0
Baraungi	33	152	271069	826605	0
Baraunha	19	497	249679	817114	0
Baraunha	19	607	240763	825385	0
Baraunhi	33	196	247981	826619	0
Barauni	33	242	253318	828546	0
Baraunia	4	569	258303	863443	0
Baraunian	33	152	267468	826832	0
Barauniya	19	607	242122	824553	0
Baraunjh	33	694	250837	831827	0
Baraunra	33	27	258295	836639	0
Baraunsa	33	575	262593	822169	0
Barauntiya	4	597	252908	840385	0
Baraur	33	645	263151	798407	0
Baraur	33	694	252184	832462	0
Baraur	33	417	255590	789208	0
Baraur	33	33	259083	826607	0
Baraur	12	348	325916	761615	0
Baraur	33	329	286149	795812	0
Baraur	4	569	260837	860038	0
Baraur Amanullahpur	33	116	282086	790997	0
Baraur Jhikli	12	348	325863	761655	0
Baraura	33	116	278904	790086	0
Baraura	33	451	279712	799406	0
Baraura	33	659	274272	798805	0
Baraura	19	395	247865	777024	0
Baraura	33	694	250863	832966	0
Baraura	33	694	250402	832704	0
Baraura	4	718	253514	836538	0
Baraura	33	242	253270	828080	0
Baraura	33	685	267421	809777	0
Baraura	19	313	247560	807535	0
Baraura	33	451	281230	797862	0
Baraura	33	152	268451	822610	0
Baraura	33	532	264793	826535	0
Baraura	33	575	261920	825885	0
Baraura	4	363	254075	845866	0
Baraura	33	329	287959	794244	0
Baraura	33	329	285988	795748	0
Baraura	4	363	253449	843354	0
Baraura	33	312	279037	801163	0
Baraura Buzurg	33	479	259161	832204	0
Baraura Khurd	33	479	259096	832169	0
Baraurah	33	301	264973	807815	0
Barauri	33	329	287931	794259	0
Baraus	33	526	268627	784608	0
Baraut	11	614	298697	765293	0
Baraut	33	174	279255	776963	0
Baraut	33	584	253370	822655	0
Baraut Khas	33	33	261124	826161	0
Barauta	11	439	296239	769359	0
Barauta	33	417	253986	793064	0
Barauta	4	106	248027	854284	0
Barauth	11	482	299600	770176	0
Barauth	33	174	278528	777000	0
Barautha	33	523	279607	781679	0
Barautha	4	582	250172	867272	0
Barauti	33	479	257636	829961	0
Barauti	33	33	255849	830075	0
Barautia	33	116	279206	789843	0
Barauwa	19	322	263729	784679	0
Barauwa	33	314	267386	832987	0
Baravda	28	321	243858	766012	0
Baraw	19	638	244551	790423	0
Barawa	28	550	248225	736728	0
Barawah	19	497	247016	812615	0
Barawali	28	120	271425	757025	0
Barawali	19	-1	264361	775551	0
Barawali	33	710	261400	791239	0
Barawali Hil	13	485	334047	745909	0
Barawan	19	638	251273	798737	0
Barawan	4	718	251385	834044	0
Barawan	4	718	250135	837134	0
Barawan	33	33	256118	823684	0
Barawan	4	394	249708	839840	0
Barawan	33	584	253668	817577	0
Barawan	33	654	260902	815279	0
Barawan	4	394	250558	840590	0
Barawan	4	394	250119	842436	0
Barawan	4	112	248355	843697	0
Barawan	4	106	249609	855014	0
Barawan	4	117	245393	847592	0
Barawan	4	117	247362	849101	0
Barawan	4	507	252720	850563	0
Barawan	4	581	254627	851944	0
Barawan	14	483	244040	864907	0
Barawan Bhadauli	33	282	275310	816941	0
Barawan Hargun	33	595	276274	817093	0
Barawani	19	607	242617	826114	0
Barawani	19	607	242574	825922	0
Barawarda	28	609	241854	746983	0
Barawari	4	718	248895	837431	0
Barawat	11	466	291497	770418	0
Barawat	28	599	268113	778872	0
Barawatoli	14	541	233384	854751	0
Barawha	20	110	204214	789588	0
Barawul	13	573	342815	748918	0
Baray	19	311	227369	760907	0
Baraya	33	102	246743	827721	0
Baraya	4	457	268585	847126	0
Baraya	14	738	240431	869816	0
Barayadih	4	106	248470	858549	0
Barayan	19	497	246764	819539	0