Bettiah	4	457	268023	845031	132209
Betul	19	443	219006	779023	103330
Betamcherla	1	224	154514	781480	38994
Betma	19	635	226865	756146	15999
Betul Bazar	19	443	218557	779291	10630
Bethamangala	15	47	130085	783282	10413
Bet	10	130	224529	690958	0
Bet	12	348	324670	759585	0
Bet	34	589	298115	789467	0
Bet Jewargi	15	71	175717	767841	0
Bet Savangi	20	138	190913	771663	0
Beta	35	268	229207	882343	0
Beta	33	593	277765	785799	0
Beta	14	712	240035	835855	0
Beta	14	712	239676	836110	0
Beta Dih	33	694	253392	833886	0
Beta Kakarghati	4	535	264471	861457	0
Beta Parsa	4	535	265875	859231	0
Beta Parsa	4	535	265735	859256	0
Betabagh	13	76	340254	746897	0
Betabai	33	242	252239	829283	0
Betabar Kalan	33	27	254931	835857	0
Betabar Khurd	33	27	254872	835942	0
Betad	14	541	232869	858375	0
Betagad	25	546	210643	844161	0
Betagithim	22	706	252556	904898	0
Betahal	35	397	254390	877868	0
Betahania	4	457	272895	845713	0
Betaista Enclave	8	731	285951	769767	0
Betajhori	14	276	220671	859073	0
Betakholi	25	281	213534	854814	0
Betakholli	25	527	202259	851764	0
Betal ka Pura	19	459	266425	781937	0
Betala	20	390	212572	797262	0
Betala	20	390	207732	796226	0
Betala	20	110	205675	798995	0
Betala	20	390	212547	797594	0
Betalbatim	9	101	153000	739167	0
Betaldhunga	34	589	296280	790741	0
Betalghat	34	530	295555	793474	0
Betamgeri	15	603	128661	773616	0
Betamunda	25	290	216386	837344	0
Betan	34	413	294561	798272	0
Betandhar	34	413	299255	792229	0
Betanigaon	3	366	272794	950284	0
Betanwan	33	152	267561	823056	0
Betapakhaltoli	14	673	241914	844970	0
Betapalle	1	228	155494	776994	0
Betapudi	1	219	180010	829867	0
Betapudi	1	307	164938	815624	0
Betapudi	1	308	163151	801772	0
Betapudi	1	308	164398	805373	0
Betapudi	1	212	158765	804117	0
Betapur	0	98	127167	929000	0
Betar	6	681	218534	814393	0
Betar	14	678	235484	849191	0
Betar Kandhkoili	25	399	208189	848775	0
Betarayanhalli	15	47	129965	783325	0
Betari	12	460	312127	777029	0
Betari	34	413	296673	791807	0
Betarkera	14	310	228178	849115	0
Betasing	22	705	255031	899571	0
Betatkur	15	47	130140	783644	0
Betatula	25	373	197527	836651	0
Betauna	4	535	266139	861612	0
Betauna	4	535	261477	863885	0
Betauna	4	632	259543	868563	0
Betauna	4	641	262749	875654	0
Betauna	4	590	258474	874853	0
Betauna	4	602	256795	876254	0
Betaunhan	33	152	268759	826615	0
Betaura	4	520	262109	848496	0
Betavad	20	185	211664	749104	0
Betavad	20	78	207667	759667	0
Betavad Budrukh	20	78	207794	759726	0
Betavad Khurd	20	78	207999	759530	0
Betavolu	31	241	169778	798445	0
Betavolu	1	68	164318	809803	0
Betawara	10	164	230864	730501	0
Betawaria Muwara	10	164	230337	732143	0
Betbai	14	276	225755	858611	0
Betbari	4	491	262952	876741	0
Betbari	4	491	262170	878069	0
Betchampa	14	712	242086	838719	0
Betdur	15	655	152268	751870	0
Betel	19	338	236510	792173	0
Betel	1	10	166202	797248	0
Betepar	20	168	212706	798459	0
Betergaon	20	131	184845	752531	0
Betgaon	20	187	197833	727833	0
Betgeri	15	655	156126	750072	0
Betgeri	15	97	134789	751949	0
Betgeri	15	77	157549	743348	0
Betgeri	15	59	143712	744151	0
Betgui	9	24	155098	739754	0
Betha	12	460	311246	777365	0
Betha Murlidhar	33	661	274713	792715	0
Bethal	12	460	313071	774752	0
Bethalli	15	47	129797	781128	0
Bethalli	15	69	117958	767162	0
Bethalti	30	215	125548	776647	0
Bethaluru	15	92	133533	770650	0
Bethang	17	8	345736	761250	0
Bethapur	33	312	278220	807932	0
Bethara	12	460	312110	776104	0
Bethat	14	310	234705	843839	0
Bethat	14	740	234665	846508	0
Bethaulia	4	520	258325	849957	0
Bethia Chhote	6	676	198509	806326	0
Bethiasahi	25	527	204878	848794	0
Bethjhari	25	277	210795	853029	0
Bethlahemur	30	236	91047	776482	0
Bethlar	34	533	291780	799148	0
Bethni	19	338	242737	782821	0
Bethu Chak	27	214	317269	751262	0
Bethunmi	28	550	250546	741785	0
Bethurwan	12	267	314540	773297	0
Beti	33	685	266790	807734	0
Beti	14	541	234225	856053	0
Beti	14	310	234401	843023	0
Beti	14	310	233111	845369	0
Beti	4	636	259367	864059	0
Beti Sadat	33	698	259104	809085	0
Beti Shahdeo	33	312	278074	811814	0
Betia	33	539	269831	840040	0
Betia Basant	4	382	264457	848284	0
Betia Chayara Muwara	10	164	230960	730841	0
Betibandh	14	673	242213	842295	0
Betibandhtoli	14	434	240119	860925	0
Betibilli	20	138	188428	775629	0
Betiganapalli	30	215	126352	779405	0
Betigeri	15	583	154430	756442	0
Betikeri	15	59	144397	746027	0
Betikola	25	373	200568	843278	0
Betim	9	24	155111	738283	0
Betinali	12	460	311664	772973	0
Betiyane	15	248	137819	747453	0
Betjan Gaon	3	441	274991	954437	0
Betjharan	25	368	222546	863108	0
Betjharan	25	290	217792	837045	0
Betjharan	25	546	219198	844716	0
Betkanahalli	15	652	129828	760740	0
Betkathi	20	134	205725	804959	0
Betkathi	20	134	207292	805478	0
Betkerur	15	91	145275	753435	0
Betkop	15	59	145690	748275	0
Betkot	25	273	197320	831374	0
Betla	25	305	188951	825904	0
Betla	14	678	238903	841956	0
Betla	14	678	239406	843678	0
Betlada	30	114	114059	768887	0
Betlangi	14	541	235351	849606	0
Betli	19	326	229629	779954	0
Betli	15	59	144090	747885	0
Betlu	6	374	227579	823931	0
Betma	14	476	226468	842090	0
Betma Khurd	19	635	226782	756520	0
Betmogra	20	138	187098	775387	0
Betna	33	370	244801	785160	0
Betna Chhota	14	442	252389	876233	0
Betnar	33	280	272826	825085	0
Betnar Dih	33	280	272889	825122	0
Betnati	25	527	200861	848366	0
Betne	15	77	156904	742624	0
Betnipara	25	373	205541	841329	0
Betnoti	25	368	217400	868447	0
Betoli	1	228	157843	777042	0
Betoni	3	341	269110	938466	0
Betonra	14	442	252147	876163	0
Betora	9	24	153761	740437	0
Betpadar	25	273	196902	832954	0
Betpani	34	589	299540	787109	0
Betra	25	423	200502	848325	0
Betratonki	25	-1	187593	832396	0
Betri	4	718	250433	835678	0
Betri	6	279	219047	822956	0
Betshitkallu	15	92	133167	772672	0
Betsur	15	77	157282	751410	0
Betta Gaudanahalli	15	246	140964	768582	0
Betta Savalapuram	1	453	185087	839434	0
Bettabelachenahalli	15	47	130884	780516	0
Bettad Satanhalli	15	652	128293	762296	0
Bettada Nagenahalli	15	246	141809	762738	0
Bettada Tavarekere	15	97	137142	758872	0
Bettadabidu	15	74	122088	765035	0
Bettadahalli	15	97	136922	758798	0
Bettadahalli	15	93	127465	764785	0
Bettadahalli	15	652	129465	760198	0
Bettadahalli	15	652	126904	760548	0
Bettadahalli	15	652	128541	765679	0
Bettadahalli	15	93	129157	766802	0
Bettadahalli	15	188	126473	757747	0
Bettadahalli	15	188	127038	759372	0
Bettadahalli	15	188	127427	759173	0
Bettadahundi	15	74	120731	764049	0
Bettadakelaganahalli	15	92	142675	773213	0
Bettadakesvi	15	652	131328	757741	0
Bettadakolale	15	97	133199	753654	0
Bettadakolale	15	97	133294	753712	0
Bettadakote	15	93	129991	768020	0
Bettadakurli	15	333	144960	751556	0
Bettadalur	15	652	131270	760138	0
Bettadamadhalli	15	69	119135	766406	0
Bettadamallenahalli	15	93	128119	767280	0
Bettadamalya	15	97	133278	756025	0
Bettadanur	15	69	122146	773390	0
Bettadapura	15	652	133311	761760	0
Bettadapuram	30	154	112251	769538	0
Bettadasandoddi	15	93	127196	770762	0
Bettadatimmanahalli	15	92	136704	771406	0
Bettadinnepalya	15	92	129174	771502	0
Bettadmane	15	97	130578	756809	0
Bettadmane	15	652	127393	757226	0
Bettadpur	15	74	124703	761018	0
Bettadpur	15	69	119062	767523	0
Bettaduru	15	50	160436	771216	0
Bettaduru	15	74	123694	764803	0
Bettagalale	15	652	126088	759503	0
Bettagandoddi	15	603	125303	775058	0
Bettagere	15	97	136034	755105	0
Bettagere	15	97	131098	755716	0
Bettageri	15	188	122275	758868	0
Bettagerihalli	15	47	131581	783005	0
Bettagorasai	15	652	129796	758465	0
Bettahalli	15	603	131386	771780	0
Bettahalli	15	375	131641	773864	0
Bettahalli	15	43	130171	774372	0
Bettahalli	15	375	131822	778212	0
Bettahalli	15	74	121493	764652	0
Bettahalli	15	74	126324	762272	0
Bettahalli	15	92	128895	769100	0
Bettahalli	15	93	126442	767842	0
Bettahalli	15	74	123241	768955	0
Bettahalli	15	93	124270	768530	0
Bettahalli	15	652	128995	759300	0
Bettahalli	15	92	129490	771173	0
Bettahallipalya	15	603	131465	771786	0
Bettahatti	30	114	113924	768117	0
Bettahosahalli	15	47	131655	780321	0
Bettakadur	15	265	139510	760611	0
Bettakanuru	15	333	136010	753489	0
Bettakavundanhalli	30	109	123588	780247	0
Bettakondapalle	1	190	137103	781464	0
Bettakote	15	375	131992	777412	0
Bettalamida Tanda	31	100	166772	792415	0
Bettampadi	15	55	126609	751868	0
Bettampadi	15	55	126884	751995	0
Bettampalli	15	47	131334	782773	0
Bettamugalalam	30	215	123691	779099	0
Bettangeri	15	43	131140	774113	0
Bettanhalli	15	74	122212	770407	0
Bettani	15	47	131181	780892	0
Bettasoge	15	652	125920	761352	0
Bettatti	30	114	113814	767822	0
Bettatur	15	188	121776	760617	0
Bettayyanahatti	15	246	144069	766204	0
Bettegaudan	15	74	124819	762190	0
Bettegaudandoddi	15	603	124637	774660	0
Bettenhalli	15	375	132087	775886	0
Bettepalli	30	215	125123	782413	0
Bettiahdih	4	457	268308	845046	0
Bettichal	30	114	115027	763438	0
Bettidi	25	349	192667	834971	0
Bettigahahalli	15	74	125826	763480	0
Bettigal	31	557	183065	793943	0
Bettiganahalli	15	188	127716	759250	0
Bettkumri	15	652	127818	756810	0
Bettlagam	30	201	83306	778903	0
Bettodi	15	55	128309	752599	0
Bettodi	15	55	127743	755097	0
Bettoli	15	188	121790	757789	0
Bettswamipalya	15	92	131887	770435	0
Bettukhandi	25	349	193421	833121	0
Bettumund	30	114	113962	767825	0
Bettupadu	25	349	192811	836094	0
Bettur	15	265	144880	759436	0
Bettur	15	265	144995	761212	0
Bettur	15	246	141202	768439	0
Betu	28	330	254422	725733	0
Betuania	4	520	259966	846078	0
Betul	9	101	151371	739492	0
Betul	31	730	175601	799975	0
Betul Kalan	14	377	235416	857976	0
Betul Khurd	14	377	235433	857916	0
Betula	4	112	249115	846034	0
Betur	31	75	185056	785285	0
Betvalli	15	97	135034	752341	0
Betwa	33	522	269706	824420	0
Betwa	12	460	312116	778180	0
Betwa Bhawani Bakhsh Singh	33	479	263868	831456	0
Betwala	34	617	292404	789407	0
Betwanian	4	675	265667	840747	0
Betwara	33	492	289291	788813	0
Betwara	4	136	259773	858484	0
Betwas	12	348	330842	764134	0
Betyapadu	25	349	193894	835182	0