Bhaisa	31	346	191129	779634	49764
Bhainsdehi	19	443	216449	776302	16400
Bhairapura	15	74	122200	768987	14276
Bhairamgarh	6	80	190064	810592	9026
Bhainsa	19	338	238648	787300	5144
Bhairabi	3	-1	241954	925454	4320
Bhai	33	174	273434	777028	0
Bhai	33	526	270756	780012	0
Bhai	33	242	255000	829141	0
Bhai	12	39	320581	762772	0
Bhai	12	267	314079	769727	0
Bhai Adli Sahib	27	250	312437	750013	0
Bhai Bakhtawar	27	542	300971	751337	0
Bhai Bigha	14	673	244939	839409	0
Bhai Das Khera	33	685	270315	806286	0
Bhai Khan ka Tala	28	274	252396	709025	0
Bhai Mandi	12	604	309505	768655	0
Bhai Purwa	33	522	269520	819895	0
Bhai Rupa	27	542	304324	752186	0
Bhai Sahi	4	457	269200	844607	0
Bhai-ka-Pind	27	468	319014	752203	0
Bhaia Nagla	33	531	286988	789759	0
Bhaia Ram Bherihari	4	457	266754	844388	0
Bhaian Caraon	12	348	325711	762092	0
Bhaianpara	25	290	216319	839193	0
Bhaianwala	27	545	309314	746736	0
Bhaiapatti	4	535	265116	860067	0
Bhaiapur	33	613	284030	780721	0
Bhaiar	11	482	300253	770351	0
Bhaiara	33	31	270187	812778	0
Bhaiari	28	463	275115	768430	0
Bhaiari Kalan	33	584	250624	820618	0
Bhaiari Khurd	33	584	250597	820472	0
Bhaiata	28	493	236940	736909	0
Bhaiatol	4	535	264285	861907	0
Bhaiawari	19	443	220093	783757	0
Bhaidi	20	112	201279	755462	0
Bhaidira	4	602	255222	873906	0
Bhaidpur	33	688	259853	821728	0
Bhaidpur	33	637	264137	817717	0
Bhaidpur	33	516	258144	841650	0
Bhaiduwa	33	685	266541	809975	0
Bhaiganwa	33	152	266641	829212	0
Bhaigaon	20	138	190890	773760	0
Bhaigaon	20	138	191058	773885	0
Bhaigaon	20	138	185435	775224	0
Bhaigaon	4	396	251635	870267	0
Bhaigaon	20	112	202177	755808	0
Bhaiha	4	457	269507	844708	0
Bhaiji Bhita	4	106	246280	854748	0
Bhaiji Muwara	10	164	230683	732173	0
Bhaikar	12	348	324474	759442	0
Bhaikhan Ka Pura	19	459	265955	781968	0
Bhaikhera	11	524	278516	770253	0
Bhaikpur	13	289	343001	743017	0
Bhaila	12	460	310493	772999	0
Bhaila	12	460	309127	774719	0
Bhaila	12	514	305473	777784	0
Bhaila Kalan	33	431	297002	776143	0
Bhaila Makhduempur	33	626	254963	814389	0
Bhailamau	33	659	274318	798529	0
Bhaill	12	460	311653	771194	0
Bhailmunda	6	384	229635	842960	0
Bhailoni Ludhyau	33	370	248284	785940	0
Bhailoni Suba	33	370	249215	786193	0
Bhailsa	19	509	253199	786927	0
Bhailsi	19	509	251489	786190	0
Bhailwara	33	370	245991	783735	0
Bhaim	34	481	304677	782236	0
Bhaimti	33	523	278402	779841	0
Bhaimunda	14	476	226211	840767	0
Bhaimunda	14	476	226132	841331	0
Bhain	33	575	262105	820093	0
Bhaina	34	413	296222	798032	0
Bhainabahra	6	393	209848	824616	0
Bhainabera	25	546	216619	844257	0
Bhainabhata	6	681	217186	815699	0
Bhainamau	33	659	272879	801815	0
Bhainapara	6	17	219500	831215	0
Bhainapur	33	654	261362	815240	0
Bhainar	34	413	298118	794296	0
Bhainatora	25	478	216354	834457	0
Bhainchh	13	1	337545	741197	0
Bhainchilam	34	589	298280	790965	0
Bhaindaulia	33	152	268198	825742	0
Bhaingana	19	465	259372	781726	0
Bhaingaon	33	659	272317	805282	0
Bhaingwa	4	505	249159	864561	0
Bhaini	11	327	294115	758722	0
Bhaini	11	482	300507	770054	0
Bhaini	27	542	303451	751625	0
Bhaini	27	571	300117	757761	0
Bhaini	11	327	292450	761599	0
Bhaini	27	480	310451	751724	0
Bhaini	27	544	315280	753493	0
Bhaini	27	355	310365	757305	0
Bhaini	4	569	259001	861694	0
Bhaini Badali	11	689	290144	762861	0
Bhaini Badechhian	27	214	315324	751355	0
Bhaini Bagha	27	680	300582	753617	0
Bhaini Bangar	27	468	318187	753909	0
Bhaini Chelawali	11	689	289663	762445	0
Bhaini Gahi	27	647	309275	760466	0
Bhaini Gillan	27	214	317031	749022	0
Bhaini Gujran	27	647	309533	754988	0
Bhaini Gumukh Singh	27	250	313303	747493	0
Bhaini Harse Khan	27	544	312972	751549	0
Bhaini Harse Khan	27	544	313025	751387	0
Bhaini Jassa	27	696	302681	755266	0
Bhaini Jattan	11	415	290282	761028	0
Bhaini Kalan	11	439	297498	769342	0
Bhaini Kalan	27	742	304676	759065	0
Bhaini Kanian	27	468	319633	755065	0
Bhaini Khadar	27	468	318361	755327	0
Bhaini Khurd	11	439	297539	769534	0
Bhaini Kimali	27	647	309288	760353	0
Bhaini Lidharan	27	214	317744	749887	0
Bhaini Maharajpur	11	689	289901	762511	0
Bhaini Mahraj	27	696	302818	756828	0
Bhaini Majra	11	614	298007	764458	0
Bhaini Massa Singh	27	250	312925	746339	0
Bhaini Mato	11	689	290075	762643	0
Bhaini Mattuan	27	250	314347	748210	0
Bhaini Melwana	27	468	319784	755309	0
Bhaini Mian Khan	27	468	318788	755152	0
Bhaini Nathu	27	647	309238	760426	0
Bhaini Paswal	27	468	319389	755158	0
Bhaini Raiyan	27	647	309349	755178	0
Bhaini Rajputan	27	214	315192	746157	0
Bhaini Ramdial	27	214	315970	753485	0
Bhaini Rangharan	11	415	290300	761054	0
Bhaini Salu	27	647	309330	760229	0
Bhaini Sidhuan	27	250	315222	750390	0
Bhainiala	27	647	308727	760690	0
Bhainiwala	27	680	299288	751960	0
Bhainjnar	6	611	215754	830598	0
Bhainjra	34	430	305997	778389	0
Bhainkari	33	644	275807	783476	0
Bhainpura	19	323	260331	769074	0
Bhainri	33	389	272616	786744	0
Bhainropali	25	546	212876	839308	0
Bhains	27	647	308888	757404	0
Bhains Garhi	33	526	272617	781398	0
Bhains Mathan	33	623	268600	830257	0
Bhainsa	6	299	213992	820353	0
Bhainsa	19	326	235327	784887	0
Bhainsa	19	503	229884	787988	0
Bhainsa	33	174	273862	776777	0
Bhainsa	19	338	235679	791087	0
Bhainsa	19	502	239526	792885	0
Bhainsa	19	502	235115	797565	0
Bhainsa	19	503	228493	792219	0
Bhainsa	19	420	256947	781809	0
Bhainsa	33	694	253528	833856	0
Bhainsa	19	502	233942	792954	0
Bhainsa	19	503	230832	794060	0
Bhainsa	19	325	226136	792710	0
Bhainsa	33	626	256137	812525	0
Bhainsa	33	196	252542	826935	0
Bhainsa	33	33	256181	824052	0
Bhainsa	33	33	255728	829729	0
Bhainsa	33	553	290287	783519	0
Bhainsa	33	152	268502	825773	0
Bhainsa	33	152	268144	825622	0
Bhainsa	33	152	268623	827228	0
Bhainsa	33	623	267825	829283	0
Bhainsa	33	152	267449	828729	0
Bhainsa	33	564	259823	833624	0
Bhainsa	33	280	271089	830292	0
Bhainsa	33	496	270383	836013	0
Bhainsa	33	623	266264	830556	0
Bhainsa	33	314	265885	832320	0
Bhainsa	33	314	265004	833268	0
Bhainsa	33	314	265433	833179	0
Bhainsa	6	365	215999	818778	0
Bhainsa	19	502	241722	797836	0
Bhainsa	33	672	291098	778803	0
Bhainsa Bamhan	33	314	265885	832267	0
Bhainsa Brijpur	33	389	273507	783124	0
Bhainsa Buzurg	33	314	264251	834884	0
Bhainsa Dih	4	394	251213	838974	0
Bhainsa Donga	33	488	273479	806806	0
Bhainsa Harihar	33	314	265715	832264	0
Bhainsa Jalalpur	33	656	282574	797184	0
Bhainsa Jot	33	269	274693	820732	0
Bhainsa Jot	33	623	265337	830614	0
Bhainsa Kalan	33	694	253457	834041	0
Bhainsa Khar	33	389	272163	784719	0
Bhainsa Khatirpur	33	33	258438	826517	0
Bhainsa Khunt	33	623	265315	830537	0
Bhainsa Khur	33	613	286418	779119	0
Bhainsa Khurd	19	325	226645	790623	0
Bhainsa Khurd	33	314	264352	834545	0
Bhainsa Khurd ka Dhana	19	325	226724	790570	0
Bhainsa Mafi	33	623	269872	830608	0
Bhainsa Naryauli	19	338	238391	785570	0
Bhainsa Nathu	33	314	265794	832267	0
Bhainsa Rampur	33	33	257962	822571	0
Bhainsa Sankra	6	627	203070	820189	0
Bhainsa Tiba	11	565	307227	768541	0
Bhainsa Tikar	33	623	265481	830797	0
Bhainsaba	33	522	272195	818360	0
Bhainsaba	33	152	269292	823640	0
Bhainsadabar	33	539	267983	838511	0
Bhainsadand	19	325	220485	788516	0
Bhainsadand	19	443	217964	784557	0
Bhainsadani	25	572	202839	825099	0
Bhainsadarha	25	478	211448	828012	0
Bhainsadarha	6	-1	208401	824113	0
Bhainsadeh	19	568	225402	773383	0
Bhainsadon	14	541	233796	849365	0
Bhainsadongri	19	325	218697	786279	0
Bhainsaghat	19	443	216980	777990	0
Bhainsaha	33	488	275690	811415	0
Bhainsaha	33	282	277069	815605	0
Bhainsaha	33	282	273883	816855	0
Bhainsaha	33	522	270285	818811	0
Bhainsaha	33	280	270835	828174	0
Bhainsaha	33	637	260841	820067	0
Bhainsaha	33	479	261349	828418	0
Bhainsaha	33	479	262285	831975	0
Bhainsaha	33	488	277990	808739	0
Bhainsaha	33	539	267137	840995	0
Bhainsaha	33	656	285419	797970	0
Bhainsaha	4	394	248951	841557	0
Bhainsaha	33	516	258569	843756	0
Bhainsahai	19	497	247843	818523	0
Bhainsahat	33	314	263597	835685	0
Bhainsahi	33	694	251522	832239	0
Bhainsahi	4	718	249793	836073	0
Bhainsahi	14	712	244951	838294	0
Bhainsahi	33	33	257960	822882	0
Bhainsahi	33	282	277150	816245	0
Bhainsahi	33	282	273296	816560	0
Bhainsahi	33	269	271160	823238	0
Bhainsahi	33	623	266599	829450	0
Bhainsahi	33	623	267563	831044	0
Bhainsahi	33	539	268085	836849	0
Bhainsahi	33	515	262184	839437	0
Bhainsahi	33	584	252570	815707	0
Bhainsahi	33	515	262712	841048	0
Bhainsahi	4	675	264404	845443	0
Bhainsahi	4	394	250061	841314	0
Bhainsahi Buzurg	33	314	264929	833614	0
Bhainsahi Jot	33	623	266082	830087	0
Bhainsahi Khurd	33	314	264864	833528	0
Bhainsahia	33	282	274703	816912	0
Bhainsahia	33	280	271334	825504	0
Bhainsahia	33	152	270596	826268	0
Bhainsahia	33	280	270803	828078	0
Bhainsahia	33	532	265064	827631	0
Bhainsahia	33	280	271851	831508	0
Bhainsahia	33	314	266188	831705	0
Bhainsahun	19	607	243766	821710	0
Bhainsahwa	33	269	274528	822746	0
Bhainsahwa	33	269	271475	823684	0
Bhainsahwa	33	269	274267	825965	0
Bhainsahwa	33	496	272132	833950	0
Bhainsai	33	370	246010	784541	0
Bhainsai	33	278	267516	792628	0
Bhainsai ka Pura	19	459	264411	778130	0
Bhainsai Parbatpur	33	656	284348	797899	0
Bhainsai Purwa	33	659	275303	800833	0
Bhainsaiya	33	479	260033	829324	0
Bhainsaiya	33	496	271868	832228	0
Bhainsajhar	6	279	223053	820901	0
Bhainsakanhar	6	676	203705	810533	0
Bhainsakanhar	6	676	203984	812098	0
Bhainsakatta	6	676	204152	814645	0
Bhainsakhera	19	638	245127	790400	0
Bhainsakhuri	33	526	268786	776027	0
Bhainsakhuri	6	393	213577	828511	0
Bhainsal	19	484	260759	787081	0
Bhainsala	19	324	243823	772902	0
Bhainsala ka Dera	28	115	266809	764841	0
Bhainsali	28	519	284855	755840	0
Bhainsamai	33	116	281479	791847	0
Bhainsamau	33	685	270114	809219	0
Bhainsamuhan	6	388	217373	832340	0
Bhainsamunda	6	681	219350	816360	0
Bhainsamunda	6	723	220392	816112	0
Bhainsamunda	25	572	203759	824371	0
Bhainsamura	6	681	216770	813856	0
Bhainsamura	6	374	225648	825385	0
Bhainsamura	6	285	205922	821152	0
Bhainsamura	6	285	208180	822668	0
Bhainsan	33	278	269026	789447	0
Bhainsan	19	217	229799	813680	0
Bhainsana	19	16	237635	768899	0
Bhainsana	19	324	244476	771184	0
Bhainsani	33	33	258521	826418	0
Bhainsanwara Khurd	33	370	251597	785428	0
Bhainsaoli	11	741	283654	774208	0
Bhainsapa	28	428	260500	742328	0
Bhainsapali	33	621	259630	799218	0
Bhainsapur	33	445	270363	793410	0
Bhainsapur	33	479	262061	829709	0
Bhainsar	33	451	276680	793592	0
Bhainsar	33	661	275961	793254	0
Bhainsar	34	489	296896	799887	0
Bhainsar	34	489	297065	799199	0
Bhainsara	28	210	266128	714843	0
Bhainsara	19	326	232096	782852	0
Bhainsara	33	174	276108	778243	0
Bhainsara	19	208	240560	779760	0
Bhainsara	33	27	258572	836824	0
Bhainsara	33	694	249354	830827	0
Bhainsara	4	394	253199	841546	0
Bhainsaraha	19	646	242903	813461	0
Bhainsaraha	19	646	242817	813586	0
Bhainsarai	33	278	268408	789817	0
Bhainsarasi	33	593	276483	789381	0
Bhainsari	33	661	276706	791958	0
Bhainsari	33	314	269149	833423	0
Bhainsari	34	351	305227	791754	0
Bhainsark Khalgada	34	533	294068	798808	0
Bhainsarwas	19	395	245259	776335	0
Bhainsasing	28	23	244124	727416	0
Bhainsasur	6	676	200966	810530	0
Bhainsasur	33	196	251884	831178	0
Bhainsasur	19	313	241707	807224	0
Bhainsasur	33	532	262961	826948	0
Bhainsat	33	623	269201	830517	0
Bhainsata Gutaiya	33	451	278414	796068	0
Bhainsata Purwa	33	312	278516	801134	0
Bhainsatal	6	279	226026	819017	0
Bhainsatal	25	572	208963	825596	0
Bhainsatara	6	455	213149	810229	0
Bhainsath	34	489	297053	799761	0
Bhainsaul	33	686	266444	794007	0
Bhainsaula	4	718	250560	837970	0
Bhainsauli	33	33	261007	824569	0
Bhainsauli	33	314	262910	834945	0
Bhainsaur	34	589	298911	786648	0
Bhainsaur	33	694	253462	834021	0
Bhainsaur	33	196	248165	821165	0
Bhainsaur	33	196	248051	821184	0
Bhainsaur	33	196	248589	821916	0
Bhainsaura	33	685	268273	810382	0
Bhainsaura	33	479	261401	831882	0
Bhainsaura	33	613	286637	780794	0
Bhainsaura Buzurg	33	593	277774	786644	0
Bhainsaura Khurd	33	593	277863	786644	0
Bhainsauri	33	686	266851	797015	0
Bhainsaut	33	619	252852	808074	0
Bhainsawa	33	637	262205	819037	0
Bhainsawala	33	672	291947	780236	0
Bhainsawara Kalan	33	370	251707	785571	0
Bhainsawata	28	288	281373	757653	0
Bhainsaya	19	326	229382	780012	0
Bhainsbathantoli	14	310	233599	844444	0
Bhainsbor	6	517	217414	811339	0
Bhainsbor	6	279	219411	820692	0
Bhainsbor	6	642	206978	811151	0
Bhainsbor	6	517	218179	810412	0
Bhainsbor	6	681	214960	814793	0
Bhainsbor	6	275	209757	814296	0
Bhainsbor	6	627	209511	816625	0
Bhainsbor	6	620	204720	807171	0
Bhainsbor Kalan	6	681	218657	815055	0
Bhainsbor Khurd	6	681	218717	815097	0
Bhainsdarwa	14	712	242882	835411	0
Bhainsdehi	19	443	219125	779560	0
Bhainsdehi	19	576	233150	800182	0
Bhainse Majra	11	482	299326	766969	0
Bhainsera	28	113	276918	771185	0
Bhainsera	28	113	276948	771131	0
Bhainsgaon	6	676	201793	812904	0
Bhainshaltikra	25	478	213072	835833	0
Bhainshat	4	718	249983	834746	0
Bhainsi	33	659	275244	797525	0
Bhainsi	33	685	270229	809583	0
Bhainsi	33	280	273150	825535	0
Bhainsi	33	496	270555	835947	0
Bhainsi	33	525	293016	777303	0
Bhainsi	33	488	274929	812741	0
Bhainsi Khera	33	659	270901	801170	0
Bhainsi Para	33	488	274605	805916	0
Bhainsia	33	496	271861	832523	0
Bhainsia	34	617	292171	791874	0
Bhainsia	33	531	289036	793287	0
Bhainsia	33	329	288431	794199	0
Bhainsia	34	617	288323	799001	0
Bhainsia Chhana	34	413	297051	798858	0
Bhainsiapur	33	548	271842	796861	0
Bhainsiha	33	656	287825	797193	0
Bhainsiya	34	413	296440	790941	0
Bhainsiyan	34	481	303802	782130	0
Bhainskhar	19	502	236521	795354	0
Bhainskhet	34	413	296907	795517	0
Bhainskola	19	325	218921	789941	0
Bhainskot	34	589	302054	788500	0
Bhainskuchi	35	404	263692	897693	0
Bhainskur	33	479	258467	829449	0
Bhainskurh	14	310	231101	841457	0
Bhainsla	33	314	270148	832184	0
Bhainslagan	19	449	229505	811159	0
Bhainsli Jamalpur Gadhapur	33	492	290098	786832	0
Bhainslot	4	718	250885	836735	0
Bhainsmara	4	520	258120	848182	0
Bhainsmara	4	117	249789	848693	0
Bhainsmara	14	678	236900	843970	0
Bhainsmari	33	621	256364	802360	0
Bhainsmunda	6	299	214591	816611	0
Bhainsmunda	6	269	235961	837300	0
Bhainsmundo	14	740	233598	847771	0
Bhainsmura	6	627	204220	820572	0
Bhainsmuri	6	676	203618	810493	0
Bhainsmuri	6	676	203840	816255	0
Bhainsmuri	6	676	203087	816736	0
Bhainsmuri	6	642	205527	813914	0
Bhainsmuri	25	572	208162	824830	0
Bhainsmuri	25	572	209499	825688	0
Bhainsnari	19	465	258112	782831	0
Bhainsoda	19	558	244427	758403	0
Bhainsoda	19	334	237991	762411	0
Bhainsogi	34	589	298415	784459	0
Bhainsoli	33	496	270851	835012	0
Bhainsoli	34	413	296246	795158	0
Bhainson	33	526	269165	778760	0
Bhainsor	33	492	286897	787432	0
Bhainsora	33	116	279361	789302	0
Bhainsora	19	420	257933	777446	0
Bhainsora	33	694	247914	832080	0
Bhainsora	33	622	287598	786714	0
Bhainsora	34	413	297654	792099	0
Bhainsora	34	413	295616	796737	0
Bhainsora	34	413	295847	796600	0
Bhainsori	34	413	297005	797099	0
Bhainsori	34	692	299756	799865	0
Bhainsori Chhina	34	413	297426	797049	0
Bhainsori Kuter	34	692	299426	799455	0
Bhainspur	33	584	253009	817966	0
Bhainsra	28	487	248844	765584	0
Bhainsra	19	303	230362	754262	0
Bhainsra	6	455	212035	807993	0
Bhainsraon	33	431	300224	777609	0
Bhainsrauli	33	445	273007	792463	0
Bhainsrauli	33	622	284189	784034	0
Bhainsrauli	33	464	286909	782383	0
Bhainsraun	33	431	296888	774022	0
Bhainsrawan	19	420	253693	770882	0
Bhainsri	33	464	285771	783241	0
Bhainsrod	19	309	234215	765440	0
Bhainsroli	33	613	283381	779573	0
Bhainsrorgarh	28	402	249661	755530	0
Bhainsru Kalan	11	689	288121	768219	0
Bhainsru Khurd	11	689	288142	768097	0
Bhainsta	33	591	255230	799972	0
Bhainsta	33	621	256404	801616	0
Bhainsta Purwa	33	659	276205	801724	0
Bhainstal	19	646	242322	815999	0
Bhainstara	6	669	221031	824885	0
Bhainstoli	35	587	258863	879166	0
Bhainsua	19	324	241401	770399	0
Bhainsuri	34	413	295138	799690	0
Bhainsuria	33	623	266522	829480	0
Bhainsuria	33	31	270742	812828	0
Bhainsuria	33	31	270488	814080	0
Bhainswah	33	-1	243355	783301	0
Bhainswah	19	338	243278	783253	0
Bhainswaha	19	208	240131	780643	0
Bhainswahi	19	461	227666	808066	0
Bhainswahi	19	338	238132	789419	0
Bhainswahi	19	576	231819	804711	0
Bhainswahi	19	461	225283	801189	0
Bhainswahi	19	461	229258	804161	0
Bhainswahi	19	461	229806	802778	0
Bhainswahi	19	142	220518	805370	0
Bhainswahi	19	449	228854	809112	0
Bhainswai	19	512	243072	800240	0
Bhainswal	33	316	295151	773188	0
Bhainswal	11	286	294320	770126	0
Bhainswal Kalan Baola	11	466	290338	767930	0
Bhainswan Kalan	11	466	290881	766840	0
Bhainswan Khurd	11	466	290924	766755	0
Bhainswar	19	607	244032	826365	0
Bhainswara	34	430	303125	781392	0
Bhainswara	34	589	299031	790799	0
Bhainswara	34	589	298874	790638	0
Bhainswara	34	589	299386	791549	0
Bhainswara	34	589	300989	788316	0
Bhainswara	34	589	300472	789797	0
Bhainswara	34	589	298875	789355	0
Bhainswara	34	589	298634	789434	0
Bhainswara	34	589	298145	787590	0
Bhainswari	19	462	245184	790030	0
Bhainswari	14	678	237956	847116	0
Bhainsya	33	492	288312	788300	0
Bhaintpura	19	484	258910	788483	0
Bhaipur	33	686	267635	795047	0
Bhaipur	28	679	267315	763600	0
Bhaipur	28	679	266656	761714	0
Bhaipur	20	141	209896	782106	0
Bhaipur	33	613	282231	777230	0
Bhaipur	33	389	272596	786156	0
Bhaipur	33	196	250792	830885	0
Bhaipur	33	451	280156	799487	0
Bhaipur	33	605	267050	820213	0
Bhaipur	33	492	288452	789526	0
Bhaipur	4	581	253473	851323	0
Bhaipur	14	377	235488	856022	0
Bhaipur Khurd	33	196	251240	830641	0
Bhaipura	28	120	271417	755039	0
Bhaipura	19	322	262630	784690	0
Bhaipura	33	613	283933	779051	0
Bhaipura	33	613	283764	781200	0
Bhaipura	33	686	267748	793539	0
Bhair	12	267	314834	773055	0
Bhaira	33	370	246235	786884	0
Bhaira	19	462	246745	791604	0
Bhaira	12	604	309690	770347	0
Bhaira	19	638	247015	796975	0
Bhaira	19	638	250232	800019	0
Bhaira	19	607	240773	825288	0
Bhaira	6	285	209269	821717	0
Bhaira	25	572	207777	824503	0
Bhaira	25	572	208327	825378	0
Bhaira Bharatpur	33	464	289048	783671	0
Bhaira ka Pura	33	561	253516	823236	0
Bhaira ki Dhani	28	519	285366	752306	0
Bhaira Laihr	13	559	327625	749875	0
Bhairab	33	444	257094	808148	0
Bhairab Singh Bigha	4	112	249726	844097	0
Bhairabdanga	35	452	247457	878752	0
Bhairabhata	6	393	211150	825351	0
Bhairabpur	33	31	266070	812811	0
Bhairabpur	35	397	253352	878712	0
Bhairabsingipur	25	305	190575	826686	0
Bhairadevanahalli	15	44	152083	770550	0
Bhairadih	6	676	202780	812906	0
Bhairagipeta	1	453	185772	839823	0
Bhairagondanahalli	15	97	136264	761891	0
Bhairaha	19	512	248975	803220	0
Bhairaha	19	313	245200	804681	0
Bhairaha	33	314	268414	832756	0
Bhairai	33	174	278713	775962	0
Bhairajhada	34	530	293848	791040	0
Bhairajpur	25	572	202303	827252	0
Bhairal	12	514	305911	773187	0
Bhairam Singh	33	269	271915	822452	0
Bhairamadagi	15	71	172918	765962	0
Bhairamaradi	15	72	165756	767477	0
Bhairambandh	6	392	188992	813724	0
Bhairamkonda	31	272	167318	774611	0
Bhairampalli	31	272	165621	774121	0
Bhairampalli	31	306	167676	782249	0
Bhairampur	33	659	272736	799787	0
Bhairampur	33	102	247286	833659	0
Bhairampur	19	208	238933	781479	0
Bhairampur	33	698	259311	809696	0
Bhairampur	33	301	263141	807902	0
Bhairampur	33	522	271545	818388	0
Bhairampur	33	685	265726	810762	0
Bhairampur	33	654	265690	812330	0
Bhairampur	33	31	266400	813380	0
Bhairampur	33	31	265911	814194	0
Bhairampur	33	654	262867	810004	0
Bhairampur	33	698	258962	810301	0
Bhairampur	33	522	271826	817099	0
Bhairampur	33	522	272998	818768	0
Bhairampur	33	637	265847	816591	0
Bhairampur	33	522	269058	819512	0
Bhairampur	33	269	272678	824032	0
Bhairampur	33	488	273449	805091	0
Bhairan Purwa	33	654	261205	813347	0
Bhairana	15	333	135692	752173	0
Bhairanahatti	15	583	157699	754388	0
Bhairanayakanahalli	15	92	132977	764570	0
Bhairanayakanhalli	15	422	133958	776993	0
Bhairanayakanhalli	15	92	129917	770624	0
Bhairanayakanhalli	15	603	127332	771209	0
Bhairandhalli	15	47	132327	779893	0
Bhairandoddi	15	47	128893	779933	0
Bhairanhalli	15	375	131713	773444	0
Bhairanhalli	15	375	131594	773460	0
Bhairanhalli	15	47	131048	779293	0
Bhairanhatti	15	77	158591	747199	0
Bhairanpal	15	59	147160	747972	0
Bhairappanhalli	15	375	132905	777167	0
Bhairappanpalya	15	603	131174	771177	0
Bhairapur	33	458	288205	773616	0
Bhairapur	31	58	184937	778202	0
Bhairapur	15	583	157729	759555	0
Bhairapur	15	583	157762	759427	0
Bhairapur	15	66	152083	759884	0
Bhairapur	15	92	141047	773767	0
Bhairapur	15	91	149700	755130	0
Bhairapur	15	92	133214	771934	0
Bhairapur	15	603	130952	772854	0
Bhairapur	15	333	139977	752684	0
Bhairapur	15	97	129860	755808	0
Bhairapur	15	652	127978	758419	0
Bhairapur	15	652	129582	759816	0
Bhairapura	15	603	130811	771727	0
Bhairapura	15	97	136973	755973	0
Bhairapura	15	97	136711	758216	0
Bhairapuram	1	426	141348	777109	0
Bhairapuram	15	352	147257	759184	0
Bhairapuram	15	44	154542	769150	0
Bhairasamudrum	1	99	145673	769454	0
Bhairasandra	15	92	132661	771583	0
Bhairasandra	15	92	134252	772998	0
Bhairasandra	15	47	131436	779757	0
Bhairasandra	15	603	127489	774235	0
Bhairasandra	15	422	134814	780827	0
Bhairasettihalli	15	603	125593	772590	0
Bhairatanhalli	15	47	129998	780348	0
Bhairatoli	14	476	226660	850549	0
Bhairatoli	14	678	237814	846987	0
Bhairatoli	6	384	229499	840848	0
Bhairauder	19	324	244009	772428	0
Bhairaun Ghat	33	450	264833	803167	0
Bhairaunpur	33	31	270121	813722	0
Bhairavakunta	1	228	155209	775964	0
Bhairavanne	15	603	126799	774222	0
Bhairavapatnam	1	25	165342	811763	0
Bhairavapuram	1	-1	158854	780575	0
Bhairavaram	1	45	139237	797610	0
Bhairavasastrulupeta	1	453	184404	838889	0
Bhairavunipadu	1	10	165040	793894	0
Bhairavunitippa	1	99	145349	768412	0
Bhairawa	4	394	250677	839276	0
Bhairawi	11	747	285944	762270	0
Bhairdenhalli	15	375	132845	776550	0
Bhairdevarkop	15	655	153856	751060	0
Bhaire	15	59	148996	742623	0
Bhairedevaru	15	97	133451	753274	0
Bhairekop	15	59	147101	745118	0
Bhairenahalli	1	426	138993	770949	0
Bhairenahalli	15	92	135992	773240	0
Bhairgadi	34	589	300623	789339	0
Bhairganhalli	15	422	134608	778733	0
Bhairganhalli	15	47	129411	782238	0
Bhairgaon	34	589	298708	785495	0
Bhairgaon	34	589	298272	785804	0
Bhairgaon	34	589	299197	791379	0
Bhairgaon	34	589	297704	787979	0
Bhairgaon Palla	34	589	298780	786451	0
Bhairgaon Walla	34	589	298801	786469	0
Bhairgiran	13	559	328005	749840	0
Bhairgondanhalli	15	43	130604	773887	0
Bhairgondlu	15	92	134102	773356	0
Bhairi	1	453	183655	839878	0
Bhairi	11	664	303053	767084	0
Bhairi	19	607	240718	825362	0
Bhairia	19	313	246696	808079	0
Bhairiaki Chowki	19	153	223210	742837	0
Bhairigadde	15	74	118323	762745	0
Bhairiguri	3	684	264441	899157	0
Bhairijharan	25	262	219515	836689	0
Bhairipada	20	17	187628	729704	0
Bhairipur	33	605	266368	824497	0
Bhairipuram	1	194	185706	834869	0
Bhairipuram	1	176	183550	834401	0
Bhairivanipeta	1	453	183069	838762	0
Bhairivanipeta	1	453	183940	839295	0
Bhairiya	4	394	248289	841032	0
Bhairji ki Dhani	28	288	281851	753693	0
Bhairmau	33	431	298930	773100	0
Bhairnaikanhalli	15	375	131977	773752	0
Bhairnaikanhalli	15	422	133587	778899	0
Bhairo	4	382	269984	848008	0
Bhairo Bigha	4	507	251870	848643	0
Bhairo Bigha	4	394	249955	841765	0
Bhairo Bigha	4	495	252145	856955	0
Bhairo Bigha	4	106	250797	857231	0
Bhairo Bigha	4	106	249397	855613	0
Bhairo Bigha	4	495	252888	854558	0
Bhairo Chak	14	570	250521	872502	0
Bhairo Dehri	4	394	253138	840688	0
Bhairo Munna	27	647	308504	760132	0
Bhairo Pachlana	19	303	231378	753741	0
Bhairodih	4	363	253386	844610	0
Bhairoganj	33	688	259962	820614	0
Bhairon	33	526	272415	779458	0
Bhairon	33	637	260834	818666	0
Bhairon	33	522	269728	823942	0
Bhairon ka Khera	28	428	260405	742649	0
Bhairon Khera	33	654	264434	812055	0
Bhairon Pande Purwa	33	522	271448	816926	0
Bhairon Parshad	33	522	272637	817222	0
Bhairon Purwa	33	522	272038	818322	0
Bhairon Purwa	33	654	262598	810369	0
Bhairon Singh	33	515	264598	836517	0
Bhairon Tola	33	515	264104	840185	0
Bhaironbaks ka Pura	33	688	256995	815467	0
Bhaironbaks ka Purwa	33	584	256111	816320	0
Bhaironbaks ka Purwa	33	688	256579	816615	0
Bhaironganj	19	638	250612	795738	0
Bhairongarh	19	420	250796	775487	0
Bhaironghat	19	576	232347	795378	0
Bhaironghati	34	89	310167	788833	0
Bhaironghati	19	324	247329	772869	0
Bhaironibanda	31	100	173158	793151	0
Bhaironji ka Bag	28	302	264377	760322	0
Bhaironkhera	28	428	261045	748767	0
Bhaironkhera	28	428	259029	742209	0
Bhaironkhera	28	298	255030	751453	0
Bhaironkhera	19	638	244967	791420	0
Bhaironkhera	28	550	255068	739894	0
Bhaironkhera	28	428	259808	748039	0
Bhaironkhera	28	298	258059	747592	0
Bhaironkhera	19	317	224106	761106	0
Bhaironkhera	28	298	258224	743427	0
Bhaironkhera	28	298	258394	744210	0
Bhaironkhera	28	402	251900	744209	0
Bhaironkheri	19	208	235589	779266	0
Bhaironpal ka Pura	33	584	252739	817663	0
Bhaironpani	19	325	217755	788906	0
Bhaironpur	33	686	264739	793819	0
Bhaironpur	19	503	227971	789415	0
Bhaironpur	19	325	219931	787860	0
Bhaironpur	33	686	264412	795478	0
Bhaironpur	33	33	256746	821982	0
Bhaironpur	19	568	224482	773934	0
Bhaironpur	19	208	234861	781229	0
Bhaironpur	19	568	228558	784669	0
Bhaironpur	33	584	251505	822993	0
Bhaironpur	33	584	253553	821868	0
Bhaironpur	33	637	260774	818233	0
Bhaironpur	33	688	260491	818644	0
Bhaironpur	33	575	263864	820813	0
Bhaironpur	33	575	261589	821771	0
Bhaironpur	33	152	268234	822631	0
Bhaironpur	33	152	268556	824424	0
Bhaironpur	33	575	263036	823242	0
Bhaironpur	33	532	263998	824623	0
Bhaironpur	33	575	262410	823807	0
Bhaironpur	33	152	267730	825623	0
Bhaironpur	33	152	266738	826632	0
Bhaironpur	33	152	267324	826868	0
Bhaironpur	33	575	261822	825486	0
Bhaironpur	33	688	258358	816294	0
Bhaironpur	33	314	265655	833369	0
Bhaironpur	33	314	266878	833933	0
Bhaironpur	33	314	267232	834221	0
Bhaironpur	33	584	255840	816562	0
Bhaironpur	33	564	261994	836801	0
Bhaironpur	27	665	322102	754829	0
Bhaironpur	33	688	258552	818225	0
Bhaironpur	33	488	277635	807967	0
Bhaironpur	33	31	272105	810940	0
Bhaironpur	27	624	306418	764472	0
Bhaironpur	33	637	261797	817397	0
Bhaironpur	14	673	245227	840307	0
Bhaironpur	19	648	229933	766480	0
Bhaironpur	19	648	228882	765519	0
Bhaironpur	33	688	259965	818886	0
Bhaironpur Kateli	33	654	261762	812900	0
Bhaironpur Khas	33	564	261560	835929	0
Bhaironpur Tikra	33	605	265239	821670	0
Bhaironpura	28	339	255093	757163	0
Bhaironpura	19	309	232717	764059	0
Bhaironpura	28	298	259156	743512	0
Bhaironsingh Purwa	33	444	256827	806232	0
Bhaironsir	33	654	265236	810034	0
Bhaironwas	28	679	265307	763734	0
Bhairopali	25	478	212885	838092	0
Bhairopatti	4	136	256733	857666	0
Bhairopatti	4	410	261999	868384	0
Bhairopatti	4	632	258943	868922	0
Bhairopatti	4	136	259337	856734	0
Bhairopur	6	393	212795	827384	0
Bhairopur	33	27	256072	831752	0
Bhairopur	19	446	224434	770700	0
Bhairopur	4	718	250144	836048	0
Bhairopur	33	102	247222	833527	0
Bhairopur	33	561	253044	826455	0
Bhairopur	33	637	262441	818889	0
Bhairopur	33	479	262711	829886	0
Bhairopur	33	479	262592	829848	0
Bhairopur	33	479	261964	831337	0
Bhairopur	33	564	261233	835044	0
Bhairopur	33	27	257460	835038	0
Bhairopur	25	478	211666	834971	0
Bhairopur	4	520	257342	848402	0
Bhairopur	4	112	247222	843288	0
Bhairopur	4	117	247340	848590	0
Bhairopur	4	632	259743	870382	0
Bhairopur	4	687	256582	852807	0
Bhairopur Dargah	33	479	262480	829420	0
Bhairopur Kalan	33	479	260528	830481	0
Bhairopur Khurd	33	479	260144	830824	0
Bhairopura	28	339	256888	756955	0
Bhairotola	4	363	255174	847393	0
Bhairotola	4	363	255148	844081	0
Bhairotoli	14	310	229433	844798	0
Bhairotoli	14	310	228849	846385	0
Bhairowal Kalan	27	647	309158	755827	0
Bhairowal Khurd	27	647	309181	756073	0
Bhairpur Khajuria	33	329	285820	794629	0
Bhairpura	33	329	288308	793789	0
Bhairpura	33	329	287051	795449	0
Bhairpuri	33	329	287025	795337	0
Bhairsandra	15	603	131377	772316	0
Bhairsandra	15	375	131098	773289	0
Bhairsandra	15	375	132485	775205	0
Bhairshettihalli	15	375	131574	774032	0
Bhairti	15	43	130562	776527	0
Bhairu Khiran	28	296	281963	732489	0
Bhairu Payan	28	296	281993	731996	0
Bhairughat	19	129	224444	755038	0
Bhairukhera	19	202	217352	762958	0
Bhairukhera	19	202	219739	762024	0
Bhairumbe	15	59	146998	748287	0
Bhairun Chhani	28	467	291687	753296	0
Bhairunda	28	414	266513	744172	0
Bhairungarh	28	288	282924	754703	0
Bhairunghat	19	311	225602	761069	0
Bhairunkhera	28	298	254311	744266	0
Bhairunpura	28	429	261674	769532	0
Bhairupura	28	339	251057	755397	0
Bhairupura	28	339	254665	756558	0
Bhairupura	28	302	263481	760326	0
Bhairupura	28	321	246104	762978	0
Bhairusar	28	519	284655	749769	0
Bhairvadgi	15	80	167223	761146	0
Bhairwa	6	299	214778	816410	0
Bhairwa	4	718	251534	837742	0
Bhairwa	14	673	240885	839946	0
Bhairwa	33	102	246958	828598	0
Bhairwa	33	102	241193	827605	0
Bhairwa	33	314	269235	834715	0
Bhairwa	4	117	250079	848686	0
Bhairwa	4	495	253786	856186	0
Bhairwakheri	19	311	231310	761524	0
Bhairwan	33	698	258070	809095	0
Bhairwan	33	626	253521	814591	0
Bhairwan	33	269	272153	822569	0
Bhairwan Kalan	33	698	258250	812514	0
Bhairwan Kheri	19	16	239289	765678	0
Bhairwan Khurd	33	698	258200	812569	0
Bhais Bandha	4	602	257205	878297	0
Bhaisa	28	429	269548	769017	0
Bhaisa	33	242	254552	827635	0
Bhaisa	4	727	255866	867641	0
Bhaisabadh	19	607	243440	823804	0
Bhaisabod	6	517	221745	814956	0
Bhaisadohar	4	117	245011	844568	0
Bhaisadon	14	678	237792	847974	0
Bhaisagara	19	335	230535	747778	0
Bhaisaha	33	314	267032	835074	0
Bhaisahi	33	539	268101	839162	0
Bhaisahi Naresh	33	314	266062	835978	0
Bhaisahi Ramdat	33	314	266108	835927	0
Bhaisahia	33	152	267675	827516	0
Bhaisahia	33	314	266312	835092	0
Bhaisahti	33	152	266512	826481	0
Bhaisakhal	4	615	261874	842757	0
Bhaisakmel	28	550	249977	736858	0
Bhaisakundal	28	298	252203	745679	0
Bhaisalotan	-1	-1	274500	839167	0
Bhaisamara	14	476	226024	841219	0
Bhaisamunda	25	290	217897	837684	0
Bhaisamura	6	374	222275	826874	0
Bhaisan	13	35	335064	755735	0
Bhaisana	19	420	255418	775936	0
Bhaisana	33	688	260677	817298	0
Bhaisani	33	525	296386	778017	0
Bhaisani	19	16	237611	768677	0
Bhaisani Islampur	33	316	295610	774639	0
Bhaisanian	33	686	267437	795934	0
Bhaisanpur	33	532	263019	825899	0
Bhaisanwahi	19	354	224986	796480	0
Bhaisaon	33	314	263889	833258	0
Bhaisaria	33	659	272690	805616	0
Bhaisasur	33	694	251406	832974	0
Bhaisatara	6	285	205575	821912	0
Bhaisauli	33	605	267221	816980	0
Bhaisauli	33	605	265341	822984	0
Bhaisauna	33	688	257941	820733	0
Bhaisaurha	4	615	260127	843337	0
Bhaisawa	19	202	219935	765318	0
Bhaisawan	4	581	253069	850633	0
Bhaisayan	33	645	266760	797562	0
Bhaisayan	33	621	256777	797285	0
Bhaisbarha	33	152	267399	826687	0
Bhaisda	6	669	219275	826489	0
Bhaisena	28	429	269787	768649	0
Bhaisia	33	496	271216	834118	0
Bhaiskhwar	19	638	244814	797397	0
Bhaisla	33	314	267883	831647	0
Bhaislana	28	120	270578	752951	0
Bhaislana	28	120	276527	760926	0
Bhaismai	33	644	277989	784497	0
Bhaismunda	19	325	223363	788660	0
Bhaismunri	6	627	207458	818440	0
Bhaismunri	6	669	218998	826487	0
Bhaismuri	6	299	213981	820643	0
Bhaiso	6	669	219012	824019	0
Bhaisoda	19	153	225487	746874	0
Bhaisonha	33	196	248683	826151	0
Bhaiswa	19	16	237161	765135	0
Bhaiswahi	19	646	238480	820759	0
Bhaiswar	6	598	234556	824197	0
Bhaiswar	33	102	248254	827768	0
Bhaiswar	19	313	247614	808117	0
Bhaiswar	19	313	247529	808135	0
Bhait	27	544	313201	754290	0
Bhait	33	515	263804	841320	0
Bhaitana	20	54	206068	739014	0
Bhaitana	34	530	294868	796121	0
Bhaitapur	33	659	272783	798426	0
Bhaitola	4	117	245083	850043	0
Bhaitoli	4	507	250265	849233	0
Bhaiukona	6	384	229067	840367	0
Bhaiwa	4	505	246355	864253	0
Bhaiya	33	584	251076	820441	0
Bhaiya	33	522	271089	816892	0
Bhaiya	33	522	270992	817138	0
Bhaiya	33	522	270705	816805	0
Bhaiya	4	382	265574	847086	0
Bhaiya Barri Purwa	33	522	270402	824895	0
Bhaiya Dih	33	269	272012	823771	0
Bhaiya Jot	33	269	271948	823752	0
Bhaiya Jot	33	314	265015	832063	0
Bhaiya Jot	33	314	265486	832502	0
Bhaiya Khera	33	301	264213	808245	0
Bhaiya Khera	33	301	262389	807526	0
Bhaiya Man Singh	33	522	270225	822635	0
Bhaiya Patti	33	282	275006	816888	0
Bhaiya Purwa	33	522	270806	817020	0
Bhaiya Purwa	33	282	274468	813742	0
Bhaiya Purwa	33	31	268968	817368	0
Bhaiya Purwa	33	31	269550	816809	0
Bhaiya Ram	33	314	269054	832919	0
Bhaiya Ramki Dhauri	4	520	260630	847049	0
Bhaiyamau	33	645	264074	795940	0
Bhaiyamau	33	-1	251360	806085	0
Bhaiyamil	33	523	278100	778631	0
Bhaiyana	19	334	236537	760563	0
Bhaiyanpur	33	622	283537	784720	0
Bhaiyanpur	33	613	281990	780985	0
Bhaiyapur	33	654	264591	813410	0
Bhaiyapur	33	282	271458	815146	0
Bhaiyapur	33	488	274161	812745	0
Bhaiyar	19	497	246507	816061	0
Bhaiyaram Sardar Chaka	4	410	262315	868459	0
Bhaiyari	12	409	326681	767229	0
Bhaiyathan	6	398	233910	828491	0
Bhaiyatola	19	607	240078	823255	0