Bhagalpur	4	396	252445	869718	400146
Bhagta	27	542	304757	750981	14467
Bhagur	20	54	198760	738338	12353
Bhagdawada	10	251	204334	729135	12291
Bhagwantnagar	33	301	262238	807575	6596
Bhagal Jagana	10	133	241261	723862	6250
Bhagirathpur	4	136	258937	857763	5323
Bhagirathpur	4	535	262695	860635	3500
Bhag Baisa	4	491	261955	877475	0
Bhag Bharri	4	602	256221	877957	0
Bhag Chikni	4	641	260419	874440	0
Bhag Parasi	4	641	263429	873474	0
Bhag Parwaha	4	641	262171	872167	0
Bhag Phasi	4	641	264114	873879	0
Bhag Phasi Arazi	4	641	264048	874090	0
Bhag Sajna	4	602	257589	877953	0
Bhag Singhwala	27	700	306843	745450	0
Bhag Thali	13	477	323312	755201	0
Bhag Turkaili	4	641	261160	875286	0
Bhaga	13	640	333525	748518	0
Bhaga Bazar	3	364	246853	927611	0
Bhaga ka Khera	28	298	252472	747281	0
Bhaga Purwa	33	282	274218	814066	0
Bhagaban	25	281	218026	856090	0
Bhagabandh	35	347	240931	875027	0
Bhagabandh	25	368	220060	859605	0
Bhagabandh	14	434	240205	861083	0
Bhagabandh	14	434	243535	863612	0
Bhagabanpur	35	397	247877	880124	0
Bhagabanpur	35	538	221013	877655	0
Bhagabanpur	35	4	221453	884106	0
Bhagabanpur	35	4	220131	883293	0
Bhagabanpur	35	397	255204	879336	0
Bhagabanpur	25	527	202225	851926	0
Bhagabatipur	25	292	204706	862531	0
Bhagabatipur	35	268	226942	881872	0
Bhagabatipur	4	581	255751	849237	0
Bhagabatipur	4	581	255845	850123	0
Bhagabhera	35	650	221833	873833	0
Bhagabila	14	276	222706	859210	0
Bhagadih	14	454	247184	858091	0
Bhagahar	4	117	245038	850044	0
Bhagahi	33	102	246995	827532	0
Bhagahi	33	584	252106	819405	0
Bhagahi	4	569	259100	862236	0
Bhagahwa	33	314	268819	834923	0
Bhagai	33	522	269105	822234	0
Bhagai	33	479	261039	832137	0
Bhagai Chamar	33	282	275524	815273	0
Bhagai Purwa	33	522	272259	817988	0
Bhagai Purwa	33	654	263917	813078	0
Bhagaia Purwa	33	488	274442	812823	0
Bhagail	4	518	251179	865049	0
Bhagaipur	33	584	255204	817895	0
Bhagaiya	14	570	251899	874793	0
Bhagajhiri	19	326	228779	776729	0
Bhagal	11	614	300668	764191	0
Bhagal	28	550	249448	735389	0
Bhagal	28	22	246956	741706	0
Bhagal	28	402	247064	741731	0
Bhagal	28	402	247190	742093	0
Bhagal	28	402	247083	742163	0
Bhagal	28	402	246823	741961	0
Bhagal	10	133	241713	725099	0
Bhagal	28	550	251685	739579	0
Bhagal	28	550	251690	738551	0
Bhagal	28	550	251547	737553	0
Bhagal	28	550	251491	738947	0
Bhagal	12	604	309339	769185	0
Bhagal	28	22	248202	739546	0
Bhagal	28	22	247636	739328	0
Bhagal	4	491	261038	877884	0
Bhagal	35	347	244249	879429	0
Bhagal Dighi	35	347	242728	879697	0
Bhagalpur	33	242	254703	830957	0
Bhagalpur	4	718	249970	833660	0
Bhagalpur	14	712	241581	838135	0
Bhagalpur	33	196	251836	829840	0
Bhagalpur	33	196	248774	828804	0
Bhagalpur	4	363	253304	843988	0
Bhagalpur	35	587	259673	878803	0
Bhagalpur	4	582	249535	871209	0
Bhagalpur	35	347	240195	875522	0
Bhagalpur	14	442	252545	876145	0
Bhagalpur	6	384	228722	841356	0
Bhagalpur Juljula	14	416	231779	851995	0
Bhagalpura	4	518	251280	866283	0
Bhagalpura	4	396	252366	872769	0
Bhagalta	12	460	312869	775673	0
Bhagamandala	15	188	123879	755295	0
Bhagamunda	25	527	204277	849450	0
Bhagamunda	25	399	207855	844612	0
Bhagamunda	25	399	208419	847415	0
Bhagamunda	25	372	205911	846502	0
Bhagan	33	522	271090	817153	0
Bhagan	33	522	271057	817347	0
Bhagan	33	522	269717	823398	0
Bhagan Ahir	33	522	270566	822990	0
Bhagan Ahir Purwa	33	654	261496	813026	0
Bhagan Bigha	4	495	252823	855197	0
Bhagan Jot	33	269	273594	823717	0
Bhagan Purwa	33	522	270088	819402	0
Bhagan Purwa	33	522	271211	818718	0
Bhagan Purwa	33	522	270984	819934	0
Bhagan Purwa	33	654	264131	812670	0
Bhagan Purwa	33	282	274896	817593	0
Bhagan Purwa	33	152	269122	823272	0
Bhagan Purwa	33	152	268371	822820	0
Bhagan Singh Purwa	33	522	268748	819216	0
Bhagana	28	463	280355	766681	0
Bhagana	11	327	290713	758534	0
Bhaganbigha	4	112	247076	843134	0
Bhaganda	4	718	250089	833692	0
Bhaganda	4	718	248103	834059	0
Bhagandih	4	117	244998	846248	0
Bhagandih	14	454	243671	856474	0
Bhagani Purwa	33	31	270172	815781	0
Bhaganpur	33	584	251911	820488	0
Bhaganpur	33	637	262662	818255	0
Bhaganpur	33	637	261847	817548	0
Bhaganpur	27	624	306651	764841	0
Bhaganpura	19	484	259345	786514	0
Bhagantipur	33	31	270271	810902	0
Bhaganwa	19	449	227241	810359	0
Bhaganwara	19	337	236766	802315	0
Bhaganwara	19	337	237195	805228	0
Bhagapur	33	488	277312	810363	0
Bhagapur	20	182	216062	745429	0
Bhagapura	19	16	240519	764533	0
Bhagar	4	615	259508	843723	0
Bhagar Kaili	33	595	275950	820322	0
Bhagar Purwa	33	269	273715	823853	0
Bhagar Purwa	33	488	273856	812745	0
Bhagara	19	497	247280	812381	0
Bhagara	19	497	248600	812160	0
Bhagarh	19	311	228938	761026	0
Bhagari	33	591	251015	794821	0
Bhagaria	33	522	272477	817403	0
Bhagarput	33	116	283336	788480	0
Bhagartali	33	584	251856	819730	0
Bhagartola	34	692	298980	795848	0
Bhagartola	34	413	296446	798741	0
Bhagarwa	33	282	277403	815263	0
Bhagarwa	33	282	277335	816309	0
Bhagarwa	33	282	272693	816699	0
Bhagarwa	33	282	274263	816268	0
Bhagarwa	33	522	272449	821186	0
Bhagarwar	13	359	331007	750755	0
Bhagasa	33	33	260554	825395	0
Bhagat	33	522	270278	816621	0
Bhagat	13	477	325081	754261	0
Bhagat	33	539	267395	843040	0
Bhagat	4	382	266751	846573	0
Bhagat Baba	33	659	275651	801417	0
Bhagat Bhakrauliya	33	174	278833	776000	0
Bhagat ka Nagla	33	278	267654	792110	0
Bhagat ka Pura	19	459	263814	777588	0
Bhagat ka Pura	19	459	263176	777572	0
Bhagat ka Pura	33	688	257156	815554	0
Bhagat ka Purwa	33	626	254024	812349	0
Bhagat Khera	33	301	265014	807709	0
Bhagat Khera	33	654	262593	808767	0
Bhagat Khera	33	301	264007	809396	0
Bhagat Khera	33	301	263798	809259	0
Bhagat Khera	33	654	261987	809013	0
Bhagat Khera	33	654	262493	808673	0
Bhagat Khera	33	659	271299	805202	0
Bhagat Mota	10	140	232389	736378	0
Bhagat Muwara	10	164	230909	731977	0
Bhagat Patti	33	479	262144	831767	0
Bhagat Purwa	33	548	270283	799892	0
Bhagat Purwa	33	686	267006	795509	0
Bhagat Purwa	33	548	269404	798670	0
Bhagat Purwa	33	548	269540	798253	0
Bhagat Purwa	33	488	273839	812151	0
Bhagat Purwa	33	522	271866	817524	0
Bhagat Purwa	33	637	264833	814391	0
Bhagat Purwa	33	522	270903	817075	0
Bhagat Purwa	33	659	274895	802260	0
Bhagat Sabib Purwa	33	522	271881	816493	0
Bhagat Singhwala	27	545	310456	748457	0
Bhagatana	33	479	261142	827977	0
Bhagatandidih	4	117	244434	850725	0
Bhagatar	33	496	272216	836638	0
Bhagatari	4	505	248723	864110	0
Bhagatganj	4	394	252896	839011	0
Bhagatgarha	33	548	270726	798567	0
Bhagatgarhi	33	523	278625	778145	0
Bhagatgarhi	33	174	277813	777296	0
Bhagati	15	188	126253	756996	0
Bhagatoli	14	310	229419	846727	0
Bhagatpal	15	59	147852	747758	0
Bhagatpali	25	546	215312	840249	0
Bhagatpur	13	559	327167	747500	0
Bhagatpur	33	523	281122	778809	0
Bhagatpur	33	479	259939	829757	0
Bhagatpur	33	584	249451	819644	0
Bhagatpur	33	33	258806	825401	0
Bhagatpur	33	33	258745	825339	0
Bhagatpur	33	242	253574	829631	0
Bhagatpur	33	31	266781	811920	0
Bhagatpur	33	637	260828	818006	0
Bhagatpur	33	622	284977	788619	0
Bhagatpur	33	116	281211	787829	0
Bhagatpur	33	269	272854	823344	0
Bhagatpur	33	575	261162	820795	0
Bhagatpur	33	152	268934	826800	0
Bhagatpur	33	479	263787	829578	0
Bhagatpur	33	623	270703	830639	0
Bhagatpur	33	496	271937	832179	0
Bhagatpur	33	688	259861	817130	0
Bhagatpur	33	479	262088	832205	0
Bhagatpur	19	142	217649	804812	0
Bhagatpur	12	348	325181	760924	0
Bhagatpur	6	455	208280	809553	0
Bhagatpur	6	517	222465	813464	0
Bhagatpur	6	517	221045	813991	0
Bhagatpur	27	624	306371	765841	0
Bhagatpur	33	282	279607	813561	0
Bhagatpur	4	457	270030	846733	0
Bhagatpur	4	510	254098	863076	0
Bhagatpur	4	567	252049	863227	0
Bhagatpur	4	495	252565	852698	0
Bhagatpur	33	659	274021	800559	0
Bhagatpur	25	281	217217	853146	0
Bhagatpur	25	399	207858	848119	0
Bhagatpur Malial	34	530	293652	790611	0
Bhagatpur Paheli	33	622	284954	789048	0
Bhagatpur Paili	33	622	284854	789224	0
Bhagatpur Ratan	33	492	289027	787918	0
Bhagatpur Tanda	33	492	290162	788971	0
Bhagatpur Tarial	34	530	293613	790535	0
Bhagatpura	28	467	298467	744510	0
Bhagatpura	19	459	264660	777985	0
Bhagatpura	33	314	269261	833640	0
Bhagatpura	33	515	263647	836605	0
Bhagatpura	28	163	232120	744663	0
Bhagatpura	28	550	254257	739309	0
Bhagatpuri	34	-1	291505	790255	0
Bhagatpurwa	33	282	273817	817334	0
Bhagatpurwa	33	152	266229	827243	0
Bhagatpurwa	33	280	271001	830631	0
Bhagattoli	14	740	234434	846326	0
Bhagattoli	14	310	232556	846992	0
Bhagattoli	14	310	230648	845348	0
Bhagattoli	14	310	231989	848504	0
Bhagatwada	20	390	214090	795420	0
Bhagatwali	12	514	304883	773905	0
Bhagauli	33	522	270944	816148	0
Bhagauli	33	623	268340	830680	0
Bhagauli	33	31	272345	811521	0
Bhagauli	33	516	257992	842072	0
Bhagaun	4	505	245361	863935	0
Bhagauna	4	457	270370	844821	0
Bhagaunapur	33	659	276145	800984	0
Bhagaundha	4	582	250688	871192	0
Bhagaunra	33	661	274086	794259	0
Bhagaura	33	591	251502	794109	0
Bhagaura	19	638	251073	801605	0
Bhagaura	33	553	291004	781707	0
Bhagaura	33	623	265423	829422	0
Bhagaura	33	314	267825	832125	0
Bhagaura	33	688	260588	816871	0
Bhagaura ka Purwa	19	638	251060	801763	0
Bhagauri Purwa	33	659	274614	801746	0
Bhagausa	33	280	273499	827214	0
Bhagausa	33	623	269509	829348	0
Bhagausa	4	117	247377	852257	0
Bhagausari	33	515	265141	836534	0
Bhagaut	33	458	288051	773592	0
Bhagaut	4	136	257597	862327	0
Bhagauta	33	553	294209	786038	0
Bhagauta	14	-1	243816	845634	0
Bhagautapur	33	280	272419	829692	0
Bhagautganj	33	269	271268	823729	0
Bhagauti	33	584	250036	822808	0
Bhagauti	33	102	247857	829906	0
Bhagauti	4	117	245237	849698	0
Bhagauti Purwa	33	488	275131	810584	0
Bhagauti Purwa	33	595	277184	818880	0
Bhagauti Purwa	33	522	271232	818941	0
Bhagautidaspur	33	561	253186	826077	0
Bhagautinagar	33	488	272222	809298	0
Bhagautipur	33	548	270238	794100	0
Bhagautipur	33	686	264218	795430	0
Bhagautipur	33	242	254623	830943	0
Bhagautipur	33	445	271922	792002	0
Bhagautipur	33	661	275784	793151	0
Bhagautipur	33	33	257617	827193	0
Bhagautipur	33	242	253717	827487	0
Bhagautipur	33	196	251339	829623	0
Bhagautipur	33	242	255487	829061	0
Bhagautipur	33	488	275441	810217	0
Bhagautipur	33	685	271286	809156	0
Bhagautipur	33	654	261198	811140	0
Bhagautipur	33	531	284348	789663	0
Bhagautipur	33	488	277745	808933	0
Bhagautipur	33	488	276421	807965	0
Bhagautipur	33	488	274735	807814	0
Bhagautipur	33	488	274392	808854	0
Bhagautipur	33	488	274173	812899	0
Bhagautipur	33	488	273286	813260	0
Bhagautipur	33	654	260311	813664	0
Bhagautipur	33	116	280709	791099	0
Bhagautipur	33	329	284725	792532	0
Bhagautipur	33	329	285890	795983	0
Bhagautipur	33	329	283506	795525	0
Bhagautipur	33	329	284621	796290	0
Bhagautipur	33	451	281350	797405	0
Bhagautipur	33	656	283426	799200	0
Bhagautipur	33	312	278800	803640	0
Bhagautipur Dhura	33	656	288052	797578	0
Bhagautipur Durga Parshad	33	278	269027	790126	0
Bhagautipur Kasba	33	656	286662	796988	0
Bhagavan	19	129	221230	746135	0
Bhagavanpuram	31	272	163888	775845	0
Bhagavanpuram	31	46	176744	812929	0
Bhagavanrajupalem	1	212	158682	800603	0
Bhagavatapuram	30	257	106468	794705	0
Bhagavathi Ambalam	16	148	108498	759195	0
Bhagavathi Ambalmn	16	148	108573	759355	0
Bhagavati Chetram	16	173	101379	762727	0
Bhagavati Chetram	16	234	94407	764246	0
Bhagavati Chetram	16	528	91128	765223	0
Bhagavatikshetram	16	253	109709	764263	0
Bhagavatipalaiyam	30	154	108120	770083	0
Bhagavatipalaiyam	30	227	109881	776102	0
Bhagavatipurampallarkudiyiruppu	30	435	81502	775591	0
Bhagavatipurampulaiyakudi	30	435	81460	775525	0
Bhagawa	20	141	204844	786650	0
Bhagawan	19	502	240017	794921	0
Bhagawangola	35	452	243233	882998	0
Bhagawar	28	550	257128	740086	0
Bhagawatipur	35	347	240318	875237	0
Bhagawatipur	35	347	242621	877714	0
Bhagawatipur	35	347	240050	878273	0
Bhagbarol	35	397	254552	879548	0
Bhagchandwa	4	117	244064	844095	0
Bhagchuri	34	617	288440	798962	0
Bhagdai	19	326	231084	782543	0
Bhagdana	33	196	251590	826984	0
Bhagdara	33	688	259492	816185	0
Bhagdara	20	78	207326	757681	0
Bhagdarun	34	692	299993	796818	0
Bhagdarwa	19	313	245150	809095	0
Bhagdeor	33	196	251182	824743	0
Bhagdeora	33	584	255887	817064	0
Bhagdewa	19	497	247629	819148	0
Bhagdewa	33	584	251094	816919	0
Bhagdewa	4	636	257478	865070	0
Bhagdhar	34	692	298755	795992	0
Bhagdoarin	35	587	258277	879844	0
Bhagdola	34	413	296308	799087	0
Bhagdot	12	409	326617	767298	0
Bhagdu	19	461	225091	809703	0
Bhagea	14	678	237219	849358	0
Bhagebar	14	379	245035	848241	0
Bhagebori	20	139	207575	794677	0
Bhageh	19	465	260325	784317	0
Bhageil	19	322	264175	789653	0
Bhagela	28	519	287823	754364	0
Bhagela	33	593	279312	787746	0
Bhagelpur	33	694	248457	832151	0
Bhagelpur	33	102	247686	833600	0
Bhagemmapeta	1	176	185754	835959	0
Bhagen	33	553	294262	782147	0
Bhagepur	19	512	245456	802273	0
Bhagepura	19	512	243540	803248	0
Bhager	12	653	314528	773513	0
Bhagera	33	31	269478	816743	0
Bhageratpur	34	530	293275	791379	0
Bhagesar	33	584	249434	819840	0
Bhagesar	33	196	251500	826859	0
Bhagesar	28	263	259017	734065	0
Bhagesar Dehli	33	584	252560	820414	0
Bhagesar Purwa	33	584	249663	820018	0
Bhagesara	33	688	258597	820043	0
Bhagesri	11	747	286807	763521	0
Bhagewa	33	479	260427	831557	0
Bhagga Purwa	33	686	267252	796787	0
Bhaggi ka Nagla	33	278	267536	791036	0
Bhaggu	33	174	274978	778838	0
Bhaggudhana	19	443	220457	777676	0
Bhaggupur	33	33	257238	821968	0
Bhaggupur	33	626	257398	813745	0
Bhaggupur	33	522	270437	820374	0
Bhagha	19	459	266064	781268	0
Bhaghar	33	659	273245	799422	0
Bhaghar	14	732	245014	852898	0
Bhaghar Baland	33	522	270681	819723	0
Bhagharia	33	282	275025	816588	0
Bhagharia	33	282	275081	816564	0
Bhagharia Bhagwanpur	33	522	272566	817362	0
Bhaghautipur	33	31	270274	814164	0
Bhaghor	19	646	245559	823067	0
Bhaghosa	33	31	268201	812758	0
Bhaghwandin Purwa	33	654	263348	812519	0
Bhagi	33	479	260249	831620	0
Bhagi	20	168	210872	803744	0
Bhagi	20	168	209043	800208	0
Bhagi	20	168	209099	803837	0
Bhagi Bandar	27	542	300257	750730	0
Bhagi Dandi	33	656	286815	796526	0
Bhagi Dih	14	712	244685	834477	0
Bhagi Jot	33	553	293945	786376	0
Bhagi Khera	33	31	266134	813142	0
Bhagi Mohari	20	139	214075	788567	0
Bhagi Pura	33	688	260143	819916	0
Bhagi Purwa	33	152	268818	827790	0
Bhagia	33	31	271936	809608	0
Bhagia	33	522	269915	818201	0
Bhagia	4	615	262218	841807	0
Bhagia Khera	33	654	261913	808741	0
Bhagia Purwa	33	31	271479	812090	0
Bhagiamari	14	442	252366	876866	0
Bhagian	27	284	316565	757081	0
Bhagian	27	284	316231	757118	0
Bhagian Loh Chap	27	468	318279	753136	0
Bhagiana	12	604	310931	770030	0
Bhagiapur	33	488	273555	810822	0
Bhagiapur	33	282	275888	815045	0
Bhagiapur	33	575	261268	821679	0
Bhagiapur	33	575	261144	821698	0
Bhagiapur	19	317	221227	757503	0
Bhagiapur	33	488	273976	807841	0
Bhagiapur	19	129	222649	749792	0
Bhagiapura	19	317	216566	756266	0
Bhagiar	12	267	314835	769727	0
Bhagiawala	33	492	291880	787982	0
Bhagibandar	28	360	296646	738452	0
Bhagiberna	14	276	223883	851726	0
Bhagidera	14	310	228602	847983	0
Bhagijot	33	492	290387	786872	0
Bhagike	27	480	305517	753389	0
Bhagimaheri	20	139	214104	791313	0
Bhagimal	25	290	218074	840399	0
Bhagimale	15	55	127475	756029	0
Bhagina	28	288	283630	756747	0
Bhagina	34	413	296765	793790	0
Bhagiot	13	1	336804	741171	0
Bhagipali	25	290	217922	840327	0
Bhagipali	25	546	217146	842387	0
Bhagipatti Jhil	4	675	266309	841332	0
Bhagipatti Khurd	4	675	266266	841396	0
Bhagipur	33	278	268999	790722	0
Bhagipur	33	389	273091	783982	0
Bhagipur	33	389	272661	784651	0
Bhagipur	33	682	276549	787205	0
Bhagipur	33	682	275519	786615	0
Bhagipur	33	27	257814	837370	0
Bhagipur	33	688	257978	820186	0
Bhagipur	33	33	258929	823069	0
Bhagipur	33	584	254648	821931	0
Bhagipur	33	654	259675	812946	0
Bhagipur	33	575	264623	820526	0
Bhagipur	33	637	260879	820538	0
Bhagipur	33	496	271641	833214	0
Bhagipur	33	479	260215	831568	0
Bhagipur	33	479	260356	831683	0
Bhagipur	33	314	269778	832569	0
Bhagipur	33	479	262820	832786	0
Bhagipur	33	27	256259	836206	0
Bhagipur	33	688	259904	818433	0
Bhagipur	33	584	254306	819695	0
Bhagipur	33	488	274520	809898	0
Bhagipur	33	31	270416	813695	0
Bhagipur	33	516	259796	841345	0
Bhagipur Umrai	33	661	275979	792548	0
Bhagir	12	653	315698	775548	0
Bhagiradhipuram	1	453	186601	839595	0
Bhagirata	4	582	247825	870158	0
Bhagirath	33	522	270806	817353	0
Bhagirath	33	523	281108	780581	0
Bhagirath Patti	33	575	261377	822534	0
Bhagirath Pura	33	522	272671	818906	0
Bhagirath Purwa	33	595	276519	818908	0
Bhagirath Purwa	33	522	269906	818983	0
Bhagiratha	4	394	252732	839020	0
Bhagiratha Dehra	4	394	252817	838987	0
Bhagirathi ka Purwa	33	619	251955	806971	0
Bhagirathiguda	31	62	171800	783581	0
Bhagirathipali	25	478	212371	838125	0
Bhagirathipur	33	561	254951	823546	0
Bhagirathipur	25	399	208299	846105	0
Bhagirathipur	25	399	208970	848709	0
Bhagirathipuram	1	176	183923	835103	0
Bhagirathipuram	1	453	181969	838624	0
Bhagirathpatti	4	535	265410	859851	0
Bhagirathpur	4	-1	240857	885071	0
Bhagirathpur	33	27	256402	833573	0
Bhagirathpur	4	718	252242	836156	0
Bhagirathpur	33	33	256717	825535	0
Bhagirathpur	33	196	251772	827816	0
Bhagirathpur	33	27	258127	834069	0
Bhagirathpur	33	27	255393	835732	0
Bhagirathpur	33	637	263177	815279	0
Bhagirathpur	4	136	259953	857671	0
Bhagirathpura	28	429	262522	766773	0
Bhagirathpura	19	323	259998	775627	0
Bhagitikra	25	297	210676	836318	0
Bhagitola	4	106	249299	856370	0
Bhagitoli	14	310	232335	841303	0
Bhagiwala	27	545	310427	747314	0
Bhagiya	19	610	240149	813935	0
Bhagjana	28	298	256095	741780	0
Bhagjhunki	4	491	263487	877116	0
Bhagla	33	575	263821	820397	0
Bhagla Arazi	33	152	267111	823664	0
Bhaglana	34	430	302094	781436	0
Bhaglapur	33	698	259711	802960	0
Bhaglapur	33	532	262574	826340	0
Bhaglatoli	14	310	231918	842734	0
Bhagli	13	640	332560	747921	0
Bhagli	4	112	246272	841676	0
Bhaglia	10	140	233000	737140	0
Bhaglian Adwar	12	348	330989	763807	0
Bhagliara	12	267	315783	771928	0
Bhagliya	19	129	224226	755503	0
Bhaglu	4	505	249518	862698	0
Bhaglwari	34	413	298766	790963	0
Bhagmal Bigha	4	106	248787	855495	0
Bhagmal Bigha	4	495	252394	854543	0
Bhagmal Pah	33	564	259018	837610	0
Bhagmalpur	33	479	258253	828854	0
Bhagmalpur	33	33	260110	826211	0
Bhagmalpur	33	479	260367	832042	0
Bhagmalpur	33	27	257265	835354	0
Bhagmanda	4	117	243603	844442	0
Bhagmani	4	632	260135	866556	0
Bhagmania	14	379	241378	848524	0
Bhagmat Purwa	33	31	268495	813962	0
Bhagmata	33	31	268487	811988	0
Bhagmath	4	396	252603	874435	0
Bhagmohabbat	4	641	261191	874186	0
Bhagmu Khera	34	430	308601	779002	0
Bhagna	12	514	306173	774949	0
Bhagna	12	348	326035	760576	0
Bhagna Dandi	33	329	288155	794573	0
Bhagna Tanda	20	138	188852	770096	0
Bhagnagar	33	370	247956	786097	0
Bhagnagar	33	445	270127	791773	0
Bhagnagri	4	535	263476	860066	0
Bhagnala	34	589	296446	785248	0
Bhagnapur	33	522	269842	825481	0
Bhagnapur	33	31	272163	812958	0
Bhagnapur	33	329	283523	795874	0
Bhagnapur	33	312	279239	801453	0
Bhagnari	12	514	307445	776813	0
Bhagnaun	13	35	332127	758371	0
Bhagne	33	314	265728	834921	0
Bhagner	33	389	274473	786303	0
Bhagni Purwa	33	522	269974	817451	0
Bhagnia	33	496	271517	836354	0
Bhagniya	19	497	247436	817719	0
Bhagnur	20	138	186935	774176	0
Bhago	19	497	247037	817240	0
Bhago Kanwan	27	468	321005	753790	0
Bhago Majri	11	614	300051	762098	0
Bhago Mazra	27	608	306767	766734	0
Bhagobhar	33	280	271382	827763	0
Bhagoda	19	208	241837	780724	0
Bhagodar	19	646	242468	817997	0
Bhagodih	6	388	220060	828021	0
Bhagodih	14	712	242010	836128	0
Bhagodih	6	388	219498	829391	0
Bhagodih	6	17	219946	830633	0
Bhagodih Jalima	14	712	242744	837471	0
Bhagodongiri	25	349	198327	834442	0
Bhagohar	19	646	241933	815943	0
Bhagohar	33	522	269787	821178	0
Bhagoke	27	545	310154	748589	0
Bhagol	8	403	285728	772746	0
Bhagola	33	522	268909	821864	0
Bhagola	33	532	265327	823955	0
Bhagola	12	39	318840	762417	0
Bhagoli Purwa	33	152	268346	824589	0
Bhagoli Talla	34	413	297634	792307	0
Bhagolitola	6	642	205751	810597	0
Bhagonda	33	116	279655	793145	0
Bhagor	19	335	228866	746045	0
Bhagor	19	484	255771	784427	0
Bhagor	19	16	236980	769229	0
Bhagor Diara	33	516	259401	843519	0
Bhagor Ka Nagla	28	113	269650	773146	0
Bhagora	28	599	267814	776121	0
Bhagora	20	169	206885	773121	0
Bhagora	33	370	249750	786162	0
Bhagora	19	635	225245	758183	0
Bhagora	19	635	225155	758939	0
Bhagora	19	317	220902	759378	0
Bhagora	6	17	219030	835116	0
Bhagora	28	493	238442	735491	0
Bhagori	19	16	241439	762481	0
Bhagori	28	113	269671	772506	0
Bhagori	19	354	226968	797127	0
Bhagosa	33	174	275298	774309	0
Bhagosa	33	523	278824	783895	0
Bhagot	12	514	309194	773869	0
Bhagot	11	667	284222	762690	0
Bhagot	12	348	325376	760903	0
Bhagot	12	279	314626	767797	0
Bhagot Majra	27	608	308004	766993	0
Bhagotani	4	117	244340	843362	0
Bhagoti	34	430	309575	778393	0
Bhagoti	34	413	296846	795753	0
Bhagotipur	11	689	289843	765161	0
Bhagotipur	33	116	279754	793524	0
Bhagotipur	4	363	254533	846349	0
Bhagotipur Dakhin	33	575	261421	822881	0
Bhagotipur Uttar	33	575	261438	822910	0
Bhagotiya Dhura	34	413	297667	791961	0
Bhagotla	12	39	321178	764974	0
Bhagowal	27	284	316151	757648	0
Bhagowal	27	284	315885	759246	0
Bhagowala	27	545	311386	749344	0
Bhagowala	27	468	319038	751679	0
Bhagpunash	4	491	261741	877890	0
Bhagpur	11	565	305458	770591	0
Bhagpur	27	480	309214	751532	0
Bhagpur	27	647	308895	760353	0
Bhagpur	33	445	271547	789694	0
Bhagpur	33	682	275952	787922	0
Bhagpur	34	617	292826	789942	0
Bhagpur	19	461	224171	805100	0
Bhagpur	20	78	209423	756702	0
Bhagpura	28	302	262503	752072	0
Bhagpura	28	599	268370	779963	0
Bhagpura	19	202	218864	770199	0
Bhagpuri	34	617	292108	792189	0
Bhagra	35	361	233609	881377	0
Bhagra	33	694	250370	830893	0
Bhagra	14	673	244829	838999	0
Bhagra	33	595	277258	818576	0
Bhagra	33	496	270064	837387	0
Bhagra	33	479	262558	831499	0
Bhagra	33	314	268877	832564	0
Bhagra Gajpur	33	314	264952	834761	0
Bhagra Jot	33	314	266889	833730	0
Bhagra Khalsa	33	488	274164	806720	0
Bhagra Purwa	33	645	264932	799613	0
Bhagrajpura	33	526	268009	785388	0
Bhagran	27	284	319071	756854	0
Bhagrana	27	624	306005	765755	0
Bhagrar	4	505	247643	861794	0
Bhagrat	12	514	305677	773587	0
Bhagrawa	33	269	271385	823862	0
Bhagrawan	33	479	258206	830612	0
Bhagre Chaukia	19	-1	251222	813208	0
Bhagrela	13	358	330721	755677	0
Bhagreli	19	449	227575	813522	0
Bhagri	20	390	207756	798489	0
Bhagri	33	33	256462	827893	0
Bhagrodia	10	133	240729	724447	0
Bhagrotra	12	348	324431	760491	0
Bhagrtan	33	623	266850	830765	0
Bhagru	34	589	299916	787481	0
Bhagsa Nath	12	39	322448	763364	0
Bhagsar	28	360	291166	734448	0
Bhagsar	27	592	304417	744023	0
Bhagsar	27	3	300272	742967	0
Bhagsar	28	360	299602	739913	0
Bhagsar Dabla	28	360	294667	736309	0
Bhagsara	19	311	229414	763600	0
Bhagsari	20	182	214409	743186	0
Bhagser	12	348	328581	761908	0
Bhagsi	11	-1	305257	769180	0
Bhagsot	13	35	332661	761942	0
Bhagsur	35	587	258848	878901	0
Bhagsur	19	239	219591	750444	0
Bhagta	13	640	329769	749631	0
Bhagta	19	337	237540	799247	0
Bhagta	33	269	276768	821654	0
Bhagta	33	280	272492	831849	0
Bhagta	33	623	266689	830222	0
Bhagta	33	623	266716	830655	0
Bhagta	33	623	265213	831761	0
Bhagta	33	314	267083	834206	0
Bhagta	33	314	264711	833390	0
Bhagta	4	535	261428	864567	0
Bhagta Khera	33	685	270667	809523	0
Bhagta Nagla	33	622	282746	783932	0
Bhagta Nagla	33	116	280435	787211	0
Bhagta Nagla Surji	33	116	281940	787411	0
Bhagta Purwa	33	488	273353	806456	0
Bhagtahir	4	590	259507	877477	0
Bhagtan	33	688	256950	821167	0
Bhagtan	33	561	253056	826566	0
Bhagtan ka Nagla	33	278	268286	789495	0
Bhagtan Purwa	33	654	261412	813314	0
Bhagtandhana	19	443	221784	778718	0
Bhagtanian	33	656	287540	798497	0
Bhagtanian	33	656	288248	798684	0
Bhagtanpur	34	574	297184	781186	0
Bhagtanpur	33	637	261437	819996	0
Bhagtanwala	27	571	304453	756806	0
Bhagtapur	33	561	252698	826175	0
Bhagtapur	33	282	275227	815948	0
Bhagtapur	33	685	270981	808778	0
Bhagtarhalli	15	422	134440	779971	0
Bhagtarpalya	15	92	129338	770274	0
Bhagtasni	28	331	261693	731708	0
Bhagtauli	33	33	255487	830511	0
Bhagtauli	33	479	262990	829602	0
Bhagteu	12	460	312021	776330	0
Bhagthadih	14	434	241841	861288	0
Bhagthala Kalan	27	700	307756	747890	0
Bhagthala Khurd	27	700	307797	747876	0
Bhagti	33	623	269073	830435	0
Bhagtiadih	14	454	243883	857698	0
Bhagtin Kunwar	33	31	267972	812599	0
Bhagtin Purwa	33	522	271417	819017	0
Bhagtiniyatola	33	102	243321	832205	0
Bhagtipur	33	637	261428	819929	0
Bhagtipur Narayanpur	33	575	262688	825436	0
Bhagtiura	34	530	293660	795396	0
Bhagtoia	4	117	246005	853138	0
Bhagtola	34	530	294553	792696	0
Bhagtola	34	413	297008	796372	0
Bhagtonwali	34	574	298121	777731	0
Bhagtpura	27	214	315881	749428	0
Bhagtua	33	644	275595	779840	0
Bhagtudera	6	388	220052	828744	0
Bhagtupur	33	242	253773	828998	0
Bhagtupur	33	152	266495	828224	0
Bhagtupur	27	468	317161	753730	0
Bhagtupur	27	284	313028	759639	0
Bhagtupur	33	659	270342	802196	0
Bhagtuwa	33	242	254054	831561	0
Bhagtuwanriwala Tap	27	542	302566	749343	0
Bhagu	27	3	300316	742310	0
Bhagu	28	414	274333	735500	0
Bhagu	27	592	300332	746271	0
Bhagu	27	542	301871	750113	0
Bhagu	33	523	276042	778796	0
Bhagu	33	522	269844	825578	0
Bhagu Ahir Purwa	33	654	263294	811852	0
Bhagu Arain	27	544	312075	751608	0
Bhagu Budha	27	544	312180	751244	0
Bhagu ka Bas	28	463	277915	764166	0
Bhagu ka Purwa	33	626	254034	813854	0
Bhagu Khera	33	301	265138	807572	0
Bhagu Khera	33	685	266622	809054	0
Bhagu Khera	33	685	266587	809329	0
Bhagu Khera	33	654	262472	808731	0
Bhagu Majra	27	704	308754	765613	0
Bhagu Majra	27	608	307564	766121	0
Bhagu Mazra	11	88	301197	771296	0
Bhagu Nagla	33	661	273959	796231	0
Bhagu Purwa	33	522	268641	819085	0
Bhagu Purwa	33	488	274878	812942	0
Bhagu Sheikh Purwa	33	282	275249	815263	0
Bhagu Singh	33	522	270607	816863	0
Bhagu Tiwari	33	654	261402	813405	0
Bhagua Bangar	34	530	293646	791178	0
Bhaguposi	25	281	216918	857837	0
Bhagupur	33	526	272327	781309	0
Bhagupur	33	694	251213	831615	0
Bhagupur	33	698	258093	809920	0
Bhagupur	33	605	265597	820758	0
Bhagupur	27	250	312476	748372	0
Bhagupur	33	31	271475	810331	0
Bhagupura	33	593	277007	787762	0
Bhagur	20	132	207563	777341	0
Bhagur	19	317	218649	758172	0
Bhagutola	6	517	219774	812121	0
Bhaguwa ka Purwa	33	444	253136	804812	0
Bhaguwal	27	704	308464	765584	0
Bhaguwala	33	553	297026	782563	0
Bhaguwapura	19	484	260570	787109	0
Bhagvanpura	19	317	216301	756044	0
Bhagvanpura	19	317	219556	758672	0
Bhagvati	15	59	151567	747586	0
Bhagvati	15	97	132016	751987	0
Bhagvatimane	15	59	149931	746802	0
Bhagwa	10	137	213546	726532	0
Bhagwa	33	522	272393	821377	0
Bhagwa	33	496	270194	833966	0
Bhagwa	33	515	265748	837068	0
Bhagwa	33	688	259019	819996	0
Bhagwa	33	515	265395	840053	0
Bhagwa	33	312	277636	804284	0
Bhagwa Bhit	33	605	266995	822532	0
Bhagwa Jalalpur	33	564	258263	833787	0
Bhagwa Kalwar	33	522	270242	822720	0
Bhagwadol	4	602	256595	875989	0
Bhagwahgarh	33	389	273385	786671	0
Bhagwaji Muwara	10	140	232227	734349	0
Bhagwakol	14	570	251720	874527	0
Bhagwal	13	359	324176	753544	0
Bhagwal	27	665	322559	753900	0
Bhagwal	13	477	324476	753622	0
Bhagwal	12	39	321750	759429	0
Bhagwal Buzurg	33	654	261358	810547	0
Bhagwali	11	565	305035	770025	0
Bhagwali Chak	13	559	328463	744823	0
Bhagwalia	4	394	250509	838752	0
Bhagwan	19	638	245728	791698	0
Bhagwan	33	682	274908	790608	0
Bhagwan	19	420	251905	781215	0
Bhagwan	33	522	270194	824026	0
Bhagwan	13	477	323817	754559	0
Bhagwan	4	687	258843	852300	0
Bhagwan Bakhsh Khera	33	301	263779	808852	0
Bhagwan Bakhsh Khera	33	301	264684	809412	0
Bhagwan Bigha	4	112	250510	844155	0
Bhagwan Bigha	4	734	252174	846482	0
Bhagwan Bigha	4	507	251226	849233	0
Bhagwan Bigha	4	394	247708	840412	0
Bhagwan Bigha	4	394	248733	841312	0
Bhagwan Bigha	4	112	249562	847115	0
Bhagwan Bigha	4	106	250726	856501	0
Bhagwan Bigha	4	117	246186	851146	0
Bhagwan Bigha	4	495	252211	852981	0
Bhagwan Bigha	4	495	251756	853803	0
Bhagwan Chak	33	564	258474	833485	0
Bhagwan Chak	33	314	265334	832915	0
Bhagwan Chak	33	515	264244	835509	0
Bhagwan Chak	4	117	246919	852066	0
Bhagwan Chak	4	727	255631	863463	0
Bhagwan Chak	14	570	248849	872023	0
Bhagwan Dih	33	269	274999	825682	0
Bhagwan Dube	33	522	271039	816522	0
Bhagwan Jot	33	522	272222	819866	0
Bhagwan Jot	33	152	267225	823721	0
Bhagwan Khera	33	301	264534	808318	0
Bhagwan Kurmi	33	522	270183	823984	0
Bhagwan Kurmi	33	522	270367	823053	0
Bhagwan Manjha	33	515	264926	835293	0
Bhagwan Miragpur	33	488	276821	812304	0
Bhagwan Patti	33	532	264600	824056	0
Bhagwan Purwa	33	522	270927	817108	0
Bhagwan Purwa	33	654	261311	813297	0
Bhagwan Rai	33	539	267257	840996	0
Bhagwan Singh Purwa	33	522	270298	822532	0
Bhagwana	28	22	244228	733736	0
Bhagwana	4	505	249723	861643	0
Bhagwana	4	505	247196	861905	0
Bhagwanara	33	242	253465	830065	0
Bhagwanbakhsh Khera	33	654	263132	810173	0
Bhagwanbigha	14	673	245232	840349	0
Bhagwanda	28	550	250900	738987	0
Bhagwanda Nichla	28	550	250888	738674	0
Bhagwandaspur	33	492	288607	786939	0
Bhagwandaspur	33	688	259459	819644	0
Bhagwandin	33	152	268050	825720	0
Bhagwandin Khera	33	301	263918	807842	0
Bhagwandin Khera	33	301	263813	808184	0
Bhagwandin Khera	33	301	263853	810118	0
Bhagwandin Purwa	33	450	267224	799998	0
Bhagwandin Purwa	33	522	272131	819247	0
Bhagwanganj	33	33	258326	823290	0
Bhagwanganj	33	685	265303	810609	0
Bhagwanganj	4	581	253002	849332	0
Bhagwangarh	28	467	295520	738695	0
Bhagwangarh	11	88	300092	771577	0
Bhagwangarh	11	88	301568	773303	0
Bhagwangarh	27	542	300663	749231	0
Bhagwangarhi	33	672	289585	775455	0
Bhagwangarhi	33	523	278841	777831	0
Bhagwangarhi	33	174	279234	775719	0
Bhagwangarhi	33	523	276968	778182	0
Bhagwangola	35	452	243450	883236	0
Bhagwangola II	35	452	243047	883799	0
Bhagwani	19	323	259517	774320	0
Bhagwani	12	270	317585	764252	0
Bhagwani Baghia	33	522	269030	822041	0
Bhagwani Purwa	33	282	271239	815668	0
Bhagwania	33	623	270112	829330	0
Bhagwanipur	4	718	251799	837500	0
Bhagwanipuram	30	201	93203	781714	0
Bhagwannagar	20	132	209135	777654	0
Bhagwannagar	33	31	270412	810792	0
Bhagwanpali	6	279	218685	822499	0
Bhagwanpali	25	290	216355	839185	0
Bhagwanpali	25	546	215604	839588	0
Bhagwanpur	34	574	299414	778154	0
Bhagwanpur	4	687	258601	852997	0
Bhagwanpur	28	298	255389	744412	0
Bhagwanpur	4	718	249588	836059	0
Bhagwanpur	34	430	303922	779093	0
Bhagwanpur	11	88	300001	771544	0
Bhagwanpur	33	431	297944	771866	0
Bhagwanpur	27	624	305448	760869	0
Bhagwanpur	11	565	305373	769372	0
Bhagwanpur	27	608	305782	769032	0
Bhagwanpur	11	482	300621	769565	0
Bhagwanpur	4	520	261902	848918	0
Bhagwanpur	4	641	261324	875211	0
Bhagwanpur	11	500	282287	766686	0
Bhagwanpur	11	88	302163	771291	0
Bhagwanpur	11	88	304236	773866	0
Bhagwanpur	11	88	302062	773797	0
Bhagwanpur	12	514	304767	775671	0
Bhagwanpur	33	553	295219	782077	0
Bhagwanpur	33	458	291833	773397	0
Bhagwanpur	34	574	298047	779125	0
Bhagwanpur	27	647	307883	759445	0
Bhagwanpur	34	430	302543	782178	0
Bhagwanpur	33	553	294176	785015	0
Bhagwanpur	33	613	282491	777036	0
Bhagwanpur	33	724	288173	779704	0
Bhagwanpur	33	523	280949	779105	0
Bhagwanpur	33	682	276349	787115	0
Bhagwanpur	33	451	278484	795275	0
Bhagwanpur	33	548	271226	795532	0
Bhagwanpur	19	465	259332	779370	0
Bhagwanpur	33	682	275095	782458	0
Bhagwanpur	33	479	258965	829475	0
Bhagwanpur	28	599	268561	781432	0
Bhagwanpur	33	479	256595	831186	0
Bhagwanpur	33	242	252729	830026	0
Bhagwanpur	33	242	254380	830890	0
Bhagwanpur	33	242	254937	831162	0
Bhagwanpur	33	694	254073	832091	0
Bhagwanpur	33	694	254495	831935	0
Bhagwanpur	33	196	250086	830415	0
Bhagwanpur	33	694	252622	833211	0
Bhagwanpur	4	718	252199	834312	0
Bhagwanpur	4	718	250445	835089	0
Bhagwanpur	4	597	253183	838781	0
Bhagwanpur	4	394	251726	838332	0
Bhagwanpur	4	394	251014	839909	0
Bhagwanpur	20	132	210905	778475	0
Bhagwanpur	33	102	247214	831785	0
Bhagwanpur	20	139	206543	793390	0
Bhagwanpur	20	110	205569	797936	0
Bhagwanpur	33	698	258429	807227	0
Bhagwanpur	33	584	249074	819610	0
Bhagwanpur	33	661	276298	794615	0
Bhagwanpur	33	33	258284	822400	0
Bhagwanpur	33	33	255707	825058	0
Bhagwanpur	33	33	255217	825896	0
Bhagwanpur	33	561	252866	822793	0
Bhagwanpur	33	561	253314	824172	0
Bhagwanpur	33	561	253200	824874	0
Bhagwanpur	33	33	254811	826321	0
Bhagwanpur	33	561	253566	825954	0
Bhagwanpur	33	561	253315	826707	0
Bhagwanpur	33	561	253435	826012	0
Bhagwanpur	33	242	254394	828237	0
Bhagwanpur	33	242	253868	829316	0
Bhagwanpur	33	196	248657	828862	0
Bhagwanpur	33	553	295439	783720	0
Bhagwanpur	33	488	277307	810128	0
Bhagwanpur	33	488	275980	810094	0
Bhagwanpur	33	488	274720	810051	0
Bhagwanpur	33	488	274287	810068	0
Bhagwanpur	33	488	273891	810351	0
Bhagwanpur	33	488	273832	812374	0
Bhagwanpur	33	282	276511	815570	0
Bhagwanpur	33	522	272501	817353	0
Bhagwanpur	33	595	277244	817827	0
Bhagwanpur	33	595	277343	818425	0
Bhagwanpur	33	595	276731	818344	0
Bhagwanpur	33	595	275834	818034	0
Bhagwanpur	33	595	275707	819714	0
Bhagwanpur	33	31	268264	812411	0
Bhagwanpur	33	685	265500	810403	0
Bhagwanpur	33	464	289182	782660	0
Bhagwanpur	33	464	287732	783059	0
Bhagwanpur	33	488	272131	807738	0
Bhagwanpur	33	488	272194	809207	0
Bhagwanpur	33	464	285613	783250	0
Bhagwanpur	33	637	262215	818570	0
Bhagwanpur	33	637	261554	817660	0
Bhagwanpur	33	595	278239	821038	0
Bhagwanpur	33	269	277226	821894	0
Bhagwanpur	33	269	276891	822267	0
Bhagwanpur	33	269	274356	823223	0
Bhagwanpur	33	269	272267	824078	0
Bhagwanpur	33	269	274256	825920	0
Bhagwanpur	33	269	274926	825962	0
Bhagwanpur	33	269	274514	827121	0
Bhagwanpur	33	280	271720	826834	0
Bhagwanpur	33	575	264733	820370	0
Bhagwanpur	33	575	263522	820064	0
Bhagwanpur	33	575	263554	821624	0
Bhagwanpur	33	575	264043	821191	0
Bhagwanpur	33	575	263822	822000	0
Bhagwanpur	33	575	262233	820880	0
Bhagwanpur	33	575	261340	821245	0
Bhagwanpur	33	152	268378	823669	0
Bhagwanpur	33	479	259724	831294	0
Bhagwanpur	33	575	261066	823250	0
Bhagwanpur	33	522	269650	825520	0
Bhagwanpur	33	152	269946	826996	0
Bhagwanpur	33	152	267242	825995	0
Bhagwanpur	33	532	265827	825159	0
Bhagwanpur	33	532	265013	825476	0
Bhagwanpur	33	532	263316	827423	0
Bhagwanpur	33	152	267205	829539	0
Bhagwanpur	33	479	258234	833048	0
Bhagwanpur	33	532	263489	828846	0
Bhagwanpur	33	479	262905	829302	0
Bhagwanpur	33	280	272079	830863	0
Bhagwanpur	33	496	271894	831989	0
Bhagwanpur	33	496	271041	831758	0
Bhagwanpur	33	314	270766	831973	0
Bhagwanpur	33	314	270199	832299	0
Bhagwanpur	33	314	270537	832613	0
Bhagwanpur	33	314	270514	833396	0
Bhagwanpur	33	496	271535	834052	0
Bhagwanpur	33	496	272058	834044	0
Bhagwanpur	33	496	271703	836308	0
Bhagwanpur	33	623	269018	830570	0
Bhagwanpur	33	623	268917	830639	0
Bhagwanpur	33	314	268675	831364	0
Bhagwanpur	33	623	266388	830625	0
Bhagwanpur	33	479	262513	831891	0
Bhagwanpur	33	479	261020	830411	0
Bhagwanpur	33	479	262295	832217	0
Bhagwanpur	33	314	268691	833492	0
Bhagwanpur	33	314	268050	833661	0
Bhagwanpur	33	314	269206	833812	0
Bhagwanpur	33	314	269451	833009	0
Bhagwanpur	33	314	269427	832976	0
Bhagwanpur	33	496	269927	834360	0
Bhagwanpur	33	314	268090	834586	0
Bhagwanpur	33	314	266842	832932	0
Bhagwanpur	33	539	268733	836073	0
Bhagwanpur	33	539	267781	836350	0
Bhagwanpur	33	539	268889	836670	0
Bhagwanpur	33	314	266535	835115	0
Bhagwanpur	33	314	266592	835845	0
Bhagwanpur	33	539	267460	836210	0
Bhagwanpur	33	515	264287	835742	0
Bhagwanpur	33	539	268746	837967	0
Bhagwanpur	33	539	268374	838833	0
Bhagwanpur	33	539	268782	839290	0
Bhagwanpur	33	516	261655	837836	0
Bhagwanpur	33	516	260213	838242	0
Bhagwanpur	27	665	323037	754339	0
Bhagwanpur	33	626	253790	815475	0
Bhagwanpur	33	688	257785	818815	0
Bhagwanpur	33	688	257486	819101	0
Bhagwanpur	33	584	250652	819543	0
Bhagwanpur	27	468	320896	755230	0
Bhagwanpur	27	468	319422	751176	0
Bhagwanpur	27	544	315283	755165	0
Bhagwanpur	33	659	272286	806167	0
Bhagwanpur	20	134	205305	801269	0
Bhagwanpur	33	488	275096	808499	0
Bhagwanpur	33	488	274755	807688	0
Bhagwanpur	33	488	273430	808891	0
Bhagwanpur	33	488	273757	808974	0
Bhagwanpur	33	488	274494	808753	0
Bhagwanpur	27	355	314743	757644	0
Bhagwanpur	11	565	307516	769165	0
Bhagwanpur	6	269	237806	832149	0
Bhagwanpur	6	17	219194	833737	0
Bhagwanpur	33	672	289097	780773	0
Bhagwanpur	33	613	286228	781864	0
Bhagwanpur	33	282	277843	814668	0
Bhagwanpur	33	282	275486	813919	0
Bhagwanpur	33	31	269130	815265	0
Bhagwanpur	33	31	268242	815095	0
Bhagwanpur	4	520	259816	846677	0
Bhagwanpur	4	363	254209	846329	0
Bhagwanpur	4	734	251773	845125	0
Bhagwanpur	4	734	250955	846033	0
Bhagwanpur	4	520	258082	849920	0
Bhagwanpur	4	520	257833	849689	0
Bhagwanpur	4	581	255288	849272	0
Bhagwanpur	4	457	269657	841037	0
Bhagwanpur	4	675	264910	842478	0
Bhagwanpur	4	675	265413	842135	0
Bhagwanpur	4	675	266315	841160	0
Bhagwanpur	4	675	263546	842109	0
Bhagwanpur	4	675	264227	841752	0
Bhagwanpur	4	615	261784	840837	0
Bhagwanpur	4	615	260769	842421	0
Bhagwanpur	4	457	267742	843142	0
Bhagwanpur	4	457	267871	843563	0
Bhagwanpur	33	539	266765	842954	0
Bhagwanpur	4	457	266188	844293	0
Bhagwanpur	4	457	269879	845208	0
Bhagwanpur	33	116	281349	793288	0
Bhagwanpur	34	617	289237	795565	0
Bhagwanpur	4	382	269709	848364	0
Bhagwanpur	4	675	262697	847623	0
Bhagwanpur	4	382	264685	849301	0
Bhagwanpur	4	520	260087	848086	0
Bhagwanpur	33	329	284058	795385	0
Bhagwanpur	33	516	257632	841174	0
Bhagwanpur	4	581	253956	849711	0
Bhagwanpur	4	507	251287	848880	0
Bhagwanpur	4	507	250520	849561	0
Bhagwanpur	4	112	245415	841041	0
Bhagwanpur	4	394	250111	840235	0
Bhagwanpur	33	516	258385	843282	0
Bhagwanpur	33	516	257387	844904	0
Bhagwanpur	4	495	250792	855124	0
Bhagwanpur	4	495	250696	856372	0
Bhagwanpur	4	106	250725	857430	0
Bhagwanpur	4	136	259971	858114	0
Bhagwanpur	4	136	259157	858595	0
Bhagwanpur	4	510	255131	859062	0
Bhagwanpur	4	510	255753	858730	0
Bhagwanpur	4	117	246136	850309	0
Bhagwanpur	4	117	246530	851598	0
Bhagwanpur	4	117	246124	850964	0
Bhagwanpur	4	117	245603	851458	0
Bhagwanpur	14	379	243247	852315	0
Bhagwanpur	4	106	249143	854984	0
Bhagwanpur	4	106	246474	854752	0
Bhagwanpur	14	732	244261	853656	0
Bhagwanpur	4	535	264913	860133	0
Bhagwanpur	4	106	249532	857207	0
Bhagwanpur	4	535	264187	862131	0
Bhagwanpur	4	410	262325	869597	0
Bhagwanpur	4	510	255486	860057	0
Bhagwanpur	4	518	250714	864889	0
Bhagwanpur	4	636	258122	865128	0
Bhagwanpur	4	636	257972	866051	0
Bhagwanpur	4	636	258613	866526	0
Bhagwanpur	4	632	259284	866751	0
Bhagwanpur	4	636	258896	866908	0
Bhagwanpur	4	636	257025	866238	0
Bhagwanpur	4	636	257197	866683	0
Bhagwanpur	4	727	255093	866650	0
Bhagwanpur	4	632	259270	867584	0
Bhagwanpur	33	488	274803	805069	0
Bhagwanpur	33	686	269082	793643	0
Bhagwanpur	4	117	248790	848641	0
Bhagwanpur	4	117	249485	848714	0
Bhagwanpur	4	117	248403	849446	0
Bhagwanpur	4	117	247065	848250	0
Bhagwanpur	4	117	247006	849754	0
Bhagwanpur	4	410	264859	870359	0
Bhagwanpur	4	396	250798	871525	0
Bhagwanpur	4	381	259871	850967	0
Bhagwanpur	4	687	259383	851360	0
Bhagwanpur	4	581	255195	852286	0
Bhagwanpur	4	581	254315	851001	0
Bhagwanpur	35	587	258857	878723	0
Bhagwanpur	35	397	253722	879271	0
Bhagwanpur	14	633	245031	877409	0
Bhagwanpur	4	507	251076	851516	0
Bhagwanpur	4	495	251433	851663	0
Bhagwanpur	14	643	241517	875052	0
Bhagwanpur	4	381	259633	853504	0
Bhagwanpur	4	495	253224	854034	0
Bhagwanpur	4	495	251282	853522	0
Bhagwanpur	4	495	251446	854311	0
Bhagwanpur	4	381	259722	855072	0
Bhagwanpur	4	687	258331	855941	0
Bhagwanpur	33	659	273250	801357	0
Bhagwanpur	14	379	243170	849960	0
Bhagwanpur	14	310	231506	842027	0
Bhagwanpur	14	678	237360	844923	0
Bhagwanpur	14	379	239862	848834	0
Bhagwanpur	33	623	266699	830016	0
Bhagwanpur	33	488	272540	808012	0
Bhagwanpur	33	282	277237	814688	0
Bhagwanpur	4	381	262127	849713	0
Bhagwanpur	4	520	261124	849168	0
Bhagwanpur	4	520	258902	850023	0
Bhagwanpur	4	520	258259	850413	0
Bhagwanpur	4	507	250861	850315	0
Bhagwanpur	4	495	250872	854565	0
Bhagwanpur	4	636	257725	864847	0
Bhagwanpur Balrampur	33	329	280993	795422	0
Bhagwanpur Bangar	33	672	289050	779558	0
Bhagwanpur Bankat	33	595	275189	819317	0
Bhagwanpur Barhaiya	33	654	260305	813474	0
Bhagwanpur Bichla	34	530	292232	794775	0
Bhagwanpur Chhatamba	33	654	260956	810896	0
Bhagwanpur Desua	4	136	258124	858382	0
Bhagwanpur Grant	33	269	271426	822765	0
Bhagwanpur Hat	4	615	260979	846831	0
Bhagwanpur Ilaka Jehi	33	329	283072	795848	0
Bhagwanpur Jai Singh	34	530	292264	794825	0
Bhagwanpur Kaiju	4	687	258346	856064	0
Bhagwanpur Kalan	33	282	276749	815645	0
Bhagwanpur Kamla	4	136	257710	857834	0
Bhagwanpur Khadar	33	464	287852	781834	0
Bhagwanpur Khajuri	4	687	258746	855821	0
Bhagwanpur Khurd	33	282	277018	815663	0
Bhagwanpur Khurd	33	539	267526	836271	0
Bhagwanpur Kundan	33	329	280961	796157	0
Bhagwanpur Mafi	33	488	274959	809724	0
Bhagwanpur Nagwa	33	479	262466	831948	0
Bhagwanpur Phulwa	33	329	281654	795803	0
Bhagwanpur Raini	33	553	291840	786378	0
Bhagwanpur Talla	34	530	292199	794823	0
Bhagwanpur Tappa Tirkha	33	654	261413	810863	0
Bhagwanpur Waini	4	136	259127	856738	0
Bhagwanpura	27	624	305616	762465	0
Bhagwanpura	11	-1	307363	768316	0
Bhagwanpura	33	710	262930	791562	0
Bhagwanpura	11	500	280164	765887	0
Bhagwanpura	27	592	303244	743799	0
Bhagwanpura	27	592	302180	744611	0
Bhagwanpura	28	463	275975	766223	0
Bhagwanpura	28	357	250713	760186	0
Bhagwanpura	28	428	261432	748529	0
Bhagwanpura	28	428	260268	749984	0
Bhagwanpura	28	428	257765	740138	0
Bhagwanpura	27	542	299781	751731	0
Bhagwanpura	11	353	295103	761200	0
Bhagwanpura	19	324	248147	769655	0
Bhagwanpura	28	302	262224	752190	0
Bhagwanpura	28	302	261407	752086	0
Bhagwanpura	27	647	308251	761605	0
Bhagwanpura	27	543	301225	763317	0
Bhagwanpura	33	682	275365	791264	0
Bhagwanpura	19	202	217762	765692	0
Bhagwanpura	19	324	242791	772084	0
Bhagwanpura	19	16	240547	771668	0
Bhagwanpura	28	321	248004	763377	0
Bhagwanpura	27	250	312983	746775	0
Bhagwanpura	27	214	319739	748814	0
Bhagwanpura	27	250	313650	747858	0
Bhagwanpura	27	545	309867	746358	0
Bhagwanpura	28	263	253970	733214	0
Bhagwanpura	28	263	256681	736450	0
Bhagwanpura	28	428	261719	743070	0
Bhagwanpura	28	428	261589	746665	0
Bhagwanpura	28	428	260016	746246	0
Bhagwanpura	19	16	235321	769230	0
Bhagwanpura	28	550	254017	737594	0
Bhagwanpura	28	428	264470	744638	0
Bhagwanpura	19	202	220861	763344	0
Bhagwanpura	19	648	229789	767214	0
Bhagwanpura	19	202	220982	765744	0
Bhagwanpura Kararwala	27	592	303621	743924	0
Bhagwanpurtola	4	363	257281	845661	0
Bhagwansar	28	467	290708	746208	0
Bhagwansar	27	665	322618	755289	0
Bhagwansingh ka Pura	28	599	267705	776236	0
Bhagwant	33	152	268749	824445	0
Bhagwant ka Pura	28	599	268567	779846	0
Bhagwant Khera	33	685	266873	808444	0
Bhagwant Khera	33	654	265490	812264	0
Bhagwant Kunwar	33	31	268774	815901	0
Bhagwant Nagla	33	593	278322	790860	0
Bhagwant Nagla	33	548	271833	796086	0
Bhagwant Purwa	33	522	270023	818376	0
Bhagwant Purwa	33	522	271311	816491	0
Bhagwant Purwa	33	488	274386	812558	0
Bhagwant Singh	33	522	270041	818773	0
Bhagwant Singh	33	522	270567	816534	0
Bhagwantapur	33	548	269747	796118	0
Bhagwantapur	33	488	274436	807684	0
Bhagwantapur	33	488	274043	809164	0
Bhagwantapur	33	329	282234	796202	0
Bhagwantgarh	28	115	261388	762420	0
Bhagwanthok	33	301	263903	809951	0
Bhagwantnagar	19	462	250766	792766	0
Bhagwantnagar	33	637	265098	814115	0
Bhagwantnagar	33	116	283038	786921	0
Bhagwantnagar	33	488	276353	807600	0
Bhagwantnagar	33	531	290459	791570	0
Bhagwantnagar	33	659	270266	801525	0
Bhagwantola	6	455	211063	805524	0
Bhagwantola	20	134	202683	802914	0
Bhagwantola	6	620	201817	804348	0
Bhagwantola	6	620	206523	806316	0
Bhagwantola	6	620	206998	807249	0
Bhagwantola	33	516	257381	846221	0
Bhagwantola	4	602	252550	878442	0
Bhagwantpur	33	548	269663	796503	0
Bhagwantpur	33	686	267936	795621	0
Bhagwantpur	33	645	267118	799068	0
Bhagwantpur	33	645	266261	799177	0
Bhagwantpur	34	430	304085	780722	0
Bhagwantpur	33	566	281097	775204	0
Bhagwantpur	33	644	276715	785091	0
Bhagwantpur	33	445	272921	791811	0
Bhagwantpur	33	451	278520	797089	0
Bhagwantpur	33	659	275349	798386	0
Bhagwantpur	33	682	274139	787980	0
Bhagwantpur	33	445	272786	788716	0
Bhagwantpur	19	208	242277	775030	0
Bhagwantpur	33	644	275889	780130	0
Bhagwantpur	33	682	275569	784893	0
Bhagwantpur	33	593	278508	786182	0
Bhagwantpur	33	548	268476	798614	0
Bhagwantpur	33	444	251493	804484	0
Bhagwantpur	33	417	254302	786266	0
Bhagwantpur	19	509	253325	787178	0
Bhagwantpur	33	698	259163	807110	0
Bhagwantpur	33	445	270328	791218	0
Bhagwantpur	33	102	247393	829979	0
Bhagwantpur	33	301	263291	808140	0
Bhagwantpur	33	488	274187	810244	0
Bhagwantpur	33	553	290862	782909	0
Bhagwantpur	34	617	293036	788388	0
Bhagwantpur	34	617	292446	789825	0
Bhagwantpur	33	654	259827	811564	0
Bhagwantpur	33	301	264809	804878	0
Bhagwantpur	33	622	284000	785164	0
Bhagwantpur	33	152	265940	826996	0
Bhagwantpur	33	659	270844	806924	0
Bhagwantpur	33	613	284668	781809	0
Bhagwantpur	33	31	273062	812885	0
Bhagwantpur	33	329	284486	794600	0
Bhagwantpur	33	329	285457	797157	0
Bhagwantpur	33	656	285674	797490	0
Bhagwantpur	33	656	284710	798625	0
Bhagwantpur	33	488	273309	806295	0
Bhagwantpur	33	548	270924	795017	0
Bhagwantpur	33	488	272892	809556	0
Bhagwantpur	33	488	272661	809853	0
Bhagwantpur Karor	33	656	283176	797514	0
Bhagwantpur Kotia	33	626	253893	816080	0
Bhagwantpur Taluka Kareli	33	656	281203	799707	0
Bhagwantpura	19	462	248913	788302	0
Bhagwantpura	33	417	255307	792406	0
Bhagwantpura	19	338	238632	790034	0
Bhagwantpura	33	389	272018	785187	0
Bhagwantpura	19	462	251272	790497	0
Bhagwantpura	19	638	249958	795529	0
Bhagwantpura	19	420	251881	782096	0
Bhagwantpura	12	348	325822	761142	0
Bhagwantpura	33	710	261282	791193	0
Bhagwanwadi	15	167	180839	772714	0
Bhagwanwala	33	553	293672	784887	0
Bhagwapur	33	637	262177	817329	0
Bhagwar Kalan	19	512	239735	799198	0
Bhagwar Khurd	19	512	239699	799079	0
Bhagwara	33	584	255633	821410	0
Bhagwara	19	648	227713	777371	0
Bhagwara	33	619	252771	810818	0
Bhagwara	28	120	270917	758510	0
Bhagwas	33	561	253774	824487	0
Bhagwas	33	102	247238	829033	0
Bhagwasi	27	608	305209	768430	0
Bhagwasni	33	593	276790	787177	0
Bhagwat	4	410	261978	864482	0
Bhagwat Parsa	4	675	264565	842321	0
Bhagwat Patti	33	522	271494	820514	0
Bhagwat Patti	33	152	266413	828790	0
Bhagwat Rai	33	539	266910	843048	0
Bhagwat Singh Dih	33	269	273533	822472	0
Bhagwatatola	6	517	217541	811328	0
Bhagwatdera	25	290	217124	839096	0
Bhagwatganj	33	688	258370	819173	0
Bhagwatgarh	33	575	261952	820974	0
Bhagwati	20	138	198212	781250	0
Bhagwati	20	616	199973	770397	0
Bhagwati	4	675	265478	842009	0
Bhagwati Mandi	33	522	269613	820657	0
Bhagwatia	4	382	264323	848294	0
Bhagwatidei	33	196	250566	829827	0
Bhagwatiganj	33	688	258635	816821	0
Bhagwatipur	33	724	288144	779858	0
Bhagwatipur	33	445	270880	789009	0
Bhagwatipur	33	479	259140	829078	0
Bhagwatipur	4	718	250749	834664	0
Bhagwatipur	33	584	253791	823116	0
Bhagwatipur	33	242	252274	829773	0
Bhagwatipur	33	654	259875	812087	0
Bhagwatipur	33	451	281762	799968	0
Bhagwatipur	33	532	264952	825722	0
Bhagwatipur	33	623	266446	829743	0
Bhagwatipur	33	584	256037	816539	0
Bhagwatipur	33	27	256501	835918	0
Bhagwatipur	33	584	256142	818059	0
Bhagwatipur	4	394	251972	842761	0
Bhagwatipur	33	329	285798	793927	0
Bhagwatipur	4	675	263506	845470	0
Bhagwatipur	4	734	251764	847665	0
Bhagwatipur	4	734	251411	847628	0
Bhagwatipur	4	535	265832	863211	0
Bhagwatipur	4	535	263158	861813	0
Bhagwatipur	4	569	260241	861132	0
Bhagwatipur	4	535	263535	863428	0
Bhagwatipur	4	569	259576	860019	0
Bhagwatipur	4	136	256708	856329	0
Bhagwatipur Karmor	4	581	254461	857712	0
Bhagwatipur Raja Ram	33	329	283000	795154	0
Bhagwatipura	19	324	240144	772881	0
Bhagwatipura	19	16	239844	767242	0
Bhagwatitola	4	117	246016	851372	0
Bhagwatlal	33	575	262484	825746	0
Bhagwatnagar Parsia	33	496	271666	833068	0
Bhagwatpur	34	574	301232	779112	0
Bhagwatpur	33	654	260929	808014	0
Bhagwatpur	33	637	262655	818057	0
Bhagwatpur	33	637	262123	818402	0
Bhagwatpur	33	626	253821	812799	0
Bhagwatpur	33	269	274106	822651	0
Bhagwatpur	33	269	273915	824932	0
Bhagwatpur	33	280	271954	829784	0
Bhagwatpur	33	479	258459	832294	0
Bhagwatpur	33	584	254326	817077	0
Bhagwatpur	33	654	260636	815362	0
Bhagwatpur	4	363	254928	847383	0
Bhagwatpur	4	520	259867	849658	0
Bhagwatpur	34	530	291584	795916	0
Bhagwatpur	4	520	260283	848838	0
Bhagwatpur	4	381	261186	849825	0
Bhagwatpur	4	597	254524	842425	0
Bhagwatpur	33	619	251356	806706	0
Bhagwatpur	4	106	250358	856917	0
Bhagwatpur	4	569	260795	861472	0
Bhagwatpur	4	636	257840	867589	0
Bhagwatpur	4	410	262955	870315	0
Bhagwatpur	4	687	260009	851753	0
Bhagwatpur	4	495	251467	852128	0
Bhagwatpur	4	136	257632	857053	0
Bhagwatpur	4	636	258437	864554	0
Bhagwatpur Patera	4	687	258090	852772	0
Bhagwatpur Taraura	4	687	258289	854100	0
Bhagwatpura	28	463	272816	767891	0
Bhagwatpura	28	679	265186	762954	0
Bhagwatpura	28	302	264377	761226	0
Bhagwatpura	19	303	235272	760864	0
Bhagwatrura	33	526	269709	779056	0
Bhagwattola	4	632	255942	868746	0
Bhagwattola	4	590	254985	871992	0
Bhagwattpura	28	298	253162	743662	0
Bhagwatwahi	6	-1	218479	808357	0
Bhagwi	11	747	286082	763842	0
Bhagya Tanda	31	100	166839	788020	0
Bhagyanagar	20	138	191777	773148	0