Bhandara	20	390	211682	796489	91845
Bhander	19	484	257358	787456	25204
Bhanvad	10	130	219305	697808	22142
Bhanpura	19	558	245130	757469	21013
Bhanjanagar	25	423	199272	845820	20647
Bhanpuri	6	455	210919	809322	17270
Bhanumukkala	1	224	153119	782277	14307
Bhankarpur	27	608	306062	768363	10768
Bhanur	31	32	174899	781774	9203
Bhanupratappur	6	676	203098	810731	8125
Bhandardaha	35	340	226148	881919	5079
Bhandra	14	498	238787	861036	4606
Bhanapur	20	49	200785	764983	382
Bhan	13	36	336900	750806	0
Bhan	33	174	273852	775482	0
Bhan	33	523	279713	785460	0
Bhan	12	348	324416	764005	0
Bhan Bhorha	4	687	257542	854246	0
Bhan Kalga	15	71	172328	762975	0
Bhan Misr	33	522	269866	818080	0
Bhan Patti	33	575	261056	823062	0
Bhan Purwa	33	522	269984	819663	0
Bhana	11	614	296668	765203	0
Bhana	11	327	293640	755115	0
Bhana	27	700	306781	748310	0
Bhana	27	284	317686	757114	0
Bhana	27	284	313236	759390	0
Bhana	28	550	251001	738971	0
Bhana Brahmanan	11	353	296609	761815	0
Bhana Chak	4	457	267841	846347	0
Bhana Semar	28	493	236002	737439	0
Bhana Simal	10	140	233181	739207	0
Bhanach	12	267	314052	771525	0
Bhanadehi	19	325	220111	790133	0
Bhanadra	10	245	218611	736346	0
Bhanagi	20	138	190930	772063	0
Bhanaha	33	31	270327	810122	0
Bhanai	12	39	321470	759814	0
Bhanai Purwa	33	698	258302	810970	0
Bhanail Lodipur	4	106	248529	855872	0
Bhanaipur	33	688	259050	823278	0
Bhanaji ka Bagar	28	22	245116	741376	0
Bhanakhati ki Dhani	28	519	284164	750140	0
Bhanakheri	19	648	229445	764860	0
Bhanakpur	11	741	282898	772638	0
Bhanakpura	28	429	269851	768673	0
Bhanakpuri	28	113	275474	769606	0
Bhanal	12	460	308685	775664	0
Bhanan	13	358	331167	755204	0
Bhananandpur	35	347	242918	877382	0
Bhananki	15	333	135821	752860	0
Bhanaothala	28	296	283700	729965	0
Bhanapadiar	34	692	298612	796003	0
Bhanapur	31	32	180218	777706	0
Bhanapur	33	659	273540	799144	0
Bhanapur	20	110	202259	798459	0
Bhanapur	33	688	257407	814199	0
Bhanapur	33	33	254757	825929	0
Bhanapur	31	58	182994	781026	0
Bhanapur	33	688	259579	819606	0
Bhanapur Kalan	33	312	279787	810347	0
Bhanar	34	692	299610	796074	0
Bhanar	34	413	297892	796416	0
Bhanar	34	413	295126	799025	0
Bhanaraot	19	153	223172	744796	0
Bhanarbar	4	117	246197	849376	0
Bhanarigaon	34	692	297866	799850	0
Bhanariya Hansa	34	413	298674	791547	0
Bhanariya Kharku	34	413	298632	791432	0
Bhanas	4	394	252267	840883	0
Bhanas Hivre	20	150	194851	749684	0
Bhanat	12	514	308696	773370	0
Bhanau	33	445	273710	791415	0
Bhanau Kalan	33	523	276624	778713	0
Bhanau Khurd	33	523	276657	778722	0
Bhanauli	33	523	279499	779366	0
Bhanauli	33	637	263782	818091	0
Bhanaur	33	33	255723	825277	0
Bhanaura	6	269	236147	836288	0
Bhanauri	33	584	252508	818285	0
Bhanauri	33	584	252568	818364	0
Bhanauta	12	348	326154	760761	0
Bhanavas	10	161	240599	727771	0
Bhanawar	6	627	202831	818153	0
Bhanawar	6	627	202932	818135	0
Bhanbarar	19	317	221047	761061	0
Bhanbardi	19	635	224731	758789	0
Bhanbarheri	11	439	295756	767940	0
Bhanbaur	33	584	250533	820363	0
Bhanbaura	33	613	285762	781709	0
Bhanbepara	33	595	275543	819647	0
Bhanbera	6	676	203198	811705	0
Bhanbhaur	33	584	253480	816899	0
Bhanbhaura	4	495	251181	852781	0
Bhanbhela	33	488	277862	811285	0
Bhanbhora	33	532	263802	829950	0
Bhanbori	33	672	292054	776129	0
Bhanbrian	27	624	305813	762005	0
Bhancheri	19	153	220654	744066	0
Bhand	6	681	215278	815022	0
Bhand Bigha	4	112	249028	846709	0
Bhand Pipariya	19	325	219590	791363	0
Bhand Umbri	20	67	199709	784308	0
Bhanda	19	465	259631	779886	0
Bhanda	33	561	255130	823075	0
Bhanda	33	623	270608	831295	0
Bhanda	33	623	265487	830410	0
Bhanda	33	659	272065	806667	0
Bhanda	28	22	239990	735180	0
Bhandabhar	33	532	263670	830828	0
Bhandaha	33	522	271876	819757	0
Bhandaha Kalan	33	242	254862	831400	0
Bhandaha Khurd	33	242	254819	831296	0
Bhandahera	28	357	251234	760786	0
Bhandai	33	526	270813	779665	0
Bhandai Khap	14	732	238600	850710	0
Bhandajor	4	106	248626	856968	0
Bhandak	20	110	201026	791113	0
Bhandal	27	544	314495	752912	0
Bhandal	27	544	312901	753692	0
Bhandal Buta	27	355	311238	755764	0
Bhandal Himmat	27	355	311229	755782	0
Bhandala	20	110	201642	790518	0
Bhandali	34	589	299956	788458	0
Bhandalkut	13	35	333630	757331	0
Bhandamurri	19	142	220438	799802	0
Bhandandi	33	656	286557	796343	0
Bhandania	19	129	223799	748868	0
Bhandapur	33	698	258177	813041	0
Bhandar	12	514	306991	772901	0
Bhandar	19	638	251641	798771	0
Bhandar	14	712	242649	836821	0
Bhandar	14	712	240947	835249	0
Bhandar	14	673	241969	839972	0
Bhandar	19	512	244738	800368	0
Bhandar	12	348	327078	760525	0
Bhandar	12	348	326276	760496	0
Bhandar	6	517	221744	812096	0
Bhandar	33	31	271484	810689	0
Bhandar	25	297	210372	837479	0
Bhandar	34	589	296812	791105	0
Bhandar	28	263	249647	731433	0
Bhandar	34	692	297859	799801	0
Bhandar	14	379	242575	845701	0
Bhandar	14	732	245040	852939	0
Bhandar	4	518	250127	865774	0
Bhandar	34	533	292395	802307	0
Bhandar Gondi	19	325	216216	785047	0
Bhandar Kudar	14	498	238381	859384	0
Bhandara	6	299	213982	820892	0
Bhandara	28	113	277187	772219	0
Bhandara	34	179	301412	797578	0
Bhandara	4	505	249541	863241	0
Bhandaraj	20	132	211588	772072	0
Bhandarapara	6	374	229313	824440	0
Bhandarbari	35	587	258218	879589	0
Bhandarbari Gachh	35	587	258193	879639	0
Bhandarbodi	20	139	214060	794470	0
Bhandarbori	19	142	215952	799042	0
Bhandarchua	14	570	250744	872897	0
Bhandarda	19	239	218783	749625	0
Bhandardara	20	150	195295	737476	0
Bhandardiggi	6	676	202420	809578	0
Bhandardih	14	673	243916	842571	0
Bhandardih	14	434	242179	860650	0
Bhandarej	28	679	268831	764264	0
Bhandargaon	34	430	304101	780899	0
Bhandargaon	6	695	229244	828528	0
Bhandargaon	34	413	297343	794683	0
Bhandargarha	14	678	236783	847712	0
Bhandarhati	35	268	229282	881015	0
Bhandari	3	-1	262671	941368	0
Bhandari	20	616	197770	767640	0
Bhandari	20	616	197719	767633	0
Bhandari	20	48	180923	762799	0
Bhandari	20	67	200441	780518	0
Bhandari	20	49	206930	763388	0
Bhandari	20	67	200446	774342	0
Bhandari	20	67	200725	778999	0
Bhandari	33	33	257612	826930	0
Bhandari	33	516	259667	838657	0
Bhandari	20	67	198990	777872	0
Bhandari	20	168	208038	802101	0
Bhandari	33	488	276615	808112	0
Bhandari	28	163	232097	744378	0
Bhandari	4	112	245269	841277	0
Bhandari	4	106	248506	856391	0
Bhandari	4	505	249369	861138	0
Bhandari	4	495	252797	855810	0
Bhandari	14	434	245551	860222	0
Bhandari Andruni	28	429	268252	768213	0
Bhandari Beruni	28	429	268221	768295	0
Bhandari Chak	4	582	247700	870365	0
Bhandari Tanda	20	616	197739	767754	0
Bhandaria	33	280	271758	825553	0
Bhandaria	14	712	237361	838260	0
Bhandaria	10	165	215864	721309	0
Bhandaria	33	686	267716	795699	0
Bhandaria	28	298	255341	753364	0
Bhandaria	28	163	231637	743302	0
Bhandaria	28	493	238089	736983	0
Bhandaria	28	493	235181	737309	0
Bhandaria	19	313	250423	806419	0
Bhandaria	4	507	250186	851048	0
Bhandaria	14	310	231146	846457	0
Bhandaria	4	569	259592	863819	0
Bhandaribagh	34	430	303075	780211	0
Bhandaribari	25	527	201205	848410	0
Bhandaribil	25	281	216521	859347	0
Bhandaridih	4	396	251316	872664	0
Bhandaridih	14	434	242152	863618	0
Bhandaridih	14	434	240918	864658	0
Bhandaridih	14	434	240578	864174	0
Bhandaridih	14	434	241903	862960	0
Bhandaridih Mal	14	570	250032	872641	0
Bhandariguda	25	499	192673	822137	0
Bhandarigudem	31	229	186114	803238	0
Bhandarihalli	15	333	138515	756772	0
Bhandarimal	25	546	214016	841684	0
Bhandarimal	25	683	215060	845307	0
Bhandarimunda	25	399	209171	843636	0
Bhandaripara	6	676	202648	814858	0
Bhandaripokhari	25	703	209594	863674	0
Bhandariposi	25	281	216017	857897	0
Bhandaripur	33	686	264450	795553	0
Bhandaripura	28	429	262681	767413	0
Bhandaritola	6	620	207061	806895	0
Bhandaritola	6	642	206924	809607	0
Bhandaritoli	14	310	227526	845287	0
Bhandariya	19	558	238442	749852	0
Bhandariya	19	311	224796	767707	0
Bhandariya	19	202	218198	763888	0
Bhandarjaddi	15	59	148434	747843	0
Bhandarjuri	25	478	210370	827088	0
Bhandarkeri	15	59	144362	748433	0
Bhandarkhali	35	432	223769	889194	0
Bhandarkho	19	142	218084	802910	0
Bhandarkhoh	6	374	224399	823108	0
Bhandarkumta	15	167	183463	773234	0
Bhandarkund	19	325	218402	789171	0
Bhandarkunda	14	434	242318	864892	0
Bhandaro	33	314	267792	832778	0
Bhandaro	33	314	268748	833630	0
Bhandaro	14	732	243051	856039	0
Bhandaro	14	633	247242	877406	0
Bhandaro	14	434	241494	860836	0
Bhandaro	4	505	246848	864608	0
Bhandarpalli	31	75	187112	778777	0
Bhandarpur	6	490	212937	808708	0
Bhandarpur	6	517	217512	811679	0
Bhandarpur	20	139	215941	793200	0
Bhandarpur	19	354	220406	794933	0
Bhandarpur	19	142	220764	807265	0
Bhandarpur	6	455	210322	806737	0
Bhandarpur	6	490	216312	809706	0
Bhandarpur	6	455	211487	807520	0
Bhandarpuri	25	478	211286	827220	0
Bhandarpuri	25	572	209030	825667	0
Bhandarras	6	577	185125	816005	0
Bhandars	13	0	343422	738326	0
Bhandarso	4	569	261780	861415	0
Bhandartal	4	602	254689	874059	0
Bhandartikuri	35	361	234312	883369	0
Bhandartola	14	379	241485	847275	0
Bhandartoli	14	416	230657	850384	0
Bhandartoli	14	541	232245	853599	0
Bhandartoli	14	416	228705	851190	0
Bhandartoli	14	476	226487	850486	0
Bhandartoli	14	476	225725	850102	0
Bhandartoli	14	310	233301	844612	0
Bhandartoli	14	310	233313	843254	0
Bhandartoli	14	310	232997	844637	0
Bhandartoli	14	310	230030	845821	0
Bhandartoli	14	678	238964	847830	0
Bhandartoli	14	541	231302	849123	0
Bhandartoli	14	310	230234	848465	0
Bhandartoli	14	541	230209	849552	0
Bhandartoli	14	476	226245	842412	0
Bhandartoli	14	476	225066	842180	0
Bhandartoli	14	476	225110	842111	0
Bhandartoli	14	476	224069	842326	0
Bhandartoli	14	310	229524	844514	0
Bhandartoli	14	476	226061	842707	0
Bhandartoli	14	476	225508	843748	0
Bhandartoli	14	476	225578	843346	0
Bhandartoli	14	476	225831	843749	0
Bhandartoli	14	476	226049	843337	0
Bhandartoli	14	476	226370	843496	0
Bhandartoli	14	476	227363	844629	0
Bhandartoli	14	476	226306	844962	0
Bhandartoli	14	476	223583	843878	0
Bhandartoli	14	476	224692	844377	0
Bhandartoli	14	476	223879	844294	0
Bhandartoli	14	310	227820	845832	0
Bhandartoli	14	310	228128	846371	0
Bhandartoli	14	476	224364	845498	0
Bhandartoli	14	476	224858	846212	0
Bhandartoli	14	310	228553	848084	0
Bhandartoli	14	476	225952	848099	0
Bhandartoli	14	476	225200	848220	0
Bhandartoli	14	476	224665	849550	0
Bhandartoli	14	434	240599	859893	0
Bhandarwa	14	454	244342	855534	0
Bhandarwa Majhar	4	457	269849	841602	0
Bhandarwadi	20	138	189209	772682	0
Bhandarwadi	20	138	194725	780873	0
Bhandarwari	6	627	205530	818338	0
Bhandasaj	19	449	229305	807582	0
Bhandashah Dargah	31	408	173416	785025	0
Bhandauli	11	722	279448	774740	0
Bhandauli	33	613	284803	778745	0
Bhandauli	33	444	256731	805241	0
Bhandaulia	33	329	283065	794851	0
Bhandaur	11	500	281660	765253	0
Bhandaur ki Dhani	11	500	281676	765151	0
Bhandaura	33	316	295113	774554	0
Bhandaura	33	672	291487	779517	0
Bhandauria	33	613	285358	779335	0
Bhandawad	19	16	239858	763300	0
Bhandawad	19	334	238254	763008	0
Bhandawad	19	16	237326	766507	0
Bhandawari	19	443	220489	782036	0
Bhandawas	28	428	258186	752120	0
Bhandeb Nawar	34	530	291024	795078	0
Bhandebhonde	20	132	212425	775104	0
Bhandegaon	20	67	203621	776889	0
Bhandegaon	20	127	203597	774760	0
Bhandegaon	20	616	198085	771279	0
Bhandegaon	20	112	200530	752995	0
Bhandei	28	263	258944	731843	0
Bhandeli	34	589	299946	790392	0
Bhandemau	33	645	264758	796978	0
Bhandemmanhalli	15	375	134371	774488	0
Bhandepur	33	282	271456	815596	0
Bhander	27	355	312046	753516	0
Bhander	27	284	318145	757372	0
Bhander Kalan	27	214	318356	749548	0
Bhander Khurd	27	214	318324	749487	0
Bhandera	33	523	277851	778403	0
Bhandera	6	642	209032	810844	0
Bhanderhaili	15	77	158897	751665	0
Bhanderi	33	451	277712	797205	0
Bhanderi	33	451	280135	799035	0
Bhanderi	19	142	220071	805684	0
Bhanderi	19	142	217311	805070	0
Bhanderi	19	142	217364	805333	0
Bhandero	13	35	332080	757920	0
Bhanderua	33	278	269287	789893	0
Bhandesar	33	626	255432	813961	0
Bhandesar	33	619	252875	813062	0
Bhandewad	20	67	201224	788888	0
Bhandewadi	20	139	213239	794538	0
Bhandewari	20	139	211462	791555	0
Bhandgur	20	49	209891	761425	0
Bhandhalli	15	92	127712	770221	0
Bhandhallidoddi	15	92	127695	770312	0
Bhandhar	4	535	264425	864646	0
Bhandhardhi	25	281	218997	854469	0
Bhandher	27	696	301554	755163	0
Bhandi	12	604	311780	770067	0
Bhandi	19	325	223808	785245	0
Bhandi	19	576	232502	800529	0
Bhandi	19	142	217398	801659	0
Bhandi	6	725	228055	820441	0
Bhandi Mallenahalli	15	652	128273	760325	0
Bhandia	33	488	272805	809232	0
Bhandibon	14	633	243920	876416	0
Bhandigadi	15	97	135698	752831	0
Bhandigadi	15	97	135582	752699	0
Bhandigar	31	160	193418	790381	0
Bhandihalli	15	652	131163	762307	0
Bhandihalli	15	652	132993	762896	0
Bhandikop	15	333	139365	749685	0
Bhandikoppa	15	333	138026	753065	0
Bhandikra	33	516	260324	840386	0
Bhandikra Chak	33	516	260272	840405	0
Bhandiri	33	526	272159	776847	0
Bhandivad	15	655	153556	752639	0
Bhandival	15	59	144773	744922	0
Bhandiwar	33	584	251218	816157	0
Bhandkhapa	19	325	219255	789794	0
Bhandli	12	267	314232	773494	0
Bhandoi	10	177	230184	739075	0
Bhandokhar	12	279	313040	768676	0
Bhandoli	34	533	292220	800259	0
Bhandora	28	115	263435	765522	0
Bhandora	20	132	216399	775054	0
Bhandora	6	611	216072	826960	0
Bhandora	6	365	214971	823079	0
Bhandori	28	463	273269	765730	0
Bhandori Ka Bas	28	463	273189	765656	0
Bhandpura	33	389	272483	785717	0
Bhandpura	33	389	274539	786315	0
Bhandpura	19	576	234262	801907	0
Bhandpura	19	337	236973	804138	0
Bhandra	14	740	233622	847990	0
Bhandra	33	417	252167	792519	0
Bhandra	33	591	251626	798531	0
Bhandra	33	637	265855	817017	0
Bhandra	33	584	253563	818445	0
Bhandra	6	669	218847	824867	0
Bhandra	14	673	241014	843183	0
Bhandra	14	732	242429	853379	0
Bhandra	4	505	248642	862296	0
Bhandra	14	541	232975	850797	0
Bhandra	14	377	236194	853319	0
Bhandra	14	416	230999	853236	0
Bhandra	14	276	228714	853358	0
Bhandra Buzurg	33	417	253151	783970	0
Bhandra Kalan	19	484	256381	782447	0
Bhandra Khurd	33	417	253206	783892	0
Bhandrahalu	15	44	155953	770206	0
Bhandratoli	14	541	232838	852430	0
Bhandrauli	34	430	308280	778249	0
Bhandri	33	389	270521	786308	0
Bhandri	19	395	247331	780121	0
Bhandri	20	132	213942	774483	0
Bhandri	14	673	240950	843207	0
Bhandria	14	712	244142	838471	0
Bhandro	14	434	240227	860406	0
Bhandrota	34	430	305384	778767	0
Bhandrwa	33	584	252036	817656	0
Bhandsar	33	280	270763	830127	0
Bhandsar	33	515	262927	840930	0
Bhandsar	4	590	256059	872006	0
Bhandsara	33	685	270599	809548	0
Bhandu	10	161	237027	723870	0
Bhandu	19	325	222513	784101	0
Bhandu Charnan	28	331	263283	724482	0
Bhandu Purwa	33	654	262503	812327	0
Bhandua Adwar	12	348	329126	762179	0
Bhandum	20	132	214327	770186	0
Bhandup	20	200	191500	729333	0
Bhandur	33	525	294273	778093	0
Bhandura	33	525	294550	778090	0
Bhanduri	10	181	211070	702812	0
Bhandut	12	267	313048	771703	0
Bhandwa	11	747	285024	759127	0
Bhandwa	19	443	220453	775158	0
Bhandwa	19	443	220404	775198	0
Bhandwan	33	479	261353	831873	0
Bhandwara	28	463	276838	766026	0
Bhane Bigha	4	507	250799	849704	0
Bhane Khap	4	106	245481	854979	0
Bhane ki Basti	27	545	310474	746881	0
Bhanech	12	604	311021	770238	0
Bhanegaon	20	139	212691	791389	0
Bhanegaon	20	138	195413	776286	0
Bhanegaon	19	142	215547	804078	0
Bhanegaontola	19	142	215458	804150	0
Bhanemau	33	584	256159	819496	0
Bhanera	12	267	313673	772512	0
Bhanera	33	316	293855	772602	0
Bhanera	33	316	292729	773201	0
Bhanera	33	523	279014	778333	0
Bhanera	28	113	271557	775631	0
Bhanera	33	553	295366	782540	0
Bhanera	13	529	331871	751278	0
Bhanera	28	428	260053	746877	0
Bhanera Jat	33	316	294314	774293	0
Bhanera Uda	33	316	296224	773714	0
Bhaneri	19	354	227017	795675	0
Bhanesar	6	279	220359	823121	0
Bhanetara	6	388	217659	829231	0
Bhanewe Khas	33	654	261654	811342	0
Bhanewe Khurd	33	654	261680	811430	0
Bhang	14	673	240551	843221	0
Bhang	14	379	241402	848335	0
Bhang	14	678	237949	847060	0
Bhang Behi	12	348	325553	760582	0
Bhang Chari	27	592	303837	744696	0
Bhang Kurkutta	14	379	243320	850056	0
Bhanga	3	601	248552	924858	0
Bhanga	33	710	262339	792612	0
Bhanga	33	-1	288690	795282	0
Bhanga	4	582	248713	870448	0
Bhanga Jala	34	530	294742	791549	0
Bhanga Muhammadganj	33	656	287075	797965	0
Bhangabandh	35	-1	241554	876947	0
Bhangabandh	14	633	245532	877761	0
Bhangabari	14	633	242912	877261	0
Bhangadeoli	34	413	294906	797172	0
Bhangah	33	312	279576	809716	0
Bhangaha	33	595	277369	818349	0
Bhangaha	33	282	273543	816291	0
Bhangaha	33	522	273978	819865	0
Bhangaha	33	479	259745	831525	0
Bhangaha	4	457	271940	846803	0
Bhangaha	4	675	265361	841711	0
Bhangaha	4	590	259119	870324	0
Bhangaha Purwa	33	488	274344	809842	0
Bhangahir	14	483	241508	869322	0
Bhangal	27	647	308078	762144	0
Bhangal Kalan	27	283	311161	760880	0
Bhangala	27	284	320220	756100	0
Bhangala	27	250	311466	747140	0
Bhangala	27	355	311447	755970	0
Bhangalan	27	3	302165	743067	0
Bhangali	27	545	308950	748424	0
Bhangali Kalan	27	214	317951	750625	0
Bhangali Khurd	27	214	317944	750739	0
Bhangalwana	34	589	298319	788717	0
Bhangamatia	25	399	209093	843778	0
Bhangamunda	25	277	208764	852685	0
Bhangamur	3	719	262814	923086	0
Bhangan	12	514	306502	773838	0
Bhangani	12	514	305022	777290	0
Bhangani Khas	34	-1	304875	777379	0
Bhangani Uparli	12	514	304962	777270	0
Bhangankheri	19	324	242639	772111	0
Bhangaon	20	150	187170	747429	0
Bhangaon	19	317	220349	757973	0
Bhangapul	4	590	258316	875436	0
Bhangapur	20	151	194391	766385	0
Bhangapur	20	141	206696	791011	0
Bhangapur	33	488	273076	807792	0
Bhangar	35	4	225124	886123	0
Bhangar	20	226	178280	732482	0
Bhangar	27	545	308394	747275	0
Bhangar	34	533	294240	799978	0
Bhangar Khera	27	3	301667	739903	0
Bhangar Khera	27	3	300046	739899	0
Bhangara Khalsa	13	359	330076	751209	0
Bhangarampeta	20	134	192176	803645	0
Bhangarda	19	311	228661	760954	0
Bhangargund	15	80	161903	762091	0
Bhangarh	28	467	289203	753529	0
Bhangarh	19	465	258523	781679	0
Bhangarh	19	420	254971	773934	0
Bhangarh	19	420	258195	777567	0
Bhangarh	11	415	286816	759777	0
Bhangarh	19	635	227761	758796	0
Bhangari	12	514	307828	774062	0
Bhangari	33	584	252821	821600	0
Bhangarli	19	311	229474	763858	0
Bhangarnatta	15	47	128280	781782	0
Bhangarpet	20	110	196450	797250	0
Bhangarwala	33	553	294014	787214	0
Bhangata	12	514	306593	777299	0
Bhangatipara	35	347	242568	878475	0
Bhangatola	4	687	259078	855851	0
Bhangatoli	14	740	233698	845951	0
Bhangatula	4	590	258396	870690	0
Bhangauli	12	267	317035	769244	0
Bhangawadi	15	47	132624	781564	0
Bhangawan	19	576	231866	798150	0
Bhangda	20	182	214155	740325	0
Bhangdihi	25	262	217490	849590	0
Bhangdohartoli	14	379	243557	847469	0
Bhangel Begampur	33	566	285403	773916	0
Bhangela	33	525	292344	777231	0
Bhangeli	34	617	288958	799130	0
Bhangera	11	88	303188	774683	0
Bhangeri	11	88	303141	774811	0
Bhangeri	12	348	324244	764510	0
Bhangeri	12	39	321702	764463	0
Bhangeri	15	59	147840	747072	0
Bhangewala	27	592	306342	745567	0
Bhangha	4	602	255780	872782	0
Bhangha	4	641	261950	871948	0
Bhanghatola	4	381	259340	854780	0
Bhanghi	33	522	274030	819860	0
Bhanghi	4	569	259991	859592	0
Bhanghi	4	641	263612	871826	0
Bhanghtoli	14	541	229780	858014	0
Bhangi	12	514	306575	776538	0
Bhangi	20	616	199084	772108	0
Bhangi	25	349	192115	837107	0
Bhangi	4	117	246252	851820	0
Bhangi ka Pura	28	429	264272	770394	0
Bhangi Purwa	33	595	277065	819376	0
Bhangia	33	531	289832	791195	0
Bhangia	4	117	244099	843433	0
Bhangia	14	379	242633	846474	0
Bhangia	14	379	240675	846723	0
Bhangian	12	348	322531	761445	0
Bhangiana	12	348	323184	760950	0
Bhangiar	12	39	320782	765144	0
Bhangidara	19	239	217289	749924	0
Bhangidih	4	117	245293	848365	0
Bhangitola	6	517	223900	813504	0
Bhangiya	19	568	225674	774622	0
Bhangiya	19	635	227938	758712	0
Bhangkud	25	478	211273	838278	0
Bhangla Sera	34	430	303934	781908	0
Bhanglan	12	604	310940	766575	0
Bhangli	13	359	327238	754687	0
Bhanglotha	12	348	326489	760773	0
Bhangmunda	25	478	209075	833594	0
Bhangmunda	25	399	210280	844712	0
Bhangor	10	143	220979	698555	0
Bhangor	12	348	327141	762411	0
Bhangora	4	641	262260	875303	0
Bhangra	33	523	277491	778540	0
Bhangra	4	590	256602	871156	0
Bhangraula	11	606	283937	769107	0
Bhangria	33	654	261923	811353	0
Bhangro	28	331	264363	722824	0
Bhangroli	28	463	273778	762885	0
Bhangrotu	12	267	316117	769300	0
Bhanguakhera	19	638	245403	791063	0
Bhanguan	27	214	316928	746087	0
Bhanguan	27	214	317984	749501	0
Bhanguan	27	214	315947	750629	0
Bhanguin	12	348	325638	760975	0
Bhanguli	28	467	289740	748580	0
Bhangunda	12	514	306104	776803	0
Bhangura	33	152	266272	827116	0
Bhangura	33	623	268450	828304	0
Bhangura Ahirani	33	623	269124	829459	0
Bhanguri	33	623	269241	829387	0
Bhanguri Palwal	11	722	280872	772652	0
Bhanguwan	19	638	245340	793085	0
Bhangwa	28	467	290611	752565	0
Bhangwal	33	27	257837	837163	0
Bhangwal	33	27	257946	837562	0
Bhangwan	27	468	320432	754591	0
Bhangwan	27	468	319754	751650	0
Bhangwan	27	468	318906	752365	0
Bhangwan	27	468	318313	754110	0
Bhangwan	27	624	306933	764649	0
Bhangyul	34	179	304972	796338	0
Bhanhta	12	39	319682	759264	0
Bhani	13	640	334013	747322	0
Bhani	34	530	293625	793863	0
Bhani	34	692	299866	799150	0
Bhani Singh ki Dhani	28	467	289040	747392	0
Bhania	28	274	252089	712428	0
Bhania	28	263	261454	733845	0
Bhanianpur	33	637	262565	817175	0
Bhanianwala	34	430	301841	781478	0
Bhaniapur	33	31	273297	812932	0
Bhaniar	12	39	322127	761502	0
Bhaniartoli	4	520	256933	851304	0
Bhanibhitta	35	587	258084	879693	0
Bhanida	28	519	281913	744247	0
Bhanigawan	19	497	249248	814586	0
Bhaniipet	31	178	177172	792835	0
Bhanin	28	519	288004	750338	0
Bhanipur	33	33	257243	822407	0
Bhanipur	33	688	259060	822319	0
Bhanipur	33	561	254794	823125	0
Bhanipur	33	488	276480	812237	0
Bhanipur	33	637	265206	814422	0
Bhanipur	33	605	266774	816287	0
Bhanipur	33	479	261999	827109	0
Bhanipur	33	479	262585	828827	0
Bhanipur	33	479	260736	830525	0
Bhanipura	28	296	283347	738939	0
Bhanipura	28	519	286239	743701	0
Bhanisingh ki Dhani	28	519	284770	751620	0
Bhaniuti	34	413	297914	793525	0
Bhaniyana	28	210	266603	718893	0
Bhaniyawala	34	430	303985	780707	0
Bhanja Chhapra	4	382	266237	846347	0
Bhanja Chhapra	4	382	266195	846364	0
Bhanjakheri	19	311	224613	768555	0
Bhanjan	19	497	247159	819833	0
Bhanjang Basti, Haflong	3	475	251575	930212	0
Bhanjanpur	33	196	252485	827928	0
Bhanjapodoro	25	373	202221	843856	0
Bhanjar	34	413	296880	798465	0
Bhanjbera	14	-1	219756	858714	0
Bhanjgi	20	131	174843	763495	0
Bhanji	12	514	308361	773975	0
Bhanjipani	20	139	213047	786273	0
Bhanjiulti	14	416	228605	855162	0
Bhanjla	12	348	325616	762866	0
Bhanjo	12	604	308618	771534	0
Bhanjoi	12	39	321964	760441	0
Bhanjpali	25	262	219126	852551	0
Bhanjpur	14	570	250467	872772	0
Bhankala	33	431	298560	774660	0
Bhankalagi	15	80	169090	763313	0
Bhankar	28	463	280589	768093	0
Bhankardawari	4	491	262381	879972	0
Bhankari	28	120	275711	761371	0
Bhankarpur	33	174	275601	777727	0
Bhankarpur	33	523	276270	779236	0
Bhankarpur	33	152	266915	825408	0
Bhankarpur	33	516	258624	841492	0
Bhankarpur Bansela	33	174	276150	778475	0
Bhankhanpur	4	718	251970	835985	0
Bhankhar	27	543	302739	765221	0
Bhankhari Kalan	11	667	280889	760089	0
Bhankhari Khurd	11	667	280915	760138	0
Bhankhed Buzurg	20	132	208693	778247	0
Bhankhed Khurd	20	132	208795	778434	0
Bhankheda	20	616	197801	768470	0
Bhankheda	20	78	210897	757098	0
Bhankheda	20	78	209379	759164	0
Bhankhehr	12	267	320289	766961	0
Bhankhera	20	141	206619	787092	0
Bhankot	34	589	298137	786487	0
Bhankra	28	22	241099	734466	0
Bhankra	4	112	245958	842937	0
Bhankri	28	429	264531	771482	0
Bhankri	28	463	272772	766047	0
Bhankri	11	741	283935	772605	0
Bhankri	33	644	275514	780067	0
Bhankri	33	492	291379	786616	0
Bhankri Aibashi	33	523	277913	781807	0
Bhankri Khas	33	523	279565	780099	0
Bhankror	33	431	301658	776939	0
Bhankrota Khurd	28	120	267654	755691	0
Bhankuli	15	59	143424	748466	0
Bhanlas	12	267	313306	771185	0
Bhanmar	19	311	223574	766572	0
Bhannara	34	530	293769	797933	0
Bhanni	19	610	241224	813810	0
Bhano ka Gaon	28	296	277361	728017	0
Bhano Mazara	27	283	311134	761942	0
Bhanodu	12	39	323096	759421	0
Bhanog	12	267	313716	773551	0
Bhanog	12	514	307926	773044	0
Bhanoke	27	544	311965	757424	0
Bhanokhar	28	463	272546	769446	0
Bhanol	12	267	313605	771541	0
Bhanol	12	460	312521	773315	0
Bhanola Saim	34	413	296281	799147	0
Bhanoli	20	182	218553	741336	0
Bhanoli	28	302	257628	757484	0
Bhanoli	34	413	295036	799395	0
Bhanoli Tika	12	39	319882	758893	0
Bhanon	12	460	311383	770356	0
Bhanopur	33	659	275098	798707	0
Bhanora	6	681	217208	813354	0
Bhanori	12	39	322028	757704	0
Bhanori	12	39	322215	758040	0
Bhanot	28	463	279285	765627	0
Bhanot	12	460	311929	771229	0
Bhanota	12	348	325751	760324	0
Bhanowal	27	284	317699	757989	0
Bhanpatti	4	535	265757	859937	0
Bhanpi	28	402	251331	747314	0
Bhanpinda	25	349	191856	836298	0
Bhanpokhra	34	530	292869	798096	0
Bhanpur	19	512	249519	801771	0
Bhanpur	19	449	226553	810224	0
Bhanpur	33	548	271870	794989	0
Bhanpur	33	548	270960	798510	0
Bhanpur	19	547	236093	753381	0
Bhanpur	19	326	233963	782708	0
Bhanpur	19	326	232060	784871	0
Bhanpur	19	568	228624	782483	0
Bhanpur	19	443	222189	781530	0
Bhanpur	6	365	213693	826691	0
Bhanpur	20	138	191734	772504	0
Bhanpur	28	599	268129	779291	0
Bhanpur	33	548	270072	795642	0
Bhanpur	33	451	277728	797685	0
Bhanpur	33	445	273430	789775	0
Bhanpur	19	208	242233	774147	0
Bhanpur	19	638	252453	803441	0
Bhanpur	33	444	251976	804264	0
Bhanpur	19	568	227444	779283	0
Bhanpur	4	718	252212	834336	0
Bhanpur	19	497	245117	813486	0
Bhanpur	33	619	254107	809652	0
Bhanpur	33	626	256364	812679	0
Bhanpur	33	33	254406	826249	0
Bhanpur	33	242	254901	829166	0
Bhanpur	33	488	277642	811672	0
Bhanpur	33	488	273404	810459	0
Bhanpur	33	282	274550	816457	0
Bhanpur	33	492	290544	789213	0
Bhanpur	33	488	271753	809220	0
Bhanpur	33	522	268677	819879	0
Bhanpur	33	116	282516	789072	0
Bhanpur	33	522	273358	820423	0
Bhanpur	33	269	271505	824066	0
Bhanpur	33	522	270826	824350	0
Bhanpur	33	280	271457	825639	0
Bhanpur	33	152	270245	826625	0
Bhanpur	33	152	268720	824835	0
Bhanpur	33	575	263133	823081	0
Bhanpur	33	623	269617	829221	0
Bhanpur	33	564	261867	837402	0
Bhanpur	33	516	260645	838138	0
Bhanpur	19	576	232261	803671	0
Bhanpur	19	461	231167	804740	0
Bhanpur	19	449	230476	806364	0
Bhanpur	33	688	257710	819714	0
Bhanpur	19	461	228203	802052	0
Bhanpur	6	275	208999	814498	0
Bhanpur	19	461	227934	808466	0
Bhanpur	19	461	226048	809064	0
Bhanpur	19	142	216325	800840	0
Bhanpur	20	168	214892	801122	0
Bhanpur	19	142	218235	802625	0
Bhanpur	19	142	217542	804798	0
Bhanpur	33	659	272270	806376	0
Bhanpur	33	312	279584	808834	0
Bhanpur	33	312	278705	808531	0
Bhanpur	33	488	277854	808855	0
Bhanpur	33	488	275439	808710	0
Bhanpur	33	488	273798	807639	0
Bhanpur	6	517	219816	814387	0
Bhanpur	25	572	209283	826622	0
Bhanpur	33	31	267643	815149	0
Bhanpur	6	578	189849	814757	0
Bhanpur	10	205	240115	729144	0
Bhanpur	10	133	242021	729780	0
Bhanpur	10	170	225936	741972	0
Bhanpur	33	539	266017	840618	0
Bhanpur	4	675	263964	840765	0
Bhanpur	28	120	270732	759671	0
Bhanpur	10	205	238488	731064	0
Bhanpur	33	329	286240	795487	0
Bhanpur	33	656	286118	797246	0
Bhanpur	4	394	253004	840817	0
Bhanpur	4	394	250987	840160	0
Bhanpur	4	535	264526	863538	0
Bhanpur	4	396	254262	869992	0
Bhanpur	10	140	230752	736072	0
Bhanpur	10	140	232469	736161	0
Bhanpur	33	488	273741	805054	0
Bhanpur	33	488	273610	806358	0
Bhanpur	33	278	267003	792709	0
Bhanpur	33	312	278421	802322	0
Bhanpur	33	312	279296	801995	0
Bhanpur	33	312	278161	803531	0
Bhanpur Barewa	4	687	259348	853615	0
Bhanpur Chhatarboj	33	492	289013	788650	0
Bhanpur Kalan	19	461	227756	806627	0
Bhanpur Khalsa	33	464	288338	782636	0
Bhanpur ki Dhani	28	120	270803	759425	0
Bhanpur Mafi	33	280	270801	830454	0
Bhanpur Marha	33	280	272624	826500	0
Bhanpura	19	462	248660	793066	0
Bhanpura	28	321	242752	762551	0
Bhanpura	19	16	240988	764138	0
Bhanpura	11	614	297816	763282	0
Bhanpura	19	324	241182	770395	0
Bhanpura	33	417	251310	792803	0
Bhanpura	33	417	251341	792687	0
Bhanpura	33	526	269987	781347	0
Bhanpura	19	459	267792	782324	0
Bhanpura	19	326	229721	776449	0
Bhanpura	19	512	245177	801252	0
Bhanpura	19	337	236703	806314	0
Bhanpura	10	170	231046	741719	0
Bhanpura	10	170	230330	740039	0
Bhanpura	19	334	237502	760596	0
Bhanpura	28	22	250460	734725	0
Bhanpura	19	153	223475	745612	0
Bhanpura	33	451	280663	796011	0
Bhanpura	4	567	250288	860172	0
Bhanpura	4	663	252663	857197	0
Bhanpura Baba	19	324	241266	770408	0
Bhanpura Kalan	19	337	235614	802575	0
Bhanpura Khurd	19	337	235373	803014	0
Bhanpurgarhi	19	326	234648	781700	0
Bhanpuri	6	676	204725	815316	0
Bhanpuri	6	275	211084	812917	0
Bhanpuri	6	299	212895	816424	0
Bhanpuri	6	642	207530	813864	0
Bhanpuri	6	627	207657	815359	0
Bhanpuri	6	455	211538	808938	0
Bhanpurtola	19	461	225953	809100	0
Bhanpurwa	33	314	269568	833244	0
Bhanr Jot	33	522	272978	820727	0
Bhanr Purwa	33	595	276794	819551	0
Bhanra	12	514	307717	774305	0
Bhanra	27	543	302553	763008	0
Bhanra	19	142	219491	807652	0
Bhanrari	4	117	244233	851732	0
Bhanraul	28	22	248612	738408	0
Bhanrehra	4	718	247822	835411	0
Bhanreri	14	732	240811	857149	0
Bhanrhari	33	539	269893	840428	0
Bhanri	27	543	302498	763298	0
Bhanri	19	503	230259	795879	0
Bhanri	19	354	224597	796845	0
Bhanriai	33	619	251918	806395	0
Bhanriapura	19	465	259198	782743	0
Bhanriya	34	413	299234	792333	0
Bhanriyakali	34	413	299253	792203	0
Bhanrolia	33	661	274567	793574	0
Bhanrotoli	14	541	233166	852036	0
Bhanrpur	33	301	262245	807746	0
Bhanrpur	25	281	213190	857288	0
Bhanrpura	19	337	237462	804138	0
Bhanrra	4	106	246304	854633	0
Bhanrsar	33	329	284372	795471	0
Bhanrudih	14	379	241755	846157	0
Bhansapti Bazar	33	314	268784	833476	0
Bhansara	33	645	266115	797336	0
Bhansasur	33	522	269869	821196	0
Bhansatoli	14	416	230447	851428	0
Bhansgali	15	77	156298	744780	0
Bhansi	33	451	276990	798259	0
Bhansi	20	110	200477	799659	0
Bhansi	20	134	204100	802513	0
Bhansi	34	413	298206	793501	0
Bhansi	33	116	281610	791612	0
Bhansi	4	510	256404	861900	0
Bhansia	4	641	260992	875316	0
Bhansiabhita	4	582	249230	870299	0
Bhansoda	19	303	234773	752425	0
Bhansoj	6	299	212758	819089	0
Bhansra Khurd	19	420	256616	782310	0
Bhansraon	33	682	275632	791775	0
Bhansula	6	517	218354	810204	0
Bhansula	20	168	213218	804602	0
Bhansula	6	620	207782	807834	0
Bhansuli	6	676	204473	817279	0
Bhansuli	6	681	217655	816326	0
Bhansuli	20	139	208520	788933	0
Bhansuli	20	139	209351	789026	0
Bhansuli	6	275	209384	814520	0
Bhansuli	6	275	209951	815814	0
Bhansuri	33	626	253769	812131	0
Bhansuria	33	31	269685	813908	0
Bhanswari	34	481	304661	781677	0
Bhant	12	604	309205	770731	0
Bhant	28	263	254099	731068	0
Bhant Borea	14	541	235214	852143	0
Bhant Patti	33	688	260418	822341	0
Bhant Purwa	33	575	264756	819685	0
Bhant Purwa	33	575	264349	819949	0
Bhant Purwa	33	532	263466	830597	0
Bhanta	4	505	249741	860740	0
Bhanta	4	569	259622	862630	0
Bhanta Dih	33	33	256430	823660	0
Bhantabari	4	560	265480	857473	0
Bhantabari	4	641	263208	872661	0
Bhantal	12	348	325012	762676	0
Bhantanur	15	80	169461	763824	0
Bhantanur	15	80	165632	763805	0
Bhantapokhar	4	615	262196	842789	0
Bhante Purwa	33	595	277188	820212	0
Bhanthi	4	636	258730	863634	0
Bhanti	33	445	270209	790511	0
Bhanti	19	497	245857	813607	0
Bhanti	33	575	262733	819038	0
Bhanti	33	516	260413	840191	0
Bhanti	4	615	259811	843478	0
Bhanti	33	444	255682	808132	0
Bhanti Kalan	33	564	259709	833830	0
Bhanti Khurd	33	564	259808	833886	0
Bhantkhijri	14	740	234255	847574	0
Bhantola	34	692	298632	799547	0
Bhantpar	33	623	265664	830453	0
Bhantrer	12	267	314332	768108	0
Bhantri	33	31	271080	811614	0
Bhanu Bigha	4	495	252574	852679	0
Bhanu Khadi	19	648	230861	770282	0
Bhanu Kheri	11	664	302805	767495	0
Bhanugura	31	160	193375	792919	0
Bhanuja	28	298	254116	740986	0
Bhanukota	1	426	144785	773741	0
Bhanukumari	35	404	263514	897649	0
Bhanulal Tanda	31	241	171848	797643	0
Bhanulanga	27	544	312663	753259	0
Bhanun	11	565	306313	769203	0
Bhanun	12	39	319145	764904	0
Bhanunpur	33	389	271438	787844	0
Bhanupada	25	277	207902	852991	0
Bhanupur	33	686	268037	795305	0
Bhanupur	33	561	254352	825018	0
Bhanupur	33	626	254099	811695	0
Bhanupur	33	623	266638	829384	0
Bhanupur	19	336	233326	807906	0
Bhanurkhol	25	290	217461	837227	0
Bhanus Khindi	20	110	203606	792456	0
Bhanusuli	25	499	192611	822087	0
Bhanutola	19	142	215077	806174	0
Bhanuvalli	15	265	144382	757612	0
Bhanvalli	15	97	135856	752197	0
Bhanvarda	28	339	253700	756833	0
Bhanvrasa	19	648	229544	767694	0
Bhanvriya	28	321	245645	762438	0
Bhanwa Khera	34	430	308186	778379	0
Bhanwad	20	54	204110	736768	0
Bhanwala	34	430	304027	779371	0
Bhanwan	33	102	245222	831585	0
Bhanwan	33	196	251904	823129	0
Bhanwanmau	33	654	260640	812350	0
Bhanwant	33	445	271570	790766	0
Bhanwapur	33	312	278816	809112	0
Bhanwar	12	267	314626	772616	0
Bhanwar	28	487	245986	769218	0
Bhanwar	19	646	244627	821763	0
Bhanwar	11	466	291425	769395	0
Bhanwar	6	374	225263	824963	0
Bhanwar	6	669	221551	824578	0
Bhanwar	33	685	270202	807304	0
Bhanwar	6	723	224420	818003	0
Bhanwar	12	267	317799	769509	0
Bhanwar	12	267	316556	767930	0
Bhanwar	28	298	256195	753436	0
Bhanwar Bigha	4	495	251883	854213	0
Bhanwar Kol	33	564	260344	835351	0
Bhanwar Kol	4	106	248287	859374	0
Bhanwara	12	514	307373	775874	0
Bhanwara	28	115	266471	764658	0
Bhanwara	19	503	231416	788333	0
Bhanwara	33	525	292457	775608	0
Bhanwara	28	428	264583	748756	0
Bhanwara	19	311	231526	761982	0
Bhanwarbandh	14	678	236473	842241	0
Bhanwarda	19	461	231453	802572	0
Bhanwardadar	6	393	213845	828218	0
Bhanwardah	14	673	240033	843305	0
Bhanwargara	33	548	271843	797457	0
Bhanwargarh	28	487	250758	768000	0
Bhanwargarh	19	324	241813	771943	0
Bhanwargarh	19	325	225412	792581	0
Bhanwargarh	33	584	254341	822760	0
Bhanwari	19	646	244613	821804	0
Bhanwari	33	280	271932	830035	0
Bhanwari	12	267	314868	768908	0
Bhanwari Kalan	19	648	230578	765449	0
Bhanwaria	14	712	243632	835144	0
Bhanwarkachhar	6	374	224870	824064	0
Bhanwarkheri	19	338	243815	782632	0
Bhanwarkhoh	19	646	240051	820851	0
Bhanwarkol	33	27	255747	838532	0
Bhanwarmal	6	269	237462	837211	0
Bhanwarmarra	6	642	207185	809615	0
Bhanwarpur	6	393	213692	829005	0
Bhanwarpur	33	645	265183	799409	0
Bhanwarpur	6	611	215756	831058	0
Bhanwarpur	6	611	216754	830826	0
Bhanwarpura	28	429	262608	766230	0
Bhanwarpura	28	429	264351	770092	0
Bhanwarpura	19	465	260293	777629	0
Bhanwartoli	14	476	227858	844510	0
Bhanwartonk	6	517	220776	811019	0
Bhanwas	12	267	315483	772116	0
Bhanwas	12	267	316637	772123	0
Bhanwata	28	115	264174	766235	0
Bhanwlas	28	298	253704	744098	0
Bhanwlas ka Khera	28	298	253692	743945	0