Bisalpur	33	656	282925	798047	68355
Bishnupur	35	549	230738	873199	64041
Biswan	33	488	274958	809962	52516
Bishrampur	14	673	242530	839250	42925
Bisauli	33	116	283077	789368	32154
Bissau	28	288	282474	750767	23227
Bisalgarh	32	552	236760	912833	21085
Biswanath Chariali	3	291	267258	931466	19145
Bisokhar	33	697	288515	775842	14332
Bishnupur	21	486	246285	937618	12167
Bishnah	13	559	326106	748556	11645
Bishrampur	6	398	231897	830047	11367
Bisenda Buzurg	33	444	254035	806189	11100
Bissamcuttack	25	349	195117	835060	8399
Bishunpur Urf Maharajganj	33	479	262591	831164	7499
Bishungarh	14	732	240151	857554	4847
Bisambharpur	6	269	233349	834088	4838
Bisa	28	288	280304	758754	0
Bisa	34	533	293738	799052	0
Bisa	14	541	234310	855724	0
Bisa	14	377	235245	858074	0
Bisa Chak	27	284	318691	757450	0
Bisa Khera	33	654	261709	808782	0
Bisadihalli	15	92	135455	770659	0
Bisaf Kalan	33	451	277357	799671	0
Bisaf Khurd	33	451	277382	799545	0
Bisaha	14	570	248969	871924	0
Bisahan	11	586	287250	765622	0
Bisaharatola	4	535	263400	861447	0
Bisahari	14	633	244965	876135	0
Bisaharia	4	590	256979	870594	0
Bisahat	33	553	292935	782390	0
Bisahat Gharbi	33	492	287609	789501	0
Bisahat Jatpura	33	492	287552	789516	0
Bisahat Mashraki	33	492	287606	789702	0
Bisahera	19	303	230961	753952	0
Bisahi	4	520	258664	850503	0
Bisahia	33	688	256647	815749	0
Bisahia	33	688	256680	815764	0
Bisahidtoli	14	673	243819	839835	0
Bisahj	4	382	266586	846337	0
Bisahjan Kalan	33	584	252117	821015	0
Bisahjan Khurd	33	584	252119	821066	0
Bisahni	33	314	263282	835753	0
Bisaholi	33	523	276993	779210	0
Bisahra	33	566	285851	775694	0
Bisahri	33	685	270611	808367	0
Bisahupur	33	33	257697	826901	0
Bisahupur	33	522	271328	821269	0
Bisahutola	6	455	210491	806807	0
Bisahwa	33	152	269574	825712	0
Bisahwa	33	152	268877	826744	0
Bisai	25	368	221732	864113	0
Bisai	4	518	251209	866507	0
Bisai	14	732	239948	856303	0
Bisai Bigha	4	495	251849	853042	0
Bisai Chain	33	522	272189	819270	0
Bisai Diha	33	282	273334	818367	0
Bisaibera	14	434	240493	861578	0
Bisaich	33	566	284040	775768	0
Bisaikpur	33	661	272924	796886	0
Bisaili	4	106	246977	853865	0
Bisain	33	31	270960	810637	0
Bisaindha	33	282	271999	815061	0
Bisaini Khera	33	31	266430	812835	0
Bisaipali	25	478	213276	836387	0
Bisaipur	33	479	261651	829335	0
Bisairi Chahar	33	526	270680	777933	0
Bisairi Qazi	33	526	271473	776581	0
Bisairi Sikandar	33	526	271354	776790	0
Bisaitola	4	112	247568	842123	0
Bisaiya	33	654	260187	813792	0
Bisakapura	33	561	255075	824424	0
Bisakheri	19	648	228307	779333	0
Bisakheri	19	635	229408	758018	0
Bisakheri	19	311	230252	763122	0
Bisakheri	19	635	228062	760156	0
Bisakpur	33	532	264998	827268	0
Bisal	4	396	252278	874423	0
Bisal ka Nagla	33	445	270902	794323	0
Bisala	28	274	259089	712371	0
Bisala	33	659	272566	797570	0
Bisalahalli	15	333	144337	752830	0
Bisalahalli	15	422	136540	774018	0
Bisalahalli	15	422	135464	775676	0
Bisalahalli	15	44	151398	769742	0
Bisalahalli	15	652	131827	760282	0
Bisalahalli	15	652	126306	760150	0
Bisalapalle	1	426	138105	775841	0
Bisaldini	15	86	162304	760395	0
Bisale	15	652	127185	756927	0
Bisalehalli	15	652	133323	761913	0
Bisalere	15	97	136320	760869	0
Bisaleri	15	265	143897	758845	0
Bisalhalli	15	91	146049	754895	0
Bisalhalli	15	92	131456	770033	0
Bisalhalli	15	603	130749	771652	0
Bisali	13	485	333249	741824	0
Bisali Purwa	33	444	255989	808490	0
Bisalkheri	19	311	231257	762154	0
Bisalkop	15	59	145366	748503	0
Bisalkop	15	59	146585	749202	0
Bisalkop	15	59	147070	749332	0
Bisalkot	34	413	295704	794392	0
Bisalmane	15	333	136484	753770	0
Bisalo	25	305	189542	827648	0
Bisalpali	25	478	212623	834465	0
Bisalpali	25	478	213809	835302	0
Bisalpali	25	297	210630	837867	0
Bisalpali	25	297	209926	841031	0
Bisalpur	28	331	262315	733144	0
Bisalpur	28	263	251148	731738	0
Bisalpur	33	526	270346	779060	0
Bisalpur	33	645	264310	795871	0
Bisalpur	33	329	287211	793263	0
Bisalpur	33	686	265872	793800	0
Bisalpur Bahanpur	33	523	280028	783704	0
Bisalpura	19	322	264618	789757	0
Bisalpura	19	484	258469	787826	0
Bisalpura	28	302	259287	754582	0
Bisalvadi	15	69	118022	769443	0
Bisalwas	11	415	284579	758844	0
Bisalwas ki Dhani	11	415	284686	758567	0
Bisamavaripalle	1	221	146311	787554	0
Bisambarpur	33	548	271112	796740	0
Bisambhar Bigha	4	112	249766	844238	0
Bisambhara	33	33	257910	827256	0
Bisambharkita	14	570	250275	872461	0
Bisambharpur	33	27	257694	833682	0
Bisambharpur	33	31	270336	813577	0
Bisambharpur	4	363	253128	845342	0
Bisambharpur	4	457	268551	845781	0
Bisambharpur	4	457	267203	845773	0
Bisambharpur	4	382	264566	848923	0
Bisambharpur	4	381	262992	849676	0
Bisambharpur	4	394	252681	841414	0
Bisambharpur	4	112	247575	846070	0
Bisamhra	4	363	253516	845955	0
Bisamhra	4	363	254575	846173	0
Bisampur	25	305	190712	831198	0
Bisana	33	644	274893	780455	0
Bisanagrama	15	333	137669	751479	0
Bisanahalli	15	246	139058	762116	0
Bisanahalli	15	47	132764	781365	0
Bisanakavudanahalli	30	109	120566	780950	0
Bisanakeri	15	69	120420	773500	0
Bisanal	15	80	169757	763219	0
Bisanattam	1	207	128526	782641	0
Bisandhar	19	461	225965	806032	0
Bisandhua	33	548	270246	798256	0
Bisangadde	15	59	144803	748363	0
Bisangalya	34	589	296697	789225	0
Bisangarh	33	431	297838	771683	0
Bisangpur	19	459	265714	780485	0
Bisangpura	19	459	264078	778393	0
Bisanhalli	15	91	149509	752458	0
Bisanhalli	15	603	131112	771359	0
Bisanhalli	15	375	130084	778125	0
Bisanhalli	15	375	131499	778903	0
Bisanhalli	15	92	128477	770285	0
Bisani	33	575	261635	820404	0
Bisani	33	479	257959	832152	0
Bisani	33	584	256622	818926	0
Bisanidhura	34	530	292481	798888	0
Bisanivandlapalle	1	426	138642	782527	0
Bisankhera	19	309	232430	766800	0
Bisankheri	19	635	227718	759910	0
Bisanpur	25	438	203480	862793	0
Bisanpur	28	429	268892	769464	0
Bisanpur	28	429	269292	768717	0
Bisanpur	19	325	216580	791201	0
Bisanpur	6	374	225013	825887	0
Bisanpur	6	611	216607	827067	0
Bisanpur	4	112	248415	845492	0
Bisanpura	28	302	257648	755862	0
Bisanpura	28	288	284025	756227	0
Bisanpura	28	120	265637	760776	0
Bisanpura	27	480	307426	752016	0
Bisanpura	28	357	248993	761389	0
Bisanpura	28	288	281680	757558	0
Bisanpura	19	461	225955	805192	0
Bisanpura	19	142	222101	805989	0
Bisanpura	6	517	219023	813868	0
Bisanpura	28	339	255399	753836	0
Bisanpura	19	317	218189	758426	0
Bisanpuri	6	634	200077	816392	0
Bisaoli	33	464	289521	781385	0
Bisapur	19	354	222485	795842	0
Bisapur	19	354	218169	796298	0
Bisapur	33	694	253913	832185	0
Bisapur	19	142	217891	797763	0
Bisapur	33	561	253349	825870	0
Bisapur	33	33	256608	829844	0
Bisapur Kalan	19	325	219137	789512	0
Bisapur Khurd	19	325	218997	789416	0
Bisapurtola	19	142	217944	797682	0
Bisar	19	395	247909	775858	0
Bisar	19	497	245842	812604	0
Bisar	33	688	258554	822620	0
Bisara	33	523	280150	778679	0
Bisara	33	626	255551	814468	0
Bisara	33	301	263827	809629	0
Bisara Pachchhim	33	637	263466	817759	0
Bisara Purab	33	637	263393	817867	0
Bisaravalli	15	97	133198	755746	0
Bisarband	25	305	188640	829215	0
Bisare	4	602	254694	877056	0
Bisari	4	590	258836	876802	0
Bisari Dih	33	269	272036	823884	0
Bisaria	33	329	282782	797088	0
Bisaria	4	641	259789	871003	0
Bisaria	4	602	256781	873703	0
Bisariapatti	4	641	260200	871445	0
Bisaringi	25	243	188312	839803	0
Bisaripur	33	694	252782	832634	0
Bisariyon di Dhani	28	288	280303	756434	0
Bisarna	33	526	271221	781955	0
Bisarpur	4	581	255501	848945	0
Bisarpur Bangar	33	661	274002	794434	0
Bisaru	33	622	284287	786544	0
Bisarwa	33	637	263767	814290	0
Bisaryai	19	208	239983	782656	0
Bisasain	34	589	299455	791171	0
Bisasar	28	274	250674	709963	0
Bisatikop	15	91	150320	751890	0
Bisationwala	11	88	302866	773450	0
Bisatola	6	517	217159	811903	0
Bisatola	19	449	229823	807910	0
Bisatpur	19	324	242842	769377	0
Bisatupalli	30	215	126098	777764	0
Bisau	34	430	306599	779831	0
Bisaudkot	34	413	295203	797067	0
Bisaul	4	535	266262	860027	0
Bisaul	4	569	262040	861857	0
Bisaul	4	535	262675	863136	0
Bisaula	33	672	291135	778276	0
Bisauli	33	659	275738	797202	0
Bisauli	33	523	278284	779000	0
Bisauli	33	698	259588	808255	0
Bisauli	33	561	254168	823582	0
Bisauli	33	531	286386	789089	0
Bisauli	33	33	260448	824971	0
Bisauli	33	479	261193	831024	0
Bisauli	33	515	262384	838791	0
Bisauli	33	516	258796	842998	0
Bisauli	4	136	258668	861850	0
Bisauli	4	505	245930	861818	0
Bisauna	33	584	253482	817575	0
Bisauni	4	396	253222	867965	0
Bisaunta	34	617	289966	799898	0
Bisaur	19	484	261195	787273	0
Bisaura	33	694	250138	831308	0
Bisaura	33	196	250923	831291	0
Bisaura	33	584	251450	818257	0
Bisaura Khurd	33	196	251151	830410	0
Bisauri	33	33	255892	830682	0
Bisauri	33	694	252711	833040	0
Bisauria	33	516	259065	841430	0
Bisauta	34	617	289834	798884	0
Bisauwa	33	623	270352	831328	0
Bisavanhalli	15	47	132951	783604	0
Bisawa	4	510	255155	859147	0
Bisawali	33	174	275571	778337	0
Bisawan	33	33	257645	824914	0
Bisawan Chak	33	33	255609	827690	0
Bisawanpur	33	196	251120	830326	0
Bisawanpur	33	619	252025	810413	0
Bisawanpur Silla	33	523	279255	782502	0
Bisawar	33	644	273915	779243	0
Bisawari	19	326	230646	785648	0
Bisawari	19	354	222606	795904	0
Bisawas	28	414	267206	746236	0
Bisayatigarhi	33	523	279320	777725	0
Bisayiput	1	258	181895	827322	0
Bisbanpura	27	544	311444	749717	0
Bisbharia	33	152	267530	825313	0
Bisda	19	208	237604	782037	0
Bisdehi	19	443	220930	780611	0
Bisdighi	4	602	257673	878989	0
Bisdlhera	33	431	298561	772504	0
Bisdum	33	488	275315	807911	0
Bisedera	25	546	212595	839548	0
Bisegowdandoddi	15	92	127785	770566	0
Bisehra	33	526	270524	779508	0
Bisehra Kalan	33	526	270596	780609	0
Bisehri Gaurwa	33	526	270611	780661	0
Bisekha	33	479	260929	827508	0
Bisem	33	656	286831	797331	0
Bisenda	33	488	274784	809361	0
Bisendi	33	488	274827	809463	0
Biseni	4	394	250212	840581	0
Biseni	4	112	247575	842634	0
Biseni	4	112	247651	844740	0
Biseni Kalan	4	394	250366	842303	0
Bisenpur	33	584	252535	821555	0
Bisenpur	33	152	266472	827346	0
Bisenpura	33	242	254846	829997	0
Bisepur	19	208	240618	777185	0
Biser	19	326	228425	781203	0
Biseri Bhand	33	526	271005	781189	0
Biseria	35	-1	234028	858824	0
Bisesa	25	305	188637	831242	0
Bisesar	33	488	273889	812267	0
Bisesharganj	33	152	267260	824363	0
Bisesharganj	33	637	264812	817331	0
Bisesharpur	33	496	271619	832004	0
Bisesharpur	33	654	261345	815332	0
Bisesra	6	725	228333	820562	0
Bisesra	6	517	222154	813890	0
Bisesratola	6	725	228251	820592	0
Bisfi	4	535	263193	858845	0
Bisha	12	604	310073	771084	0
Bishahar	35	347	236860	879084	0
Bishahara	35	347	236860	879084	0
Bishaibhita	14	434	240822	861814	0
Bishakhatanga	14	541	233926	850218	0
Bishal	12	653	314616	773448	0
Bishal	13	529	332457	751870	0
Bishalburi	25	262	219714	840607	0
Bishald	34	589	301128	788798	0
Bishali	19	311	225106	761738	0
Bishalkhinda	25	546	215486	840826	0
Bishalpur	6	611	215881	830996	0
Bisham Mirzapur	33	479	259273	830830	0
Bishamagiri	25	423	193849	844715	0
Bishambar Bigha	4	495	252169	854645	0
Bishambar Chhapra	4	520	259693	849487	0
Bishambar Purwa	33	659	274265	801931	0
Bishambara	33	174	278158	775369	0
Bishambarpur	33	584	255586	821885	0
Bishambarpur	33	688	257778	820117	0
Bishambarpur	33	488	275386	810794	0
Bishambarpur	33	488	275352	810709	0
Bishambarpur	33	595	276913	818292	0
Bishambarpur	33	301	263700	810268	0
Bishambarpur	33	488	272493	807725	0
Bishambarpur	33	685	270737	809637	0
Bishambarpur	33	637	261378	817944	0
Bishambarpur	33	282	274115	814434	0
Bishambarpur	27	214	315789	749699	0
Bishambarpur	33	488	274963	809831	0
Bishambhar Chak	33	152	269612	826608	0
Bishambharapur	4	382	269052	848367	0
Bishambharpatiti	33	637	265285	816665	0
Bishambharpatti	33	561	252750	823730	0
Bishambharpur	33	479	257072	830807	0
Bishambharpur	33	27	257202	838942	0
Bishambharpur	33	102	247262	831375	0
Bishambharpur	33	522	272367	821069	0
Bishambharpur	33	269	273615	823210	0
Bishambharpur	33	532	263546	827832	0
Bishambharpur	33	314	267231	836089	0
Bishambharpur	33	584	256785	819454	0
Bishambharpur	33	584	253369	819119	0
Bishambharpur	4	615	261115	844151	0
Bishambharpur	4	363	252307	844966	0
Bishambharpur	4	520	257979	849183	0
Bishambharpur	4	363	256818	847638	0
Bishambharpur	4	581	255755	848846	0
Bishambharpur	4	675	265951	844001	0
Bishambharpur	4	457	266394	844537	0
Bishambharpur	4	615	262845	845118	0
Bishambharpur	33	516	257949	842137	0
Bishambharpur	4	581	254706	848524	0
Bishambharpur	4	581	254168	849737	0
Bishambharpur	4	394	250933	841565	0
Bishambharpur Sani	33	27	256907	835038	0
Bishambra	33	314	264960	831647	0
Bishan	12	460	311314	777655	0
Bishan	33	31	272538	813341	0
Bishan Bigha	4	734	251855	847651	0
Bishan Bigha	4	117	250145	849149	0
Bishan Chobe Purwa	33	282	274402	814032	0
Bishan Dayalpura	14	673	241216	843566	0
Bishan Khera	33	301	264209	807608	0
Bishan Khera	33	301	264394	809032	0
Bishan Khera	33	654	261410	809130	0
Bishan Khera	33	659	271868	807531	0
Bishan Misr	33	522	270962	817148	0
Bishan Purwa	33	694	250619	832898	0
Bishan Purwa	33	522	271945	818535	0
Bishan Purwa	33	522	270970	818104	0
Bishan Purwa	33	31	268318	813995	0
Bishan Purwa	33	522	271657	816612	0
Bishan Purwa	33	522	269328	818521	0
Bishan Purwa	33	522	270241	823790	0
Bishan Purwa	33	488	273910	812831	0
Bishan Purwa	33	654	260392	814147	0
Bishan Singh	33	445	272657	793181	0
Bishanath Dih	33	269	272723	824210	0
Bishanbandh	14	678	238582	844709	0
Bishandas	33	644	275715	779716	0
Bishandaspur	33	654	259908	811963	0
Bishandaspur	33	654	260226	811071	0
Bishandaspur	33	152	266924	824875	0
Bishandaspur	33	488	273230	808745	0
Bishandaspur	33	654	260756	813213	0
Bishandaspur	33	637	262268	816948	0
Bishandeopur	33	575	260954	821636	0
Bishangaj Bazar	33	688	260123	823410	0
Bishangarh	28	288	284418	752531	0
Bishangarh	11	664	302227	767014	0
Bishangarh	11	482	299920	768335	0
Bishangarh	27	543	304928	761071	0
Bishangarh	27	543	302336	764967	0
Bishangarh	28	120	270329	758181	0
Bishanisaran	14	434	243144	863433	0
Bishankhera	19	326	230235	775742	0
Bishankhera	19	324	242924	773031	0
Bishankhera	19	326	234544	778154	0
Bishankhera	19	326	233128	780541	0
Bishankhera	19	648	230754	769388	0
Bishankhera	19	648	232026	769320	0
Bishankhera Chena	28	487	245617	769451	0
Bishankheri	28	321	247415	762505	0
Bishankheri	19	326	233408	779620	0
Bishankheri	19	648	230612	769499	0
Bishannagar	33	488	275263	807860	0
Bishannagar Kotla	27	543	301262	765159	0
Bishannathpur	33	584	252109	820942	0
Bishanpar	19	208	237528	782385	0
Bishanpur	34	430	303995	779687	0
Bishanpur	33	431	298604	772281	0
Bishanpur	4	410	261839	866629	0
Bishanpur	3	684	263493	898861	0
Bishanpur	11	500	280630	766396	0
Bishanpur	34	574	298563	781457	0
Bishanpur	33	523	277553	779284	0
Bishanpur	33	278	269716	789844	0
Bishanpur	33	445	273726	789429	0
Bishanpur	19	208	242298	777416	0
Bishanpur	19	208	241526	776302	0
Bishanpur	19	208	240398	779582	0
Bishanpur	33	682	274717	785275	0
Bishanpur	33	33	257486	825956	0
Bishanpur	33	33	256364	826938	0
Bishanpur	33	561	252900	824876	0
Bishanpur	33	196	252333	824308	0
Bishanpur	33	33	256485	823892	0
Bishanpur	33	685	265637	810633	0
Bishanpur	33	31	266298	812342	0
Bishanpur	33	654	264682	810861	0
Bishanpur	33	575	264915	818521	0
Bishanpur	33	31	272104	809649	0
Bishanpur	33	31	271494	809863	0
Bishanpur	33	522	271549	817376	0
Bishanpur	33	269	271605	823286	0
Bishanpur	33	605	266218	820055	0
Bishanpur	33	152	269426	825691	0
Bishanpur	33	623	269757	830991	0
Bishanpur	33	539	268655	835906	0
Bishanpur	33	496	269757	836654	0
Bishanpur	33	27	256482	836745	0
Bishanpur	33	584	256281	817927	0
Bishanpur	27	544	314038	754059	0
Bishanpur	27	284	319226	756306	0
Bishanpur	33	685	270625	807102	0
Bishanpur	27	544	312308	758206	0
Bishanpur	33	31	270819	811802	0
Bishanpur	28	428	257821	752881	0
Bishanpur	6	269	238822	832189	0
Bishanpur	33	431	300583	776556	0
Bishanpur	33	31	272924	812572	0
Bishanpur	34	530	292929	792124	0
Bishanpur	33	539	266364	840473	0
Bishanpur	33	329	285616	796694	0
Bishanpur	33	656	287925	797966	0
Bishanpur	33	656	284968	799851	0
Bishanpur	14	673	240853	842851	0
Bishanpur	14	379	241704	846430	0
Bishanpur	14	379	241407	846796	0
Bishanpur	4	632	256213	868877	0
Bishanpur	33	488	273950	805276	0
Bishanpur	14	416	229798	852121	0
Bishanpur	14	678	237292	845139	0
Bishanpur	14	740	236243	845514	0
Bishanpur	14	740	234312	846676	0
Bishanpur	4	505	246659	862411	0
Bishanpur	14	434	242269	860064	0
Bishanpur	14	434	240759	860183	0
Bishanpur	14	434	244383	862766	0
Bishanpur	14	434	244135	862812	0
Bishanpur	14	434	243437	864040	0
Bishanpur	14	434	242771	864021	0
Bishanpur	14	434	241992	862817	0
Bishanpur	14	387	240020	863896	0
Bishanpur	14	434	240545	862823	0
Bishanpur Adrauna	33	496	271532	832463	0
Bishanpur Bangar	33	623	269779	830959	0
Bishanpur Datta	33	27	256823	836148	0
Bishanpur Golaria	33	329	287766	795727	0
Bishanpur Jagir	33	531	289146	792442	0
Bishanpur Jarba	33	196	250907	829249	0
Bishanpur Kaithaulia	33	539	267690	836135	0
Bishanpur Kalan	33	27	255914	833073	0
Bishanpur Kalan	33	522	269762	818072	0
Bishanpur Kayasth	33	27	256718	835405	0
Bishanpur Kharana	33	269	271100	823469	0
Bishanpur Khurd	33	522	269900	818721	0
Bishanpur Majhwara	33	33	256404	827134	0
Bishanpur Piprahi	33	27	256205	835897	0
Bishanpur Pulguzar	33	33	257357	825669	0
Bishanpur Tandwa	33	27	256402	833289	0
Bishanpur Zunardar	33	27	255938	832988	0
Bishanpura	27	647	307483	760567	0
Bishanpura	19	576	232122	802405	0
Bishanpura	27	3	300071	743407	0
Bishanpura	33	566	286067	773582	0
Bishanpura	28	120	270852	755635	0
Bishanpura	27	571	301440	758424	0
Bishanpura	28	288	282360	757638	0
Bishanpura	27	543	304838	761541	0
Bishanpura	27	543	301991	761446	0
Bishanpura	27	543	303289	763037	0
Bishanpura	19	324	244736	771021	0
Bishanpura	33	-1	252501	790118	0
Bishanpura	33	196	251667	831058	0
Bishanpura	4	718	252952	836453	0
Bishanpura	19	420	248587	781565	0
Bishanpura	33	242	252462	828662	0
Bishanpura	33	196	251673	829483	0
Bishanpura	28	288	283190	758129	0
Bishanpura	33	553	291029	785106	0
Bishanpura	33	152	267643	826133	0
Bishanpura	33	314	267980	832168	0
Bishanpura	33	314	268373	834698	0
Bishanpura	33	539	268141	835832	0
Bishanpura	33	539	268325	837129	0
Bishanpura	33	539	267597	837123	0
Bishanpura	19	461	230648	804345	0
Bishanpura	19	576	231372	805528	0
Bishanpura	6	517	220883	812173	0
Bishanpura	33	539	269892	840328	0
Bishanpura	33	539	268330	840899	0
Bishanpura	33	539	267061	841902	0
Bishanpura	28	428	258528	751831	0
Bishanpura	4	394	250560	840434	0
Bishanpura Raja	33	539	266447	840409	0
Bishanpuri	33	523	279265	778273	0
Bishanpuri	6	627	202512	819563	0
Bishanpuri Rawana Lala	33	531	288655	793398	0
Bishanpurwa	33	152	267843	829174	0
Bishansinghpura	28	120	267627	759528	0
Bishanwala	33	553	295274	784717	0
Bishanwara	19	324	250094	771141	0
Bishanya	19	16	239889	764901	0
Bishar	33	102	248309	828430	0
Bishar	33	516	259430	840671	0
Bishar Khurd	33	516	259475	840611	0
Bisharatnagar	33	116	278894	792535	0
Bisharatpur	33	564	262087	835168	0
Bisharia	4	569	258564	863004	0
Bisharpura	33	516	259492	840804	0
Bishatoli	14	740	233655	846020	0
Bishatoli	14	740	234153	847682	0
Bishen Khera	33	685	266400	811523	0
Bishenpur	21	486	246282	937609	0
Bishenpur	4	520	259753	845368	0
Bisheria	4	590	257386	874181	0
Bishesarpur	33	196	249160	822994	0
Bishesarpur	4	675	263473	845467	0
Bisheshar	19	512	250475	804260	0
Bisheshar Purwa	33	282	274179	818028	0
Bishesharganj	33	654	265626	811959	0
Bishesharpur	33	196	252123	830255	0
Bishesharpur	33	196	252001	830072	0
Bishesharpur	33	33	257880	826160	0
Bishesharpur	33	33	257627	825991	0
Bishesharpur	33	33	257584	827113	0
Bishesharpur	33	196	250817	825718	0
Bishesharpur	33	488	271856	808938	0
Bishesharpur	33	532	264933	824260	0
Bishesharpur	33	479	260413	830998	0
Bishesharpur	33	27	256282	837135	0
Bishesharpur	33	488	273752	809844	0
Bishesharpur	33	329	284074	796258	0
Bishesharpur	33	659	270398	802315	0
Bisheshwarpur	33	694	254392	831741	0
Bisheshwarpur	33	694	247624	831578	0
Bisheshwarpur	33	694	247766	831523	0
Bisheshwarpur	33	561	252634	824557	0
Bisheswarpur	33	516	256219	839579	0
Bishipali	25	372	206288	845687	0
Bishlanahalli	15	352	146972	764547	0
Bishlani	12	653	314546	774524	0
Bishnadih	14	628	230262	859631	0
Bishnaga	33	522	270852	820351	0
Bishnagarpur Bhatpura	33	575	263336	823803	0
Bishnahalli	15	352	146945	764825	0
Bishnaiyan ki Dhani	11	327	293285	754813	0
Bishnakheri	19	502	234173	793510	0
Bishnamau	33	278	267049	791722	0
Bishnandi	27	700	303929	748581	0
Bishnapur	33	282	275416	815312	0
Bishnapur	33	282	277474	816179	0
Bishnapur	33	282	274751	816381	0
Bishnapur	33	595	276418	818389	0
Bishnapur	33	522	274099	819474	0
Bishnapur	33	595	274519	819978	0
Bishnapur	33	282	273812	817928	0
Bishnapur	33	595	278211	820295	0
Bishnapur	33	269	274170	821551	0
Bishnapur	33	269	273699	822218	0
Bishnapur	33	282	276269	813884	0
Bishnapur Pandaulia	33	595	277346	820436	0
Bishnari	12	348	327812	761741	0
Bishnath	3	291	266668	931645	0
Bishnath Khera	33	301	263773	809972	0
Bishnath Khera	33	301	263759	810110	0
Bishnathganj	33	654	263115	811106	0
Bishnathganj	33	688	259450	816836	0
Bishnathganj	33	688	258113	819438	0
Bishnathpali	6	17	218404	834747	0
Bishnathpur	33	242	254153	827715	0
Bishnathpur	33	532	264380	829573	0
Bishnathpur	33	496	270024	837371	0
Bishnathpur	33	314	266449	832685	0
Bishnathpur	33	314	266152	835430	0
Bishnathpur Kalan	33	623	266852	830254	0
Bishnathpur Khurd	33	623	266856	830318	0
Bishne	34	530	294907	794643	0
Bishni	19	334	238062	763073	0
Bishnia	28	298	255714	750416	0
Bishnidih	14	434	242628	864763	0
Bishnipur	33	269	274151	821634	0
Bishno Gopalpur	33	575	260158	824506	0
Bishnodi	33	593	276103	790222	0
Bishnog	12	460	311204	773820	0
Bishnoharpur	33	522	268602	820949	0
Bishnoharpur	33	605	265419	820601	0
Bishnoian ki Dhani	28	331	262489	731778	0
Bishnu Pura	33	33	255203	824541	0
Bishnu Purwa	33	688	260460	819879	0
Bishnudih	14	673	243227	843059	0
Bishnudihi	25	262	216843	848310	0
Bishnuli	33	566	286137	775035	0
Bishnunagar Colony	11	88	301336	772549	0
Bishnupaduka	14	628	226817	859239	0
Bishnupatti	33	196	251890	825290	0
Bishnupur	35	4	223778	882741	0
Bishnupur	35	432	226154	884973	0
Bishnupur	3	345	261655	917381	0
Bishnupur	33	682	275369	782866	0
Bishnupur	19	443	222605	779849	0
Bishnupur	14	712	241582	837831	0
Bishnupur	33	561	254359	824412	0
Bishnupur	19	313	240285	808157	0
Bishnupur	33	488	277852	808042	0
Bishnupur	35	347	240226	875293	0
Bishnupur	35	347	241322	878885	0
Bishnupur	14	476	226501	842997	0
Bishnupur	25	281	218355	855510	0
Bishnupur Kalan	33	688	258021	820657	0
Bishnupur Khurd	33	688	258011	820551	0
Bishnupur Lohri	33	278	268740	790754	0
Bishnur	20	132	212486	778716	0
Bishog	12	460	311049	774277	0
Bishramganj	19	512	248403	802703	0
Bishramganj	32	552	236058	913435	0
Bishrampur	33	152	269058	826530	0
Bishrampur	33	688	256594	815323	0
Bishrampur Dubauliya	4	675	263654	847342	0
Bishrampur Dubauliya	4	382	263796	847681	0
Bishri	12	460	311493	773946	0
Bisht	34	413	298928	793512	0
Bishubera	14	434	240942	861333	0
Bishuh Pura	33	314	263011	834123	0
Bishumpur Paharpur	4	136	256465	856022	0
Bishun Bigha	4	734	251370	848179	0
Bishun Bigha	4	394	249800	841994	0
Bishun Bigha	4	394	249534	841817	0
Bishun Bigha	4	112	248264	842967	0
Bishun Bigha	4	117	248088	847235	0
Bishun Bigha	4	117	245972	847478	0
Bishun Bigha	4	117	244900	845961	0
Bishun Chak	4	581	254168	852060	0
Bishun Jot	33	496	271442	832176	0
Bishun Lal	4	382	265091	847857	0
Bishun Parshad	33	282	275284	815787	0
Bishun Pura	33	314	263020	834756	0
Bishun Pura Urf Shahpur	33	314	264481	832061	0
Bishun Purwa	33	102	246975	832422	0
Bishun Purwa	33	515	266690	836543	0
Bishun Sahai Purwa	33	659	276914	801686	0
Bishun Singh	4	520	260924	848301	0
Bishun Tola	33	314	267310	835892	0
Bishunathbigha	4	112	245922	840618	0
Bishunathgaon	33	282	279687	814850	0
Bishunathnagar	33	605	267159	820723	0
Bishunathpur	4	718	250308	837507	0
Bishunathpur	33	31	271746	809685	0
Bishunathpur	33	31	271898	809437	0
Bishunathpur	33	496	271504	836451	0
Bishunathpur	4	117	248512	847371	0
Bishunathpur	4	106	250934	857656	0
Bishunbandh	4	112	245919	844631	0
Bishunbandhtoli	14	678	238078	845034	0
Bishunbigha	4	112	246397	842655	0
Bishunbigha	4	112	247024	844539	0
Bishundas Chak	14	570	250346	872076	0
Bishundaspur	33	196	252313	825026	0
Bishundaspur	33	605	266726	822357	0
Bishundaspur	33	637	261117	820376	0
Bishundaspur	33	575	263451	822719	0
Bishundayaltola	4	363	255018	844676	0
Bishundhari	33	694	252866	832948	0
Bishunganj	33	174	275096	776935	0
Bishunganj	4	117	248964	848844	0
Bishunganj	4	117	247457	849303	0
Bishunganj	4	507	250487	850764	0
Bishungarh	33	548	271124	794153	0
Bishungarh	34	430	302046	782352	0
Bishunhari	33	102	246827	829900	0
Bishunharpur	33	522	270087	823449	0
Bishunia	4	410	261394	870034	0
Bishunia	4	569	258163	863407	0
Bishunitikar	14	434	245925	858554	0
Bishuniya	14	712	241487	835709	0
Bishunnath	33	282	276896	813203	0
Bishunnath	33	282	276267	814830	0
Bishunpatti	4	535	262627	863640	0
Bishunpatti	4	687	257053	855788	0
Bishunpnr	33	282	272908	816713	0
Bishunpur	14	310	233743	843833	0
Bishunpur	4	590	259780	877325	0
Bishunpur	19	338	236031	786104	0
Bishunpur	33	242	253894	831215	0
Bishunpur	33	27	255287	832817	0
Bishunpur	33	27	257891	836611	0
Bishunpur	33	27	254884	836342	0
Bishunpur	4	597	253221	839656	0
Bishunpur	33	561	253524	825828	0
Bishunpur	33	242	253012	829226	0
Bishunpur	33	196	249157	827631	0
Bishunpur	33	196	248401	829024	0
Bishunpur	33	282	274700	816377	0
Bishunpur	4	394	249144	838904	0
Bishunpur	33	269	276063	820986	0
Bishunpur	33	269	276489	821458	0
Bishunpur	33	522	270803	821643	0
Bishunpur	33	269	272855	823522	0
Bishunpur	33	269	273895	825029	0
Bishunpur	33	280	272949	826921	0
Bishunpur	33	152	270130	827944	0
Bishunpur	33	280	272201	828679	0
Bishunpur	33	522	269792	820074	0
Bishunpur	33	605	266478	820455	0
Bishunpur	33	479	259865	830367	0
Bishunpur	33	532	264942	823767	0
Bishunpur	33	575	262945	824135	0
Bishunpur	33	479	258135	832168	0
Bishunpur	33	575	262396	823163	0
Bishunpur	33	152	269091	825453	0
Bishunpur	33	152	268361	826243	0
Bishunpur	33	152	269227	827375	0
Bishunpur	33	532	265306	826206	0
Bishunpur	33	532	263367	826894	0
Bishunpur	33	33	260325	825970	0
Bishunpur	33	152	269744	827787	0
Bishunpur	33	623	267990	829872	0
Bishunpur	33	152	266280	827611	0
Bishunpur	33	152	266234	828278	0
Bishunpur	33	152	267438	828361	0
Bishunpur	33	532	265400	828336	0
Bishunpur	33	623	266626	829339	0
Bishunpur	33	623	265355	829776	0
Bishunpur	33	623	266880	829937	0
Bishunpur	33	564	258043	833671	0
Bishunpur	33	27	258303	834425	0
Bishunpur	33	532	262095	828615	0
Bishunpur	33	479	260675	829929	0
Bishunpur	33	532	262489	827830	0
Bishunpur	33	280	271399	830041	0
Bishunpur	33	280	272481	830620	0
Bishunpur	33	280	271178	830955	0
Bishunpur	33	314	270094	831862	0
Bishunpur	33	314	270173	832316	0
Bishunpur	33	314	270367	832945	0
Bishunpur	33	314	270891	833450	0
Bishunpur	33	496	271990	833863	0
Bishunpur	33	496	271895	835243	0
Bishunpur	33	496	271337	836003	0
Bishunpur	33	496	270711	836517	0
Bishunpur	33	314	268319	831497	0
Bishunpur	33	314	267047	831257	0
Bishunpur	33	314	266692	831063	0
Bishunpur	33	623	264544	830913	0
Bishunpur	33	314	268556	833564	0
Bishunpur	33	314	269025	834301	0
Bishunpur	33	314	268721	833062	0
Bishunpur	33	314	268747	833004	0
Bishunpur	33	314	267064	833139	0
Bishunpur	33	314	265304	833817	0
Bishunpur	33	314	267330	835612	0
Bishunpur	33	515	264818	836508	0
Bishunpur	33	515	263197	837189	0
Bishunpur	33	515	261892	839127	0
Bishunpur	33	516	260251	838984	0
Bishunpur	4	394	250861	843056	0
Bishunpur	4	363	255676	845886	0
Bishunpur	4	363	254905	847482	0
Bishunpur	4	734	251820	845593	0
Bishunpur	4	112	250584	845097	0
Bishunpur	4	520	259939	849446	0
Bishunpur	4	363	256797	848119	0
Bishunpur	4	457	270617	845507	0
Bishunpur	4	457	268594	844860	0
Bishunpur	4	675	263652	845365	0
Bishunpur	4	382	268062	849314	0
Bishunpur	4	382	266924	847927	0
Bishunpur	33	516	258521	841391	0
Bishunpur	4	597	256707	841014	0
Bishunpur	4	734	250796	847900	0
Bishunpur	4	507	250704	848913	0
Bishunpur	4	734	250804	848513	0
Bishunpur	4	394	249737	841018	0
Bishunpur	4	112	248177	842071	0
Bishunpur	4	112	245703	840714	0
Bishunpur	14	673	245346	840147	0
Bishunpur	4	112	246010	842038	0
Bishunpur	4	394	252925	841243	0
Bishunpur	14	673	241397	842135	0
Bishunpur	4	394	250536	842001	0
Bishunpur	33	516	257391	842536	0
Bishunpur	4	112	247874	843679	0
Bishunpur	4	112	248208	843530	0
Bishunpur	14	673	244107	843248	0
Bishunpur	4	117	244238	844630	0
Bishunpur	4	117	246304	846279	0
Bishunpur	4	117	245374	846977	0
Bishunpur	4	117	244058	845983	0
Bishunpur	4	663	250585	857919	0
Bishunpur	4	535	265141	862638	0
Bishunpur	4	535	265699	863099	0
Bishunpur	4	535	265480	864148	0
Bishunpur	4	495	251492	855563	0
Bishunpur	4	495	250961	855888	0
Bishunpur	4	136	258442	858228	0
Bishunpur	4	136	258029	859886	0
Bishunpur	4	510	255623	858084	0
Bishunpur	4	117	246222	850272	0
Bishunpur	4	117	246230	850921	0
Bishunpur	4	117	245931	851312	0
Bishunpur	14	732	243425	851914	0
Bishunpur	4	106	249700	856018	0
Bishunpur	4	106	247631	856820	0
Bishunpur	4	106	248905	857259	0
Bishunpur	4	106	249878	856769	0
Bishunpur	4	569	261898	861110	0
Bishunpur	4	535	263360	864032	0
Bishunpur	4	535	264662	864679	0
Bishunpur	4	535	263958	864958	0
Bishunpur	4	569	261607	862663	0
Bishunpur	4	535	262368	864435	0
Bishunpur	4	410	261821	867872	0
Bishunpur	4	410	261208	867528	0
Bishunpur	4	410	261288	869205	0
Bishunpur	4	569	259668	862203	0
Bishunpur	4	136	258583	860583	0
Bishunpur	4	510	255852	860689	0
Bishunpur	4	510	255894	860225	0
Bishunpur	4	136	256740	862375	0
Bishunpur	4	510	255217	862329	0
Bishunpur	4	510	253198	861672	0
Bishunpur	4	510	254185	861526	0
Bishunpur	4	727	255399	864147	0
Bishunpur	4	510	254970	863182	0
Bishunpur	4	518	253200	863278	0
Bishunpur	4	567	251875	862730	0
Bishunpur	4	567	251797	862947	0
Bishunpur	4	636	258009	865901	0
Bishunpur	4	636	259391	866128	0
Bishunpur	4	632	259791	866409	0
Bishunpur	4	727	256498	867123	0
Bishunpur	4	518	250416	865492	0
Bishunpur	4	518	251616	866490	0
Bishunpur	4	518	251791	865904	0
Bishunpur	4	582	250292	867132	0
Bishunpur	4	636	258528	867737	0
Bishunpur	4	632	258986	869134	0
Bishunpur	4	505	249738	860513	0
Bishunpur	4	505	247861	861476	0
Bishunpur	4	112	245443	843173	0
Bishunpur	14	673	245248	842879	0
Bishunpur	4	112	245751	843892	0
Bishunpur	4	112	246434	844004	0
Bishunpur	4	117	248399	847646	0
Bishunpur	4	117	249591	848665	0
Bishunpur	4	117	249634	848965	0
Bishunpur	4	117	248008	848656	0
Bishunpur	4	117	246451	847832	0
Bishunpur	4	117	246648	848740	0
Bishunpur	4	641	262615	872743	0
Bishunpur	4	641	264114	874420	0
Bishunpur	4	641	261561	872711	0
Bishunpur	4	491	262141	877577	0
Bishunpur	4	491	262276	879297	0
Bishunpur	4	590	258733	871912	0
Bishunpur	4	582	250675	870757	0
Bishunpur	4	582	250223	871125	0
Bishunpur	4	396	250869	872005	0
Bishunpur	14	570	250589	872295	0
Bishunpur	4	590	258020	873359	0
Bishunpur	4	602	255665	874435	0
Bishunpur	4	602	256618	874537	0
Bishunpur	14	570	251018	874310	0
Bishunpur	14	570	251258	873856	0
Bishunpur	4	590	259188	875623	0
Bishunpur	4	590	258746	876350	0
Bishunpur	4	396	252966	873061	0
Bishunpur	4	602	254224	874761	0
Bishunpur	4	520	259048	850470	0
Bishunpur	4	520	257693	850671	0
Bishunpur	4	687	257284	852218	0
Bishunpur	4	507	252964	851630	0
Bishunpur	4	590	256992	876209	0
Bishunpur	4	602	256132	877446	0
Bishunpur	14	442	250764	875716	0
Bishunpur	14	442	251628	876107	0
Bishunpur	14	442	250654	877381	0
Bishunpur	35	-1	257572	879457	0
Bishunpur	35	587	258877	879589	0
Bishunpur	4	602	256819	878451	0
Bishunpur	35	397	255080	879453	0
Bishunpur	35	397	252906	879023	0
Bishunpur	14	633	245595	875734	0
Bishunpur	14	633	244538	875724	0
Bishunpur	14	633	243527	875889	0
Bishunpur	4	507	251924	850797	0
Bishunpur	4	507	251162	851353	0
Bishunpur	4	495	251812	851669	0
Bishunpur	14	633	246898	877545	0
Bishunpur	14	633	246158	878186	0
Bishunpur	14	633	244842	877649	0
Bishunpur	14	633	243789	877657	0
Bishunpur	4	495	251621	852494	0
Bishunpur	4	687	257867	853407	0
Bishunpur	4	687	255745	853895	0
Bishunpur	4	495	253522	852929	0
Bishunpur	4	495	253462	854018	0
Bishunpur	4	495	252184	852940	0
Bishunpur	4	495	251891	854140	0
Bishunpur	4	495	252402	854589	0
Bishunpur	4	136	258612	857104	0
Bishunpur	4	495	252826	856372	0
Bishunpur	4	495	253327	856925	0
Bishunpur	14	379	243831	847629	0
Bishunpur	4	727	253347	866526	0
Bishunpur	14	483	241879	868624	0
Bishunpur	14	310	231914	841943	0
Bishunpur	14	678	237688	848575	0
Bishunpur	4	106	248631	858435	0
Bishunpur	14	434	244438	859977	0
Bishunpur	14	454	243961	857840	0
Bishunpur	4	410	260868	866541	0
Bishunpur	4	636	257973	864460	0
Bishunpur	4	505	249795	863277	0
Bishunpur	4	505	249635	864208	0
Bishunpur	4	505	247958	864934	0
Bishunpur	4	505	248076	862601	0
Bishunpur	4	505	245500	863633	0
Bishunpur	33	623	265030	830533	0
Bishunpur	4	597	253824	840089	0
Bishunpur	4	112	247449	842926	0
Bishunpur	4	112	246502	842502	0
Bishunpur	4	117	245986	849631	0
Bishunpur	4	491	261662	877291	0
Bishunpur	4	590	259812	876558	0
Bishunpur	14	570	249913	872146	0
Bishunpur	4	136	256748	855716	0
Bishunpur	4	410	261951	865098	0
Bishunpur	4	569	259362	862681	0
Bishunpur	4	569	258672	862637	0
Bishunpur Adrauna	33	496	271548	832537	0
Bishunpur Amba	4	112	246358	842225	0
Bishunpur Amona	4	632	256844	868600	0
Bishunpur Anant	4	381	259847	850975	0
Bishunpur Andu	4	687	258051	853008	0
Bishunpur Anrra	4	687	259270	853859	0
Bishunpur Arar	4	632	257928	868725	0
Bishunpur Arazi	33	623	265041	830524	0
Bishunpur Aurangabad	33	280	273095	825055	0
Bishunpur Babhnan	33	152	269350	825072	0
Bishunpur Bagahi	33	515	264740	835237	0
Bishunpur Bahadur	4	590	259348	871181	0
Bishunpur Bairia	33	522	271627	820462	0
Bishunpur Bajdaha	33	532	263064	831090	0
Bishunpur Bakhri	4	381	259885	856196	0
Bishunpur Balbhadar	4	687	257090	853584	0
Bishunpur Bande	4	136	258479	857470	0
Bishunpur Bandi	4	687	258441	853357	0
Bishunpur Basdeo	4	687	259201	852405	0
Bishunpur Baswat	33	33	257481	828431	0
Bishunpur Bathua	4	136	259236	856466	0
Bishunpur Bazdaha	33	532	264094	829854	0
Bishunpur Beri	4	136	255504	856585	0
Bishunpur Bhaiyaram	4	641	261127	870869	0
Bishunpur Bharehar	33	496	271262	836536	0
Bishunpur Biradiha	33	280	273437	826916	0
Bishunpur Birauli	4	136	259586	856752	0
Bishunpur Buzurg	33	314	266858	833918	0
Bishunpur Chand	4	510	254184	860367	0
Bishunpur Chaube	33	280	273731	826746	0
Bishunpur Chaudhari	4	410	264341	870162	0
Bishunpur Danda	33	516	260260	838561	0
Bishunpur Dhir	4	382	263685	849688	0
Bishunpur Dhusmuri	4	727	255433	864058	0
Bishunpur Diara	4	590	257032	871656	0
Bishunpur Diha	4	136	258294	861793	0
Bishunpur Garh	4	687	258541	854716	0
Bishunpur Garjaul	4	687	258385	853461	0
Bishunpur Ghanshyam	4	410	263988	870367	0
Bishunpur Ghosi	4	687	256631	855372	0
Bishunpur Ghulami	4	410	263829	870079	0
Bishunpur Gobind	4	687	257918	855091	0
Bishunpur Hakimabad	4	136	258453	858432	0
Bishunpur Hari	33	280	272833	825339	0
Bishunpur Ijra	4	687	256485	853900	0
Bishunpur Jagdis	4	520	259878	849142	0
Bishunpur Jainarayan	4	381	260793	850001	0
Bishunpur Jaisingh	4	632	257189	869726	0
Bishunpur Jelhiyara	4	507	251893	848420	0
Bishunpur Jichho	4	396	252279	870129	0
Bishunpur Kachhar	33	623	269733	831960	0
Bishunpur Kaiju	4	687	258456	856035	0
Bishunpur Kalyan	4	381	262824	849791	0
Bishunpur Katesar	4	687	259019	855293	0
Bishunpur Kawa	4	687	259153	856410	0
Bishunpur Khurd	33	280	273893	827070	0
Bishunpur Khurd	33	496	270146	835851	0
Bishunpur Khurd	33	314	266598	834331	0
Bishunpur Korlahi	4	632	259671	869618	0
Bishunpur Madakar	4	457	268928	845551	0
Bishunpur Madhaul	4	687	258337	853890	0
Bishunpur Mafi	33	522	272749	821799	0
Bishunpur Magurhi	33	539	267602	838814	0
Bishunpur Mahthi	4	136	256999	857703	0
Bishunpur Mahuari	4	615	261220	845373	0
Bishunpur Mangar	4	381	259738	853039	0
Bishunpur Maniar	4	687	255927	853243	0
Bishunpur Manika	4	136	257161	857214	0
Bishunpur Mathura	33	27	255654	832191	0
Bishunpur Matiara	33	314	265505	834996	0
Bishunpur Matiarwa	4	382	266625	845764	0
Bishunpur Milik	4	590	256796	871584	0
Bishunpur Mohan	4	687	258566	853663	0
Bishunpur Murar	4	381	259750	855820	0
Bishunpur Nankar	4	382	265783	847120	0
Bishunpur Nankar	4	382	264768	848904	0
Bishunpur Okri	4	507	252590	851425	0
Bishunpur Paltu	4	687	259402	851848	0
Bishunpur Panch Perwa	33	595	276481	820050	0
Bishunpur Pande	33	479	262267	831712	0
Bishunpur Pande	33	314	264088	832670	0
Bishunpur Pathra	4	507	251037	849049	0
Bishunpur Patti	4	381	262394	849462	0
Bishunpur Patti	4	381	262496	849778	0
Bishunpur Raghunath	4	457	269027	845437	0
Bishunpur Rahu	33	282	276090	816541	0
Bishunpur Raja	33	314	264102	833210	0
Bishunpur Rajmandal	33	479	260606	831321	0
Bishunpur Ram	4	687	257302	853121	0
Bishunpur Ratti	4	382	263338	849468	0
Bishunpur Sangam	33	522	272960	821027	0
Bishunpur Sarai	4	687	257430	854324	0
Bishunpur Shiwaram	4	410	264190	870112	0
Bishunpur Silothar	4	687	257111	854880	0
Bishunpur Sonsa	4	136	257943	859327	0
Bishunpur Sultanganj	4	520	259557	850025	0
Bishunpur Sundar	4	632	260579	869833	0
Bishunpur Tara	4	381	259861	854582	0
Bishunpur Taraura	4	687	258258	854139	0
Bishunpur Tiwari	33	522	273126	820825	0
Bishunpur Yusuf	4	136	257167	856803	0
Bishunpura	33	539	267869	841660	0
Bishunpura	4	520	260248	848029	0
Bishunpura	33	694	252612	831558	0
Bishunpura	33	694	254046	832189	0
Bishunpura	33	694	253896	833224	0
Bishunpura	33	694	253661	832696	0
Bishunpura	33	694	253791	834627	0
Bishunpura	33	694	251758	832850	0
Bishunpura	33	564	259954	836845	0
Bishunpura	33	27	254240	835167	0
Bishunpura	4	718	252743	835676	0
Bishunpura	4	718	252193	836927	0
Bishunpura	4	718	250884	836752	0
Bishunpura	33	516	257184	839804	0
Bishunpura	33	27	257073	838287	0
Bishunpura	33	27	256512	837683	0
Bishunpura	4	718	252190	837956	0
Bishunpura	19	509	252282	786834	0
Bishunpura	14	712	242968	836573	0
Bishunpura	33	33	256531	829878	0
Bishunpura	33	33	255620	829456	0
Bishunpura	33	623	265250	829727	0
Bishunpura	33	479	261973	828731	0
Bishunpura	33	479	261964	828787	0
Bishunpura	33	479	261498	829863	0
Bishunpura	33	496	270816	832744	0
Bishunpura	33	314	270249	833076	0
Bishunpura	33	496	270643	835405	0
Bishunpura	33	496	270526	835704	0
Bishunpura	33	496	271512	837133	0
Bishunpura	33	314	266367	832167	0
Bishunpura	33	314	264480	834067	0
Bishunpura	33	314	267041	836037	0
Bishunpura	33	314	265886	835978	0
Bishunpura	33	515	266485	836742	0
Bishunpura	33	515	265517	837331	0
Bishunpura	33	515	263869	836030	0
Bishunpura	33	515	262771	836484	0
Bishunpura	33	515	264372	837436	0
Bishunpura	33	564	262181	835427	0
Bishunpura	33	564	260705	835516	0
Bishunpura	33	515	262405	836622	0
Bishunpura	33	539	269056	837732	0
Bishunpura	33	539	269114	838847	0
Bishunpura	33	539	268841	839308	0
Bishunpura	33	539	269214	839848	0
Bishunpura	33	516	260318	837832	0
Bishunpura	33	516	261753	838345	0
Bishunpura	4	363	252141	844669	0
Bishunpura	33	516	257996	845058	0
Bishunpura	4	520	259136	846854	0
Bishunpura	33	516	257255	845142	0
Bishunpura	4	363	256300	847236	0
Bishunpura	4	363	252963	846422	0
Bishunpura	4	112	250759	845966	0
Bishunpura	4	520	257681	847962	0
Bishunpura	4	520	259551	849638	0
Bishunpura	4	520	259249	849199	0
Bishunpura	4	581	255731	849049	0
Bishunpura	33	539	268233	840324	0
Bishunpura	33	539	267253	840054	0
Bishunpura	4	675	265919	841214	0
Bishunpura	33	515	265516	840224	0
Bishunpura	4	675	266086	841646	0
Bishunpura	4	675	264555	840533	0
Bishunpura	33	515	263263	840267	0
Bishunpura	33	515	262678	841659	0
Bishunpura	4	615	263393	841771	0
Bishunpura	4	675	263810	842187	0
Bishunpura	4	615	262304	840359	0
Bishunpura	4	615	262019	841854	0
Bishunpura	4	615	262150	842013	0
Bishunpura	4	675	265882	842980	0
Bishunpura	4	675	265327	842655	0
Bishunpura	4	675	265436	844364	0
Bishunpura	4	457	267469	845457	0
Bishunpura	4	675	264606	845655	0
Bishunpura	4	615	262824	845304	0
Bishunpura	4	675	263314	846174	0
Bishunpura	4	675	263371	846908	0
Bishunpura	4	615	261642	845566	0
Bishunpura	4	615	260731	845018	0
Bishunpura	4	615	261947	846350	0
Bishunpura	4	520	261194	847262	0
Bishunpura	4	520	261025	847319	0
Bishunpura	4	382	264617	849915	0
Bishunpura	33	516	259382	840869	0
Bishunpura	33	516	259709	841897	0
Bishunpura	33	516	257975	842111	0
Bishunpura	4	581	253121	848817	0
Bishunpura	4	507	251910	848343	0
Bishunpura	4	394	249352	840097	0
Bishunpura	4	394	247605	840457	0
Bishunpura	4	394	250071	841378	0
Bishunpura	4	394	252094	841606	0
Bishunpura	4	615	259874	843607	0
Bishunpura	4	615	259716	843419	0
Bishunpura	4	112	249023	844056	0
Bishunpura	4	112	249261	843796	0
Bishunpura	4	112	249389	844829	0
Bishunpura	4	727	256175	867771	0
Bishunpura	4	687	257658	855005	0
Bishunpura	4	520	259650	847872	0
Bishunpura	4	457	267399	842420	0
Bishunpura	4	520	258984	850019	0
Bishunpura Kalan	4	520	259677	846029	0
Bishunpura Khurd	4	520	259699	846011	0
Bishunpurbigha	4	112	246364	842869	0
Bishunpuri	33	116	279006	792897	0
Bishunpurpatti	4	590	257033	871419	0
Bishunpurtoli	14	379	239763	848911	0
Bishunpurur	4	117	250188	848288	0
Bishunpurwa	33	280	271454	828002	0
Bishunpurwa	33	280	270433	829582	0
Bishunpurwa	33	496	272425	837208	0
Bishunpurwa	33	314	265652	832215	0
Bishunpurwa	4	457	271362	843373	0
Bishunpurwa	4	457	271494	844426	0
Bishunpurwa	4	457	271065	844961	0
Bishunpurwa	4	457	273004	845460	0
Bishunpurwa	4	457	269943	843799	0
Bishunpurwa	4	382	267836	847226	0
Bishunpurwa	4	457	269601	847410	0
Bishunpurwa	4	382	268941	848846	0
Bishunpurwa	4	457	272790	844467	0
Bishuntoli	4	581	254802	855563	0
Bishunwara	4	632	256391	869376	0
Bishure	12	348	328896	764691	0
Bishwanathpur	33	196	251747	826432	0
Bishwanathpur	25	546	210671	843285	0
Bishwanathpur	25	273	198217	834309	0
Bishwarpur	22	-1	250000	924500	0
Bisi	34	589	299305	784791	0
Bisi Kalan	4	394	253531	841105	0
Bisi Khurd	4	394	253489	841091	0
Bisia	35	340	224236	880925	0
Bisia	19	129	225882	749754	0
Bisia	35	347	240468	878698	0
Bisia Hanu	33	623	267334	830086	0
Bisiait	4	106	247481	853119	0
Bisiara	13	559	329131	745961	0
Bisibahal	25	572	205308	825689	0
Bisida	25	368	219826	859712	0
Bisighat	19	443	220706	782540	0
Bisinele	15	92	129123	768801	0
Bisipali	25	478	210378	831870	0
Bisipali	25	478	213324	834813	0
Bisipali	25	478	211443	836290	0
Bisipali	25	290	216917	837674	0
Bisipali	25	478	212281	838802	0
Bisipali	25	546	215491	840169	0
Bisipali	25	262	218088	849524	0
Bisipali	25	399	209728	845601	0
Bisipara	25	373	204164	842067	0
Bisipura	33	329	282103	796461	0
Bisireddipalle	1	221	146792	787863	0
Bisiria	35	400	233015	858609	0
Bisiutka	25	290	216804	839386	0
Bisiyan	33	479	259538	829741	0
Biskarpur	33	314	264470	834322	0
Biskata	14	276	220487	859246	0
Biskhan	19	325	221698	789018	0
Biskhan	19	443	219299	784571	0
Biskhola	34	692	297573	797464	0
Biskhula Purwa	33	659	273256	800179	0
Biskohar	33	280	273761	825554	0
Biskoti	33	31	268366	815848	0
Biskula	33	659	273863	800529	0
Biskur	15	603	130876	771412	0
Biskutia	14	633	244534	876649	0
Bisla	11	425	295160	755118	0
Bisla	27	283	312040	759308	0
Bislai	28	357	252884	762898	0
Bislai	28	357	255154	765149	0
Bislai	28	321	245770	764532	0
Bislai	28	321	242835	767588	0
Bislal	15	86	161675	760469	0
Bislan	28	519	286621	754987	0
Bisloni	19	208	239649	782310	0
Bismadatpla	14	712	241414	836478	0
Bismanpur	4	597	253888	841560	0
Bismilahwa	33	314	268438	834710	0
Bismillasahibpet	1	221	146340	790561	0
Bismoli	34	530	295515	792686	0
Bisna	12	514	306571	775189	0
Bisna	33	575	262397	823782	0
Bisnahala	28	120	269267	757248	0
Bisnakheri	19	502	236959	795069	0
Bisnapur	33	548	269446	796817	0
Bisnapur	14	379	242667	851720	0
Bisnathpur	33	516	259667	839265	0
Bisnathpur	25	262	219188	837551	0
Bisnatola	14	678	237249	842365	0
Bisnawada	19	635	227023	757525	0
Bisnepur	33	196	251330	823310	0
Bisnoharpur	33	152	267732	826083	0
Bisnori	19	459	263758	777515	0
Bisnot	33	431	298262	772319	0
Bisnupali	6	611	214359	833343	0
Bisnupur	35	432	229163	887999	0
Bisnur	19	443	216320	780377	0
Biso	4	117	247968	848256	0
Biso Dihri	4	394	251261	838414	0
Bisoda Sar	34	530	294284	794863	0
Bisodih	14	454	243923	855242	0
Bisodih	14	454	243656	855540	0
Bisodih	4	505	246076	864874	0
Bisodih	4	505	246336	864593	0
Bisoha	11	500	283973	763482	0
Bisoha	33	645	264745	797883	0
Bisohni	33	698	260100	808707	0
Bisoi	25	368	221573	864104	0
Bisoiputtu	25	305	188189	825194	0
Bisola	19	325	216688	790255	0
Bisoli	19	335	228596	746647	0
Bisona	34	533	294457	799032	0
Bisoni	28	463	273097	762504	0
Bisoni Kalan	19	568	224789	773318	0
Bisoni Khurd	19	568	224804	773201	0
Bisoniya	19	16	240002	770714	0
Bisopur	4	394	251560	839748	0
Bisopur	27	284	318906	755587	0
Bisor	35	347	243819	879539	0
Bisora	25	572	209846	826249	0
Bisora	33	523	279722	785097	0
Bisora	19	461	230905	804758	0
Bisoradih	14	434	244404	862711	0
Bisori	28	429	263910	770361	0
Bisori	28	120	270712	759799	0
Bispani	25	305	189398	826738	0
Bisparpur	33	33	257614	824091	0
Bispatti	4	632	256366	868958	0
Bispur	6	578	188647	817478	0
Bispuria	4	396	254179	870079	0
Bisra	25	262	222667	849833	0
Bisra	25	262	222495	849976	0
Bisra	33	531	287138	789768	0
Bisra	33	314	263600	833396	0
Bisraha	19	208	239903	782739	0
Bisraha	19	338	241598	786175	0
Bisrahalli	15	66	152719	760780	0
Bisraitoli	14	476	227819	844341	0
Bisrakh	33	566	285690	774372	0
Bisrakhera	19	638	250587	802189	0
Bisrakhet	34	413	298236	791575	0
Bisram Dhusi	33	496	270985	834823	0
Bisram Jot	33	269	274847	821144	0
Bisram Khera	19	512	250074	803040	0
Bisram Khera	33	685	267206	810041	0
Bisram Pandit Purwa	33	522	271207	818156	0
Bisram Purwa	33	488	277313	810586	0
Bisram Purwa	33	522	271775	818277	0
Bisram Purwa	33	522	270204	819648	0
Bisram Purwa	33	282	272118	815760	0
Bisram Purwa	33	488	273762	809596	0
Bisram Purwa	33	282	276960	814073	0
Bisramau	33	301	262954	808762	0
Bisramganj	33	659	270897	805807	0
Bisramgarh	14	740	235547	847680	0
Bisrampur	6	365	217500	817833	0
Bisrampur	33	526	270049	778722	0
Bisrampur	33	27	255196	834367	0
Bisrampur	33	102	240341	832311	0
Bisrampur	33	102	247086	834188	0
Bisrampur	33	488	278052	810368	0
Bisrampur	33	488	273317	810290	0
Bisrampur	33	102	241175	828163	0
Bisrampur	4	394	248677	839195	0
Bisrampur	33	269	274897	821343	0
Bisrampur	33	522	273420	821288	0
Bisrampur	33	269	273207	822623	0
Bisrampur	33	575	263947	821641	0
Bisrampur	33	532	263195	824600	0
Bisrampur	33	496	270851	832424	0
Bisrampur	6	627	205976	814851	0
Bisrampur	6	374	225311	826958	0
Bisrampur	19	311	226760	762104	0
Bisrampur	4	675	263777	841643	0
Bisrampur	4	675	264801	841636	0
Bisrampur	4	457	269142	843626	0
Bisrampur	4	394	248682	841069	0
Bisrampur	4	394	249668	841032	0
Bisrampur	14	673	245349	841521	0
Bisrampur	4	112	247264	841861	0
Bisrampur	4	112	245773	842425	0
Bisrampur	4	597	254252	840138	0
Bisrampur	4	394	251953	840361	0
Bisrampur	4	117	244716	845740	0
Bisrampur	14	-1	243980	846635	0
Bisrampur	14	379	240028	845672	0
Bisrampur	4	112	247007	843164	0
Bisrampur	4	112	246153	844815	0
Bisrampur	4	410	260904	870874	0
Bisrampur	14	732	238142	852399	0
Bisrampur	14	541	236706	850148	0
Bisrampur	14	416	228437	850211	0
Bisrampur	14	678	238040	845532	0
Bisrampur	14	678	237709	849189	0
Bisrampur	14	678	239280	848592	0
Bisrampur	14	541	236652	849986	0
Bisrampur	14	310	231409	847855	0
Bisrampur	14	628	225539	859589	0
Bisrampuri	6	634	200780	817707	0
Bisramtola	4	394	250243	840772	0
Bisrant	33	644	276220	779874	0
Bisrapar	33	623	267315	830226	0
Bisrasar	28	467	288656	742651	0
Bisraw	14	673	241724	844604	0
Bisrekhi	33	102	247401	827699	0
Bisrekhi Chak	33	102	247414	827764	0
Bisri	33	531	287111	789905	0
Bisri	33	314	268409	831673	0
Bisri Khurd	33	444	254524	803854	0
Bisrsha	33	33	261315	825861	0
Bisru	11	524	279055	772088	0
Bisruf	33	516	260218	838383	0
Bissauna	33	522	270751	817587	0
Bissu	33	174	272976	777593	0
Bissuparum	25	305	185217	827187	0
Bistahan Purwa	33	444	256360	808619	0
Bistampada	14	276	226581	855345	0
Bistampur	14	628	226492	859566	0
Bistan	19	317	216979	756657	0
Bistana	34	589	298733	785952	0
Bistapal	25	281	217586	855588	0
Bistara	33	479	261983	830140	0
Bistara	19	337	239732	804636	0
Bistaria	4	641	261262	872301	0
Bistaul	4	675	262318	847308	0
Bistaul	4	507	252705	849585	0
Bistaul	4	535	262925	863456	0
Bistauli	33	522	269721	819281	0
Bistauli	33	314	269386	833633	0
Bistauli Buzurg	33	314	265888	834159	0
Bistauli Khurd	33	314	265907	834100	0
Bistauli Purwa	33	522	269528	819526	0
Bistaun	13	35	331658	762758	0
Bistgaon	34	430	303946	780662	0
Bisth	13	477	324644	755855	0
Bistingpur	25	281	218309	855629	0
Bistoli	33	523	277120	782641	0
Bistompur	14	276	224437	857841	0
Bistopur	35	397	254849	879966	0
Bistopur	25	281	219546	856767	0
Bistra Pande	33	196	249952	823408	0
Bistra Raja	33	196	250000	823469	0
Bistumguda	1	258	183120	829484	0
Bistumpur	25	399	213463	850554	0
Bistupur	14	628	231200	858709	0
Bistupur	14	483	241292	869303	0
Bistuvalli	15	265	144636	762951	0
Bistwahi	19	142	220960	807193	0
Bisu Ahirdera	33	516	256830	842830	0
Bisu Bigha	4	507	252739	851372	0
Bisu Bigha	4	495	251093	854034	0
Bisu Kalan	28	274	262691	713216	0
Bisua	4	136	256666	862776	0
Bisubigha	33	314	266655	833995	0
Bisudanritoli	14	678	238049	848163	0
Bisuharia	4	535	262671	864040	0
Bisuhat	4	569	261679	861783	0
Bisuhpur	14	673	242224	838833	0
Bisuhupur	33	522	272692	821588	0
Bisukheri	19	648	230827	764670	0
Bisukia	33	516	257999	840603	0
Bisun Purwa	33	548	271239	797508	0
Bisunath Khera	33	654	263173	808877	0
Bisundhari	33	102	247810	827821	0
Bisundharpur	33	196	251785	825991	0
Bisundra	33	613	285031	778936	0
Bisuni	19	142	214947	805228	0
Bisunidih	14	454	247476	858173	0
Bisunpur	14	712	242973	834832	0
Bisunpura	33	102	247224	829160	0
Bisupur	33	694	253937	831924	0
Bisupuram	1	258	182663	829926	0
Bisupurdera	4	597	257253	843356	0
Bisura	19	497	249823	817377	0
Bisura	33	637	261546	817127	0
Bisutoli	14	476	224992	846272	0
Bisuwa	4	597	253823	841780	0
Biswa	33	488	271844	809145	0
Biswa	33	522	271547	820390	0
Biswa	33	605	265550	823921	0
Biswa	34	413	296448	794106	0
Biswa Dih	33	605	265773	823813	0
Biswa Mai	33	451	277685	796111	0
Biswa Purwa	33	31	272248	810097	0
Biswadi	34	533	294214	799246	0
Biswak	4	495	251723	852355	0
Biswakheri	34	574	297778	778082	0
Biswal	33	605	266786	823477	0
Biswan	19	638	245760	790921	0
Biswan	33	33	259315	826495	0
Biswan	33	488	277549	811675	0
Biswan	33	282	274109	814353	0
Biswan	33	637	261854	816351	0
Biswan Ganesh	33	522	271648	820341	0
Biswan Purwa	33	282	274146	814401	0
Biswana	33	613	284322	776442	0
Biswanath	35	538	220367	880486	0
Biswanathpur	35	432	227005	886314	0
Biswanathpur	25	572	205142	826810	0
Biswanathpur	35	452	241414	879322	0
Biswanathpur	25	281	217129	856308	0
Biswanathpur	25	292	203998	852435	0
Biswanathpur	25	546	210014	841685	0
Biswanathpur	25	372	207780	842428	0
Biswanathpur	25	399	208682	844408	0
Biswani	19	449	229781	805879	0
Biswani	19	153	221489	741913	0
Biswani	19	153	221364	741705	0
Biswania	4	615	261240	841832	0
Biswapur	33	637	262264	817535	0
Biswar	4	615	262053	841208	0
Biswar Akbarpur	11	524	283043	769498	0
Biswara	33	282	277409	815129	0
Biswari	19	322	263218	791079	0
Biswari ka Pura	19	322	265637	783700	0
Biswari Khrera	11	722	280400	773122	0
Biswaria	33	282	275948	815814	0
Biswaria Debi Lal	33	522	271037	822455	0
Biswaria Meharban	33	522	271060	822385	0
Biswaria Sohbat Singh	33	522	270373	821768	0
Biswas	4	457	268671	844740	0
Biswasdih	14	434	241873	864371	0
Biswasdih	14	434	241372	863284	0
Biswasgarh	6	388	217252	832607	0
Biswaskhani	14	570	250464	871740	0
Biswaspur	6	611	216940	832345	0
Biswaspur	4	136	256357	857932	0
Biswaspur	4	396	250756	871886	0
Biswaspur	4	590	258186	876279	0
Biswaspur	4	602	257161	879905	0
Biswatanr	14	498	237405	858877	0
Biswauraontoli	14	740	235229	848576	0
Bisweshwarpur	25	527	201472	850587	0
Biswi	33	575	262321	821891	0