Borivli	20	200	192350	728598	609617
Borsad	10	155	224079	728982	63377
Borawar	28	414	270237	746758	24975
Boriavi	10	155	226112	729328	19865
Borgaon	20	141	207227	786039	19759
Borkheri	20	139	209479	790151	13294
Bori	20	139	209121	790045	12072
Bora	19	16	236585	768112	9886
Borigumma	6	-1	190468	825532	9785
Boraj	28	428	264541	746103	8780
Borpukhuri	3	677	260155	928452	8318
Borim	9	24	153667	740000	8257
Borgaon	19	325	215611	788131	7497
Borio	14	442	250344	875925	6964
Borlai Panchaitan	20	17	181701	730044	6952
Borivali Tarf Rahur	20	237	193755	731792	5780
Borla	6	517	221640	812185	5689
Borgolai Grant No.11	3	441	272870	957155	5241
Borigam	25	423	193585	848061	4855
Borkhera	28	339	255212	756403	3440
Bor	12	460	310100	774584	0
Bor	6	681	216931	813425	0
Bor	19	443	222537	777119	0
Bor	19	443	221540	775390	0
Bor	19	568	228433	784069	0
Bor	19	503	230067	793306	0
Bor	12	514	307741	775025	0
Bor	28	23	244289	728902	0
Bor	10	124	231907	731993	0
Bor	28	550	252708	737017	0
Bor	4	136	259241	860198	0
Bor Ali	3	501	269932	946334	0
Bor Bigha	4	507	251226	849175	0
Bor ka Baria	28	298	256464	741465	0
Bor Kalan	19	502	241071	796127	0
Bor Kher	19	16	239720	765559	0
Bor Khera Kalan	19	648	226711	772267	0
Bor Kheri	19	334	237654	762318	0
Bor Kheri Kabal	19	334	239868	760740	0
Bor Kheri Saloki	19	334	238506	761463	0
Bor ki Dhani	28	120	269558	757010	0
Bor-No-Math	10	124	231910	731938	0
Bora	11	425	297361	754976	0
Bora	12	604	309295	770953	0
Bora	34	430	306134	778948	0
Bora	27	647	309633	760341	0
Bora	20	168	214955	799779	0
Bora	13	358	330145	757123	0
Bora	6	611	215406	827662	0
Bora	27	284	312013	761939	0
Bora	19	129	227227	749865	0
Bora	34	413	296687	798577	0
Bora	33	116	281188	793850	0
Bora	4	396	251144	872046	0
Bora	14	628	230818	858557	0
Bora Baihk	13	289	341332	740529	0
Bora Chhari	13	1	338439	742489	0
Bora Dera	33	621	256639	797127	0
Bora ka Gurha	28	22	246604	737393	0
Bora Kondasanvali	6	577	185146	812406	0
Bora Pochampalli	31	717	187046	791207	0
Bora Sadhupur	27	624	308109	764182	0
Borabadarpur	25	281	219603	857124	0
Borabagar	34	533	293145	798670	0
Borabhuj	28	23	245078	729961	0
Borachhapar	6	384	227438	841018	0
Borad	20	182	216220	743369	0
Boradah	14	673	241870	842540	0
Boradi	20	185	215204	748943	0
Boradigudem	31	46	174789	813475	0
Boradih	6	611	215424	827758	0
Boradih	14	310	228923	845383	0
Boradoro	14	276	227198	856577	0
Boragam	25	108	186350	822000	0
Boraganhalli	15	97	136246	760563	0
Boragantlapalle	1	190	138917	784656	0
Boragaon	34	413	298713	793053	0
Boragaon	34	413	294951	797791	0
Boragaon	25	527	202358	852024	0
Boragapara	6	392	187395	813512	0
Boragatta	15	352	148340	764396	0
Boragavalasa	1	453	184683	838870	0
Boragoan	34	413	298995	793587	0
Boragondanahalli	15	265	144652	760034	0
Boragpalli	31	447	178883	787375	0
Boraguda	25	305	188951	823622	0
Borah Khurd	33	682	274467	784168	0
Boraha	19	326	231513	784360	0
Borahalli	15	97	135784	755318	0
Borahi	19	638	248957	800218	0
Borahtoli	14	310	228181	848648	0
Borai	6	627	200781	818721	0
Borai	6	490	215177	811342	0
Borai	6	275	212509	811918	0
Borai	19	338	238572	791254	0
Borai	25	349	190985	839711	0
Boraigudem	20	134	187376	801722	0
Boraigudem	31	229	186836	802131	0
Boraj	28	120	268674	754481	0
Boraj	20	132	212529	777810	0
Boraj	31	271	194660	785915	0
Boraj	28	550	251017	738351	0
Boraj	28	22	241536	741155	0
Boraj ka Khera	28	550	251071	738435	0
Borakalu	1	258	183307	830593	0
Borakatte	15	248	131785	750280	0
Borakhand	34	533	291432	800177	0
Borakhedi	20	67	204069	785327	0
Borakura	28	22	248026	739404	0
Boral	12	514	307329	775699	0
Boral	15	167	177169	773670	0
Borala	20	49	205013	763345	0
Borala	20	132	212890	773741	0
Borala	20	132	211743	773745	0
Borala	20	132	211869	777609	0
Borala	20	132	209511	774468	0
Borala	20	182	214812	745975	0
Borala	20	182	214762	743749	0
Borala Vadi	20	78	212041	756213	0
Borale	20	54	204893	747492	0
Borali	28	120	270116	755980	0
Borali	19	239	217869	749491	0
Boralwari	20	616	198393	770655	0
Boramamidi	1	258	181319	825286	0
Boramani	20	131	177198	760242	0
Boramani Tanda	20	131	177354	760216	0
Boramgutta	31	160	192200	791537	0
Borampalli	31	90	188594	798650	0
Borampalli	20	134	189790	799781	0
Borampatti	30	109	119564	779249	0
Borampet	1	258	175992	823223	0
Borampur	25	281	219564	856771	0
Boran	25	572	202471	825723	0
Boran	27	624	306017	764558	0
Boran	4	136	259062	860387	0
Boran Kalan	33	682	274170	784007	0
Borana	28	210	276437	721269	0
Borana	28	113	276975	770883	0
Borana	20	132	212752	779290	0
Borana	19	153	223101	743818	0
Borana	28	298	254232	741390	0
Boranadiwadi	20	48	179357	761968	0
Boranahalli	15	352	148254	762439	0
Boranakunte	15	246	139085	767176	0
Boranara	6	374	225989	826522	0
Borancha	31	32	179298	777804	0
Boranchichhal	31	160	192274	797714	0
Borand Buzurg	20	151	191639	767027	0
Borand Khurd	20	151	191913	767112	0
Boranda	20	168	213151	801008	0
Borandiguda	25	305	189906	824647	0
Borang	14	310	235334	844036	0
Boranga	14	276	223683	851629	0
Boranguddi	15	59	148286	750313	0
Borani	28	113	276960	770850	0
Borani-ka-Bara	28	298	256490	752946	0
Borano ki Dhani	28	288	280078	756370	0
Boransi	34	589	300767	789846	0
Borantoli	14	476	227530	849297	0
Borapahari	14	434	240126	863319	0
Borapai	25	349	193408	832809	0
Borapala	6	285	203757	822798	0
Borapalem	1	258	182068	828280	0
Borapeta	1	176	180463	835653	0
Borapura	15	93	127157	764068	0
Borapura	15	93	126296	766999	0
Borapura	15	93	125364	770221	0
Boraput	1	258	182451	828406	0
Borara	28	298	252824	745823	0
Borara	28	428	262077	750461	0
Borara	28	487	252408	770672	0
Borara	25	572	205055	824879	0
Borarakhera	28	22	245344	735310	0
Borari	19	202	220903	762324	0
Borari	19	335	230472	748358	0
Boras	27	624	305978	765332	0
Borasa	19	311	229445	762205	0
Borasagar	6	388	219211	830930	0
Borasamudra	15	92	137210	770078	0
Borasara	6	388	218504	828632	0
Borasilli	19	461	227467	806113	0
Borasingipeta	1	176	182718	833366	0
Borat	19	568	225989	774278	0
Borata	20	132	216098	772343	0
Boratande	1	258	181282	825229	0
Borath	20	169	208202	774605	0
Borati	20	67	202865	784917	0
Borati	20	67	202741	785084	0
Boratwada	10	231	237233	719264	0
Borauli	33	613	282624	778797	0
Boraval Budrukh	20	78	211028	757077	0
Boraval Khurd	20	78	211233	757019	0
Boravelli	31	295	160254	779719	0
Boravh Buzurg	20	127	203979	774097	0
Boravha Khurd	20	127	202907	774675	0
Borawali	27	545	309980	748444	0
Borban	20	139	214799	792118	0
Borban	19	30	214641	767736	0
Borban	20	110	198387	796986	0
Borbandha	6	627	202381	818146	0
Borbari	19	202	215764	761628	0
Borbhata	6	578	190292	820678	0
Borbhata	6	578	190840	821181	0
Borbhator	28	163	233326	743348	0
Borbil	3	501	269893	947498	0
Borbila	3	715	264728	908083	0
Borboha	3	677	260152	929252	0
Borchak	20	182	213212	740234	0
Borchak Pada	20	182	213185	740315	0
Borchapra	10	125	220409	740629	0
Borchauki	20	78	213547	754052	0
Borchiguda	25	349	195794	837934	0
Borchori	19	153	225214	746192	0
Bord Kalan	20	139	207154	794379	0
Borda	28	402	249769	745523	0
Borda	19	324	240521	769733	0
Borda	28	339	255617	756944	0
Borda	28	357	256497	763772	0
Borda	25	273	201593	829838	0
Borda	28	115	264626	761614	0
Borda	20	132	209360	781164	0
Borda	28	487	253268	764625	0
Borda	28	487	250541	768475	0
Borda	28	321	246523	762208	0
Borda	28	321	245722	763490	0
Borda	28	321	244251	765222	0
Borda	28	321	242721	767910	0
Borda	20	67	200021	788284	0
Borda	20	139	214479	792735	0
Borda	20	139	212761	792602	0
Borda	19	311	226462	770871	0
Borda	19	326	229286	776461	0
Borda	20	110	200155	794324	0
Borda	20	151	188252	767357	0
Borda	28	357	249208	763363	0
Borda	28	487	249513	764480	0
Borda	20	110	202315	790215	0
Borda	20	-1	214636	740755	0
Borda	20	616	195417	772608	0
Borda	19	153	223981	743759	0
Borda	6	669	217815	825721	0
Borda	20	390	209871	800753	0
Borda	20	168	208569	800784	0
Borda	28	302	257783	753293	0
Borda	19	303	233747	762046	0
Borda	25	305	184891	828021	0
Borda	25	305	185055	828043	0
Borda	19	547	232484	749762	0
Borda	31	160	194066	793132	0
Borda	20	110	198784	795940	0
Borda Pada	20	182	212349	741096	0
Bordabra	28	163	232063	742156	0
Bordadhakar	19	303	232056	761222	0
Bordaha	19	313	242419	811039	0
Bordai	19	354	220556	795526	0
Bordakata	25	297	209686	840944	0
Bordakhera	19	648	227915	774060	0
Bordala	20	112	203643	755438	0
Bordamanda	19	303	231882	760402	0
Bordaput	1	258	181226	825522	0
Bordaputi	6	17	218156	832390	0
Bordar Kalan	27	704	309377	766954	0
Bordavalasa	25	305	185018	828108	0
Bordawda	19	317	222571	758168	0
Borde Karar	20	168	208017	799704	0
Bordehi	6	517	219366	814190	0
Bordehi Khas	19	443	220053	783527	0
Bordehi Khurd	19	325	220801	784303	0
Bordevi	20	34	190637	760003	0
Bordha	19	568	223760	777781	0
Bordha	19	324	241537	772759	0
Bordha	20	132	217401	774132	0
Bordha	20	110	205082	794883	0
Bordha	20	110	203304	799394	0
Bordha	19	568	223791	777352	0
Bordha	20	134	206936	800485	0
Bordha	20	134	203237	800701	0
Bordhana	19	443	219100	775545	0
Bordhar	19	202	222085	763691	0
Bordharan Colony	20	141	209557	787089	0
Bordhatola	20	134	203269	800645	0
Bordi	20	187	201157	727388	0
Bordi	19	325	217729	791569	0
Bordi	19	648	227924	774215	0
Bordi	20	127	202585	770330	0
Bordi	20	169	211524	770313	0
Bordi	20	132	211925	774908	0
Bordi	19	335	230737	746280	0
Bordi	19	142	214307	805316	0
Bordi	10	124	231404	732951	0
Bordi	10	177	229996	734537	0
Bordi	28	263	254217	735079	0
Bordi	10	170	228640	743494	0
Bordi Kalan	19	648	229630	770971	0
Bordi Khurd	19	648	228977	769833	0
Bordia	19	630	243744	750929	0
Bordiala	10	133	242062	728938	0
Bordih	6	681	218410	817153	0
Bordih	6	620	207104	807709	0
Bordih	25	262	218234	850085	0
Bordih	25	262	218191	848699	0
Bordihi	14	276	227051	855418	0
Bordilanpet	30	184	129474	788628	0
Bordimpeta	1	207	132187	786485	0
Bordoh	20	139	212912	786412	0
Bordoloni	3	287	274029	944187	0
Bordongri	19	142	216990	797582	0
Bordubi	3	441	273995	953125	0
Bordumsa	2	73	275132	958826	0
Bordungi	25	423	201420	847813	0
Borduria	2	383	270317	954771	0
Borduttighat	3	341	269500	939667	0
Bore	6	611	215911	833476	0
Bore	28	23	244122	729099	0
Bore	15	59	149063	743294	0
Bore Koppal	15	74	123495	763567	0
Bore Purwa	33	654	261292	813022	0
Borea	14	541	234275	853529	0
Borea	14	498	237745	858914	0
Borebhata	25	273	199477	831279	0
Borebhata	25	273	197128	833979	0
Boredevaragudda	15	352	147474	763097	0
Boregaon	20	131	176742	761368	0
Boregaon	6	275	213287	813454	0
Boregaon	31	346	190726	780268	0
Boregaon	31	271	194602	784961	0
Boregaon	20	110	205898	794294	0
Boregaon	6	620	202149	804484	0
Boregaudanahalli	15	93	125783	765147	0
Boregaudanahalli	15	93	126123	766254	0
Boregaudandoddi	15	603	124438	773176	0
Boregowdanpalya	15	92	127973	770895	0
Boreguda	25	273	197948	830123	0
Boreguda	25	273	199581	832083	0
Boreguda	25	273	195692	831006	0
Borehalli	15	603	128438	773581	0
Borela	28	550	250250	738104	0
Boreli	6	627	202114	818827	0
Borelia	19	311	226120	768149	0
Boremelanakoppal	15	93	125736	766145	0
Boremill	15	43	130684	775029	0
Boren	28	487	250567	768620	0
Borenahalli	15	246	140784	763143	0
Borenjapara	6	676	201917	812511	0
Borepalli	31	160	193172	795544	0
Borepalli	31	160	195195	798382	0
Borepur	33	33	256914	823226	0
Boresar	19	509	251373	786648	0
Boresara	6	393	213966	830818	0
Boreta	28	463	272826	765519	0
Boreta	14	276	224671	851098	0
Boretola	6	517	217510	811099	0
Borewal Afghanan	27	214	318158	750111	0
Borewal Kang	27	214	317814	750244	0
Boreya	14	541	233410	850814	0
Borgahan	6	642	209381	812018	0
Borgahan	6	642	208817	813621	0
Borgam	25	499	191590	821892	0
Borgampad	31	60	176423	808693	0
Borgaon	19	202	216212	763278	0
Borgaon	20	141	209622	785603	0
Borgaon	20	138	195457	775416	0
Borgaon	20	-1	165983	745122	0
Borgaon	34	589	297822	786549	0
Borgaon	3	343	265971	908032	0
Borgaon	20	141	213176	781857	0
Borgaon	19	443	217084	782930	0
Borgaon	19	443	219144	782767	0
Borgaon	19	325	216727	784462	0
Borgaon	20	141	211374	783806	0
Borgaon	19	325	219847	786162	0
Borgaon	20	139	211186	786195	0
Borgaon	20	139	210051	789045	0
Borgaon	20	139	212222	789794	0
Borgaon	20	141	209187	782488	0
Borgaon	20	67	205206	780789	0
Borgaon	20	67	204612	781987	0
Borgaon	20	48	185601	761315	0
Borgaon	20	151	189115	768633	0
Borgaon	20	131	176494	763112	0
Borgaon	6	642	205350	811240	0
Borgaon	6	676	201916	815465	0
Borgaon	6	634	200780	815885	0
Borgaon	20	138	190181	770861	0
Borgaon	20	138	190424	773327	0
Borgaon	31	346	190545	778541	0
Borgaon	20	138	186666	774512	0
Borgaon	15	167	184377	773271	0
Borgaon	20	138	188076	776260	0
Borgaon	20	138	184984	775084	0
Borgaon	20	67	200774	780581	0
Borgaon	20	67	201280	781406	0
Borgaon	20	132	208118	782944	0
Borgaon	20	132	207025	782783	0
Borgaon	20	141	205753	786219	0
Borgaon	20	139	209187	788888	0
Borgaon	20	141	208133	788390	0
Borgaon	20	141	205872	788592	0
Borgaon	20	141	205123	788108	0
Borgaon	20	67	199788	785878	0
Borgaon	20	139	211573	794828	0
Borgaon	20	139	210994	793902	0
Borgaon	19	354	217966	795205	0
Borgaon	19	30	213355	762344	0
Borgaon	20	127	202501	770548	0
Borgaon	20	132	208712	776785	0
Borgaon	20	132	206918	777129	0
Borgaon	19	443	219328	776903	0
Borgaon	19	443	217024	776646	0
Borgaon	19	443	219184	777901	0
Borgaon	19	443	217745	777619	0
Borgaon	20	132	209898	778124	0
Borgaon	20	169	206698	774714	0
Borgaon	20	67	202155	778821	0
Borgaon	20	390	212464	797778	0
Borgaon	20	390	211480	799600	0
Borgaon	20	390	211029	798820	0
Borgaon	20	139	209666	792962	0
Borgaon	20	139	207057	794797	0
Borgaon	20	110	206651	794617	0
Borgaon	20	390	208893	797566	0
Borgaon	20	390	208321	798609	0
Borgaon	20	110	206005	798863	0
Borgaon	20	110	203952	790355	0
Borgaon	20	110	204000	791631	0
Borgaon	20	110	203196	790576	0
Borgaon	20	110	202656	791819	0
Borgaon	20	110	204739	793435	0
Borgaon	20	67	203783	779598	0
Borgaon	20	138	196835	781013	0
Borgaon	31	271	195686	785289	0
Borgaon	20	67	199156	789732	0
Borgaon	31	271	196444	787646	0
Borgaon	19	443	216649	780806	0
Borgaon	20	139	213464	789260	0
Borgaon	20	390	210643	796341	0
Borgaon	20	390	210506	796987	0
Borgaon	20	168	213274	799194	0
Borgaon	20	139	208485	790564	0
Borgaon	20	139	207797	790521	0
Borgaon	20	67	200636	790624	0
Borgaon	20	67	196770	779805	0
Borgaon	31	346	189728	780003	0
Borgaon	31	75	186518	781186	0
Borgaon	20	54	200702	744451	0
Borgaon	20	112	203471	755007	0
Borgaon	20	53	202702	758677	0
Borgaon	20	168	213696	801346	0
Borgaon	19	142	215796	804250	0
Borgaon	20	168	210095	803884	0
Borgaon	20	168	210097	804067	0
Borgaon	20	168	211115	803709	0
Borgaon	20	78	211232	750194	0
Borgaon	19	317	219330	757096	0
Borgaon	19	317	218987	756262	0
Borgaon	19	317	218590	755524	0
Borgaon	19	317	218115	756884	0
Borgaon	19	317	220086	760897	0
Borgaon	34	413	296982	791096	0
Borgaon	34	530	293183	794246	0
Borgaon	34	692	298228	797523	0
Borgaon	34	692	297957	797633	0
Borgaon	20	185	213347	748322	0
Borgaon	20	110	198940	795551	0
Borgaon	20	110	197665	796695	0
Borgaon	31	160	192819	795556	0
Borgaon	20	110	198699	791406	0
Borgaon	20	110	198584	791410	0
Borgaon	20	110	199922	791207	0
Borgaon	20	110	196893	790066	0
Borgaon	20	110	196867	790163	0
Borgaon	20	112	201496	755855	0
Borgaon	1	-1	192447	784622	0
Borgaon	1	-1	191591	782800	0
Borgaon	1	-1	190831	784825	0
Borgaon	20	139	211803	790539	0
Borgaon	20	139	212972	789617	0
Borgaon Bhonsle	20	110	203766	791033	0
Borgaon Budrukh	20	78	209541	752807	0
Borgaon Budrukh	20	78	208688	758793	0
Borgaon Buzurg	20	34	186366	759463	0
Borgaon Buzurg	20	390	207900	797256	0
Borgaon Dori	20	132	211793	775335	0
Borgaon Jahagir	20	151	194419	765634	0
Borgaon Jangli	20	139	214389	788042	0
Borgaon Kasari	20	112	202328	756551	0
Borgaon Khadak	20	53	201248	757250	0
Borgaon Khurd	19	325	215646	788949	0
Borgaon Khurd	20	53	195478	760955	0
Borgaon Khurd	19	202	217861	763326	0
Borgaon Khurd	20	169	206359	772567	0
Borgaon Khurd	20	78	209520	752816	0
Borgaon Khurd	20	78	208728	758756	0
Borgaon Majra	20	139	207656	791001	0
Borgaon Manju	20	169	207214	771528	0
Borgaon Mohan	20	132	212143	776096	0
Borgaon Nandari	20	138	192032	774337	0
Borgaon Nandora	20	141	208182	785490	0
Borgaon Peth	20	132	211931	775396	0
Borgaon Sarvani	20	112	203424	755011	0
Borgaon Savli	20	141	208234	785352	0
Borgaon Talni	20	132	211815	775387	0
Borgaon Tanda	20	53	195471	760794	0
Borgaon Tanda	20	156	185432	762761	0
Borgaon Taru	20	53	201319	757774	0
Borgaon Telango	20	138	191207	772472	0
Borgaon Thadi	20	138	186953	775642	0
Borgapur	20	139	211610	790933	0
Borgavhan	20	151	193135	764149	0
Borgbar	20	226	178190	734184	0
Borghat	19	239	215783	750595	0
Borghat	20	110	199311	797836	0
Borghati	19	648	227010	774156	0
Borghoria	3	709	266020	937969	0
Borgi	31	32	182693	776423	0
Borgi	15	80	168104	762497	0
Borgi Janwada	15	167	181405	775100	0
Borgi Tanda	31	32	182715	776700	0
Borgondanpalya	15	603	131272	770725	0
Borgondi	20	139	212686	786279	0
Borguda	6	577	184126	816825	0
Borha	14	310	235597	843711	0
Borha	14	678	237566	845934	0
Borha Milik	35	587	259394	878910	0
Borhagarh	25	281	213892	855242	0
Borhakot	34	530	294408	795642	0
Borharihi	4	590	259358	870126	0
Borhi	4	136	258515	861722	0
Borhula	3	709	260306	938766	0
Bori	19	153	225130	746930	0
Bori	19	568	224416	782623	0
Bori	19	446	221361	774208	0
Bori	20	132	213035	769662	0
Bori	20	67	198695	785769	0
Bori	20	151	194910	767318	0
Bori	20	52	191167	741000	0
Bori	20	17	188667	729167	0
Bori	20	156	183715	766955	0
Bori	28	163	235778	741088	0
Bori	20	134	195022	799433	0
Bori	12	653	313768	774686	0
Bori	19	568	226891	784022	0
Bori	19	443	219572	780002	0
Bori	20	141	211675	784951	0
Bori	20	139	213558	786709	0
Bori	28	22	244816	731537	0
Bori	28	22	240521	738394	0
Bori	20	134	197049	805921	0
Bori	6	490	214452	810893	0
Bori	6	642	208520	811824	0
Bori	6	455	211464	810526	0
Bori	6	275	213531	812730	0
Bori	6	275	210975	813531	0
Bori	20	141	207981	783930	0
Bori	20	141	209457	787056	0
Bori	20	67	202417	787770	0
Bori	20	110	202582	788457	0
Bori	19	325	223683	792035	0
Bori	19	354	220594	796960	0
Bori	19	325	218389	790136	0
Bori	20	139	213667	794053	0
Bori	20	139	212078	793037	0
Bori	19	648	227038	770673	0
Bori	19	648	227850	774701	0
Bori	20	132	215349	770903	0
Bori	19	443	217886	774223	0
Bori	20	132	215813	774583	0
Bori	19	443	219829	776704	0
Bori	20	67	201587	777243	0
Bori	20	132	214256	773764	0
Bori	20	132	206746	779428	0
Bori	20	127	201189	772622	0
Bori	20	67	202296	779665	0
Bori	20	139	213278	795074	0
Bori	20	139	209330	794840	0
Bori	20	141	204724	791085	0
Bori	20	67	195164	781256	0
Bori	20	67	194506	778218	0
Bori	20	67	204719	785287	0
Bori	20	67	202599	787094	0
Bori	19	512	240400	801375	0
Bori	19	313	240815	805469	0
Bori	19	607	243171	824224	0
Bori	20	139	210441	795378	0
Bori	20	390	213753	797837	0
Bori	20	390	212571	798016	0
Bori	20	67	199505	776736	0
Bori	20	134	194408	803264	0
Bori	19	461	224461	802350	0
Bori	6	642	207925	812983	0
Bori	19	142	219170	800323	0
Bori	19	142	217902	802624	0
Bori	19	142	215017	804157	0
Bori	19	142	214566	804932	0
Bori	19	142	217264	805972	0
Bori	19	142	214725	806694	0
Bori	19	142	218695	807926	0
Bori	19	142	218551	807946	0
Bori	20	168	207026	800323	0
Bori	20	134	203434	800751	0
Bori	20	134	203266	801960	0
Bori	20	134	206866	805674	0
Bori	1	194	188890	836130	0
Bori	28	493	238277	736786	0
Bori	28	550	253393	737545	0
Bori	34	489	296742	799817	0
Bori	28	22	240172	741574	0
Bori	19	311	226082	764035	0
Bori	19	311	226058	764118	0
Bori	19	239	218198	748273	0
Bori	19	202	222883	767125	0
Bori	20	134	198983	798143	0
Bori	20	57	158615	740782	0
Bori	20	67	198100	790032	0
Bori	20	616	197997	773764	0
Bori Arab	20	67	203489	778634	0
Bori Bandri	19	202	219851	767176	0
Bori Bandri	19	202	219748	767459	0
Bori Buzurg	20	138	188261	772747	0
Bori Buzurg	19	30	214533	761069	0
Bori Buzurg	20	67	203450	778563	0
Bori Hamesha	19	142	216218	797990	0
Bori ka Khera	28	22	245786	740475	0
Bori Khera	33	654	261372	808422	0
Bori Khurd	19	443	219735	781881	0
Bori Khurd	20	138	188359	771134	0
Bori Khurd	19	354	219209	797382	0
Bori Khurd	19	30	213696	762952	0
Bori Khurd	20	67	198777	775500	0
Bori Machendra	20	67	198706	775623	0
Bori Mahal	20	67	204378	783610	0
Bori Majra	20	139	207682	791043	0
Bori Nagli	12	-1	304418	774551	0
Bori Pipardahi	19	461	223998	801864	0
Bori Rampur	19	208	235263	780791	0
Bori Sawargaon	20	34	186585	762417	0
Boria	28	609	238932	745196	0
Boria	10	29	225604	717344	0
Boria	25	273	201419	831907	0
Boria	20	226	174000	731833	0
Boria	19	326	234637	785501	0
Boria	19	338	234363	789527	0
Boria	28	22	242259	733735	0
Boria	28	120	270274	755822	0
Boria	6	681	217409	814238	0
Boria	6	681	214896	814532	0
Boria	6	275	211917	813653	0
Boria	19	576	233422	798418	0
Boria	19	325	217025	790149	0
Boria	19	502	234009	792766	0
Boria	19	354	226528	794310	0
Boria	33	31	268277	812617	0
Boria	20	134	193466	804782	0
Boria	19	461	228497	802135	0
Boria	19	461	225136	803223	0
Boria	20	134	201323	803387	0
Boria	6	517	222660	813035	0
Boria	6	681	216858	816833	0
Boria	6	681	216797	816912	0
Boria	28	22	241873	730999	0
Boria	4	136	257137	859953	0
Boria	4	136	257157	860034	0
Boria	10	177	230431	736590	0
Boria	14	541	233985	857092	0
Boria	6	681	217534	814647	0
Boria Brahman	6	620	204514	808799	0
Boria Kalan	6	299	211833	816833	0
Boria Kalan	19	354	226645	797245	0
Boria Kamalpur	11	500	282601	765564	0
Boria Khera	33	659	271997	805878	0
Boria Khurd	6	299	211985	816447	0
Boria Khurd	19	354	226647	797388	0
Boria Mota	10	140	232098	736908	0
Boria Tibhu	6	620	204728	808789	0
Boriabhit	10	170	230863	740182	0
Boriadih	4	136	257054	860060	0
Boriagaon	3	585	266991	912778	0
Boriajhar	6	393	210687	821406	0
Borian	4	520	258594	847036	0
Borias	28	463	277722	764843	0
Boriathatola	4	520	259823	846801	0
Boriawan	4	510	256455	858944	0
Boriawan	4	495	252533	852562	0
Boribhata	25	349	194574	832072	0
Borid	6	642	206747	811502	0
Borid	6	299	211852	819236	0
Borid	6	275	209920	815160	0
Borid	6	393	213940	822675	0
Borid	6	285	209717	820639	0
Borid Kalan	6	642	206412	814910	0
Borid Khurd	6	627	206489	815071	0
Borida	6	611	216289	830019	0
Borida	6	611	216429	834241	0
Boridebar	10	205	241573	731074	0
Boridhana	19	443	219351	773144	0
Boridhar	12	460	311476	773110	0
Borigam	25	349	198051	835046	0
Borigam	6	578	192988	820583	0
Borigaon	3	719	263660	924530	0
Borigaon	28	163	234783	742719	0
Boriguda	1	258	183192	829641	0
Boriguda	25	349	199027	834297	0
Boriguda	25	349	195474	833125	0
Boriguda	25	349	196578	834677	0
Boriguda	25	349	196554	834785	0
Boriguda	25	349	195699	834596	0
Boriguda	25	108	184186	823533	0
Boriguda	25	349	194658	834790	0
Boriguda	25	349	193105	834424	0
Boriguda	25	349	191257	834333	0
Boriguda	25	349	193806	836089	0
Boriguda	25	305	187649	827828	0
Boriguda	25	349	191197	835271	0
Boriguda	25	373	201803	842324	0
Borigumma	25	273	196461	831029	0
Borigumma	25	349	191308	831606	0
Borihir	19	607	242654	823686	0
Borikh	34	589	299922	787385	0
Borikhas	19	443	217314	778173	0
Borikheda	20	132	214609	770012	0
Borikhera	28	487	244969	766388	0
Borikhera	19	142	217335	796738	0
Borikia	25	373	200602	842313	0
Borikina	25	438	201319	863225	0
Borikonda	25	305	188539	830767	0
Borikoppa	15	333	138446	751362	0
Borikoppal	15	93	127679	767805	0
Borikuva	10	126	215429	740265	0
Borila	12	514	307325	773796	0
Borilapadu	25	305	185853	825094	0
Borimadho	28	263	256954	738667	0
Borina Kalan	28	357	248750	762579	0
Borina Khurd	28	357	248632	762505	0
Boringbai	25	349	191917	835983	0
Boringi	25	349	195228	830947	0
Boringpadar	25	273	198913	833185	0
Boringpadar	25	273	197440	834390	0
Borio	14	633	245450	877910	0
Boripadar	25	349	195968	832767	0
Boripanga	25	373	202000	842069	0
Boriponga	25	373	201259	842371	0
Boriponga	25	373	200229	842634	0
Boripur	11	482	302032	768430	0
Boriputtu	25	305	190824	831575	0
Boriputtu	25	305	189585	826575	0
Boris	20	185	210727	746315	0
Borisaray	19	202	220003	768202	0
Borisikholo	25	373	203391	842838	0
Borisingh	20	67	201510	780856	0
Boritola	20	168	212943	802082	0
Boritola	19	142	214678	804970	0
Boritola	20	134	206947	805637	0
Borivali West	20	200	192361	728338	0
Boriwala	12	514	305087	774297	0
Boriya	6	681	217379	814087	0
Boriya	19	325	220435	789716	0
Boriya	19	325	226710	791733	0
Boriya	19	503	227812	794070	0
Boriya	19	503	229057	795128	0
Boriya	19	354	223061	795655	0
Boriya	19	354	223652	796431	0
Boriya	19	354	224398	796908	0
Boriya	19	635	227216	756899	0
Boriya	19	202	222387	765930	0
Boriya	4	687	258139	853375	0
Boriyajhar	6	285	208342	822403	0
Boriyan	13	359	327405	754839	0
Boriyapura	28	113	268379	772495	0
Boriyapura	28	298	253261	743278	0
Borja	20	616	196198	770864	0
Borja	6	578	189996	815572	0
Borja	20	616	198147	773413	0
Borjai	20	67	204550	784669	0
Borjai	20	67	203213	779920	0
Borjam	31	160	192539	792683	0
Borjan	24	147	267649	948335	0
Borjan	11	353	294186	761245	0
Borjawla	20	49	207287	763687	0
Borjay	6	80	188544	807701	0
Borjhar	19	153	224366	744397	0
Borjhara	6	299	213099	815834	0
Borjhara	6	627	208836	815592	0
Borjheri	28	321	242742	763078	0
Borjkhera	28	487	244980	766454	0
Borjunni	20	138	189562	776342	0
Borka	3	612	262899	916725	0
Borka	13	529	332468	751948	0
Borka	20	110	197459	793278	0
Borkaipara	6	577	186905	815674	0
Borkanda Sapatgram	3	540	262309	901530	0
Borkanhar	20	168	213228	803963	0
Borkanhar	6	620	202600	807213	0
Borkapani	28	22	242202	742542	0
Borkapani	28	22	242456	743279	0
Borkela	14	276	225564	856905	0
Borkesri	25	368	219998	857101	0
Borkhabar	28	163	233845	744655	0
Borkhalya	19	311	225577	764473	0
Borkhari	19	326	230818	778563	0
Borkhed	20	34	187431	756266	0
Borkhed	20	34	190612	764369	0
Borkhed	20	49	205670	762711	0
Borkhed	20	53	204914	758580	0
Borkheda	20	78	212371	760564	0
Borkheda	20	78	212581	753578	0
Borkheda	20	78	210372	753868	0
Borkheda	19	317	217061	759697	0
Borkheda Bedrukh	20	78	212083	758327	0
Borkheda Budrukh	20	78	205556	750325	0
Borkheda Budrukh	20	78	209452	752502	0
Borkheda Khurd	20	78	204936	750770	0
Borkheda Khurd	20	78	212046	757613	0
Borkheda Sim	20	78	211800	758996	0
Borkhedi	20	139	208613	789699	0
Borkhedi	20	141	212041	782609	0
Borkhedi	20	141	208646	786484	0
Borkhedi	20	132	209416	775684	0
Borkhedi	20	49	198997	762645	0
Borkhedi	20	49	198942	763325	0
Borkhedi	19	239	220150	746565	0
Borkhedi	20	185	207362	746671	0
Borkhedi	20	53	201746	759487	0
Borkhedi Buzurg	20	132	209411	775599	0
Borkhedi Jalal	20	49	199210	761812	0
Borkhedi Kalan	20	141	208934	786380	0
Borkhedi Vavra	20	49	199866	760937	0
Borkher	19	153	223172	743527	0
Borkhera	28	115	263792	761868	0
Borkhera	19	202	216785	764811	0
Borkhera	19	317	217063	761531	0
Borkhera	19	202	216183	762183	0
Borkhera	19	568	223882	777465	0
Borkhera	19	568	223936	777647	0
Borkhera	19	568	223677	778568	0
Borkhera	19	202	219674	770317	0
Borkhera	28	339	255097	754791	0
Borkhera	19	16	235462	769153	0
Borkhera	19	648	231096	768169	0
Borkhera	19	311	229255	761844	0
Borkhera	10	170	227854	743169	0
Borkhera Kalan	19	202	221173	766126	0
Borkhera Khurd	19	202	220716	766414	0
Borkhera Purbia	19	311	228917	762941	0
Borkheri	28	339	254738	755992	0
Borkheri	20	139	213942	786854	0
Borkheri	28	321	245638	764884	0
Borkheri	28	321	244335	762617	0
Borkheri	28	321	244071	764512	0
Borkheri	28	487	244431	767374	0
Borkheri	19	324	243093	768744	0
Borkheri	19	443	215264	775277	0
Borkheri	20	132	214540	772872	0
Borkheri	20	127	199838	766678	0
Borkheri	19	334	237755	763671	0
Borkheri	19	325	216208	785120	0
Borkheri	20	127	199392	771070	0
Borkheri	19	635	225736	757920	0
Borkheri	19	635	225101	757810	0
Borkheri	28	163	232281	743944	0
Borkheri	28	163	231412	743813	0
Borkheri	19	334	236778	761937	0
Borkheri	19	303	234735	761577	0
Borkheri	19	311	231687	760404	0
Borkheri	28	163	234946	743537	0
Borkheri	19	202	222667	766105	0
Borkheri Dhakar	19	311	230184	760781	0
Borkheri Guiran	28	321	242585	764671	0
Borkhi	19	443	219322	781083	0
Borki	10	145	229226	705655	0
Borki	6	642	207512	812836	0
Borkinhi	20	151	196465	764709	0
Borkisapda	20	182	217154	741361	0
Borkogudiam	6	577	184252	815210	0
Borkua	19	153	222029	743312	0
Borkua	19	153	222216	743431	0
Borkui	19	153	225725	746825	0
Borkund	20	185	207168	748230	0
Borkund	19	443	217415	771352	0
Borkund	19	239	219322	745203	0
Borkunda	19	568	224273	775742	0
Borkunda	28	163	232204	741504	0
Borkunda	28	163	230670	743374	0
Borkundya	19	311	224681	766969	0
Borla	6	490	213589	807819	0
Borla	28	163	234977	743795	0
Borlagudem	31	229	184849	801326	0
Borlai	19	239	220372	749992	0
Borlai	20	17	185000	729167	0
Borlakunta	31	160	192904	796036	0
Borlakura	28	263	254594	735281	0
Borlam	31	58	183856	778998	0
Borli	12	514	306851	774278	0
Borli	19	239	216823	751364	0
Borlipara	28	163	231474	744861	0
Borma	19	153	220767	741761	0
Bormal	25	281	217807	856137	0
Bormal Pada	20	112	204841	753921	0
Bormali	20	169	204807	770380	0
Bormali	19	239	218416	751364	0
Bormane	15	652	127441	757206	0
Bormara	20	110	202285	799708	0
Bormata	28	493	234082	739638	0
Borna	19	568	226964	783421	0
Borna	19	443	219496	780424	0
Borna	19	648	228557	779505	0
Borna	19	443	214665	777305	0
Borna	4	727	254373	866172	0
Bornad	20	78	208460	754359	0
Bornadi	28	263	258289	738117	0
Bornagondi	1	25	174044	815748	0
Bornagudem	1	258	174178	817769	0
Bornapalli	31	63	190295	788210	0
Bornar	20	78	206410	751458	0
Borne	4	727	255431	866999	0
Borni Gorgawan	4	602	256084	876193	0
Bornuputtu	25	305	187484	825750	0
Boro	14	434	242013	862943	0
Boroatanr	14	498	238348	857616	0
Borobil	14	276	225922	857823	0
Borobing	14	377	236055	856377	0
Borobinnyakhata- II	3	684	264592	900618	0
Borodiri	14	673	240176	845207	0
Borodokholo	25	373	203319	844402	0
Borodore	14	276	225387	857249	0
Boroe	14	416	226931	850841	0
Borogam	25	305	188645	824276	0
Borogam	25	305	188475	824531	0
Borogoba	25	373	204413	840012	0
Boroguda	25	305	188360	823136	0
Borogunte	15	92	136087	770475	0
Boroja	25	108	184162	821044	0
Borokona	6	384	229002	840573	0
Borokona	6	384	228823	840600	0
Borola	33	523	279214	778369	0
Boroli	28	321	247696	762193	0
Boroli	15	59	146372	745106	0
Boroloda	1	258	183442	824800	0
Boropalli	25	373	202847	844502	0
Boropalli	25	373	200970	842643	0
Boroseta	14	476	227415	848954	0
Boroti Buzurg	20	131	173773	762775	0
Boroti Khurd	20	131	173767	762801	0
Borotika	14	276	225712	851911	0
Borotoli	14	732	238469	858334	0
Borpa	33	174	274388	775299	0
Borpada	20	182	211270	739176	0
Borpadar	25	572	207000	826152	0
Borpadar	6	578	191596	820058	0
Borpak	3	709	266858	937410	0
Borpani	22	319	256470	918781	0
Borpani	19	446	220225	773422	0
Borpani	19	325	217675	786652	0
Borpani	19	326	230139	778268	0
Borpani	19	648	229452	773794	0
Borpani	19	443	217041	778824	0
Borpani	19	326	232853	781298	0
Borpani	19	326	232792	781298	0
Borpani	19	325	224840	789569	0
Borpani	10	170	230399	740793	0
Borparao	19	311	224101	762783	0
Borparav	19	311	225155	764441	0
Borpend	19	443	215013	779637	0
Borpend	20	67	201272	777657	0
Borpend	20	67	199737	775334	0
Borphal	20	156	182126	764666	0
Borra	6	642	207514	814121	0
Borra	1	258	182778	830427	0
Borrabandha	6	393	209485	822747	0
Borramadi	25	305	185445	830203	0
Borramamidi	1	258	183376	823764	0
Borramamidi	1	194	183991	831304	0
Borrampalem	1	259	171517	820166	0
Borrampalem	1	25	170858	811966	0
Borrampeta	1	453	185617	839230	0
Borranjani	20	53	196135	760975	0
Borrapanukuvalasa	1	194	186154	832131	0
Borravaripalem	1	308	162062	803574	0
Borri	14	673	239713	838421	0
Borri	19	309	234041	762226	0
Borsad	10	170	230605	742974	0
Borsal	19	30	214057	763417	0
Borsali	19	309	233382	765449	0
Borsandra	15	92	129630	770132	0
Borsar	20	112	200080	748480	0
Borsar	20	110	198938	791656	0
Borsar Arazi	33	33	256218	830260	0
Borsar Budrukh	20	112	201018	750493	0
Borsar Kalan	33	33	256297	830388	0
Borsar Khurd	33	33	256324	830331	0
Borsar Khurd	20	112	200994	750517	0
Borsara	6	279	219282	821841	0
Borsara	6	669	220291	825182	0
Borsham	11	286	293022	769483	0
Borsheti	20	187	198190	728478	0
Borsi	6	627	206966	817130	0
Borsi	34	430	303152	781490	0
Borsi	6	365	217426	819986	0
Borsi	6	275	213097	814871	0
Borsi	6	275	211574	813002	0
Borsi	6	681	213662	815684	0
Borsi	19	635	227313	757124	0
Borsi	6	669	218781	823654	0
Borsi	6	365	215574	823708	0
Borsi	6	669	217828	827348	0
Borsi	6	365	216738	819170	0
Borsi	6	388	217718	832306	0
Borsi	10	124	235479	735367	0
Borsia	33	27	256329	836221	0
Borsidag	14	678	236481	847411	0
Bortalai	19	317	219877	757429	0
Bortalao	6	455	212198	806262	0
Bortara	6	681	216441	812208	0
Bortara	6	365	215459	820730	0
Bortara	6	642	206950	814033	0
Bortara	6	517	221497	814226	0
Bortara	6	723	222599	816171	0
Bortara	6	723	220504	815971	0
Bortara	6	365	216960	819231	0
Bortha	10	126	214939	740819	0
Borti Pada	20	185	211552	742236	0
Bortola	20	168	213997	802425	0
Bortola	19	142	216853	804075	0
Bortola	20	168	208991	800434	0
Bortola	20	168	206989	802687	0
Bortola	20	134	205096	802665	0
Boru	2	38	282717	945910	0
Boru	13	76	339143	747521	0
Borubanda	25	305	186510	829878	0
Borugadda Tanda	31	448	166782	781609	0
Borugudapara	6	80	187756	805472	0
Borul	20	156	182170	771180	0
Borul	15	167	182129	774236	0
Borunagudem	1	258	174272	821223	0
Borunda	28	331	264711	738019	0
Borung	13	477	327286	756738	0
Boruputtu	25	305	190323	832644	0
Boruputtu	25	305	185920	827383	0
Borus	9	101	149613	740894	0
Borut	19	317	219867	760218	0
Borvad Wari	20	226	171542	733747	0
Borvadi	20	112	200377	752629	0
Borvaghal	20	132	206942	782082	0
Borvai	10	140	233950	736483	0
Borval	19	317	214541	758744	0
Borvan	20	182	218171	742286	0
Borvan	20	182	216883	742741	0
Borvihir	20	182	210312	738430	0
Borvihir	20	185	207837	748431	0
Borwa	28	414	270766	739607	0
Borwa	4	569	260168	862497	0
Borwa	4	569	259512	860722	0
Borwa Para	10	170	227142	742290	0
Borwai	6	275	209370	814227	0
Borwali	28	467	298345	744190	0
Borwanti	20	48	185096	761153	0
Borwantia Muwara	10	124	231177	732759	0
Borwar	28	263	260630	741896	0
Borwari	20	138	197543	779672	0
Borwatoli	14	434	240043	860115	0
Boryha	20	127	202457	776162	0