Burhanpur	19	30	213087	762303	210886
Burari	8	701	287557	771994	146190
Burla	25	546	215098	838726	46698
Burhar	19	610	232149	815320	19289
Buriya	11	88	301591	773581	10903
Bursera	14	498	237345	861448	4070
Burhai	14	483	243566	865462	2410
Bur Chand	27	250	313198	747403	0
Bur Majra	27	704	308723	765076	0
Bur Majra	27	543	303738	766133	0
Bur Mandawar	28	321	245877	762360	0
Bura	34	179	302931	795350	0
Bura	33	688	257193	820800	0
Bura	33	417	253397	783408	0
Bura	19	313	247440	809725	0
Bura	33	102	240412	829235	0
Bura	19	313	242347	807638	0
Bura	19	336	233944	808361	0
Bura Dehar	11	353	292011	763390	0
Bura Gujar	27	592	305302	745331	0
Bura Izar	34	413	297632	795168	0
Bura Mohan	33	698	259215	809909	0
Bura Purwa	33	654	263216	812213	0
Bura Timung	3	391	261746	936559	0
Buraban	33	451	279463	799718	0
Buraban	25	281	216274	858119	0
Burabasa	14	276	224375	859335	0
Burabaur	19	313	242209	813422	0
Burabe	3	391	257138	933323	0
Burabhuin	25	399	211771	850793	0
Burach	12	460	310180	776353	0
Burada	1	176	184976	836794	0
Burada Venkatapuram	1	194	186971	834751	0
Buradagaddavalasa	1	194	186319	832381	0
Buradagattu Tanda	31	100	165564	791976	0
Buradagudem	31	46	177433	813314	0
Buradagunta	1	258	183510	824571	0
Buradagunta	1	258	182679	824481	0
Buradagunte	15	422	135940	780309	0
Buradagunte	15	93	127547	767663	0
Buradahalli	15	97	133853	755851	0
Buradakota	1	258	176983	820144	0
Buradakota	1	259	173833	822474	0
Buradamamidi	1	258	180305	823192	0
Buradamamidi	1	258	181609	825897	0
Buradamamidi	1	258	180502	826358	0
Buradani	25	373	205118	841856	0
Buradapadu	1	176	181483	832548	0
Buradapalem	1	195	156852	794742	0
Buradapeta	1	176	184568	838146	0
Buradapeta	1	176	184179	838044	0
Buradavalasa	1	258	177944	818929	0
Buradavandlapalle	1	190	136732	781695	0
Buradavidi	1	258	178110	824887	0
Buradavidi	1	258	180996	823967	0
Buradekatte	15	246	138265	761296	0
Buradgatta	15	92	134804	770637	0
Buradihi	25	290	219851	841790	0
Buradikatti	15	91	144704	753549	0
Buradyatola	20	168	214206	803148	0
Buragalapalli	1	207	127707	782564	0
Buragalavandlapalle	1	207	134355	787109	0
Buragamadaga	15	422	137241	778778	0
Buragamakalapalli	15	47	135086	783101	0
Buragamakanhalli	15	422	133792	779671	0
Buragamakulapalli	1	207	129396	784578	0
Buragamanimottur	30	158	131078	795457	0
Buragamanupalle	1	221	151758	790141	0
Buraganahalli	15	92	135541	772701	0
Buragapalle	1	426	140827	782262	0
Buragapalli	15	71	169030	774284	0
Buragarh	34	589	296832	789643	0
Buragarh	19	576	233555	800213	0
Buragaura	33	31	271487	813310	0
Buragkonte	15	43	128283	777849	0
Buragkunte	15	43	128428	777823	0
Buragmakanhalli	15	47	129449	782191	0
Buragochha	25	423	200786	846207	0
Buragora	25	372	206301	842206	0
Burah Majra	27	543	301898	765058	0
Burahar	4	718	251596	837926	0
Burahi	4	632	257002	869095	0
Burahuri	14	276	223879	852139	0
Burai	33	417	253834	791662	0
Burai	19	497	246455	812537	0
Buraikhol	25	546	213468	844510	0
Burail	5	751	307080	767621	0
Burail	5	751	306914	767707	0
Buraila	12	514	305885	775337	0
Buraila	34	430	307299	777850	0
Buraila	19	638	250245	801345	0
Buraili	19	576	234280	798534	0
Burajinaroppa	15	246	141224	764991	0
Burajwara	20	139	213704	789505	0
Burak	11	327	290789	754211	0
Buraka	11	524	281881	769680	0
Buraka	11	722	278807	773304	0
Burakanakota	31	46	178029	813326	0
Burakata	25	546	215426	839419	0
Burakata	25	372	208531	842196	0
Burakayalkote	15	422	137019	778572	0
Burakek	3	391	260031	931639	0
Burakhandrika	1	45	138186	797490	0
Burakhera	19	420	255611	774008	0
Burakhera	19	208	241161	773745	0
Burakhera	19	208	241028	773868	0
Burakholi	34	413	296608	790947	0
Burakot	34	589	296358	789978	0
Burakot	34	589	299162	791027	0
Burakot	34	589	299149	790698	0
Burakot	34	413	296380	790885	0
Buraliya	19	635	223947	757662	0
Buralya	19	635	223786	757694	0
Buram	34	533	291717	799989	0
Buram	4	569	259725	863170	0
Buramai	33	445	269674	788854	0
Buramal	25	478	213318	833954	0
Buramal	25	478	209605	831442	0
Buramamidivalasa	1	194	186449	831371	0
Buramara	25	368	221167	866500	0
Buramuttanahalli	15	92	137291	771313	0
Buran	19	324	240301	772529	0
Burana	28	113	270683	775569	0
Buranadih	33	694	249964	831711	0
Buranagar	34	617	290169	793031	0
Buranahalli	30	215	124970	776585	0
Buranakheri	19	635	227655	760148	0
Buranakheri	19	648	228287	765628	0
Buranapuram	31	730	173484	798390	0
Buranda	20	67	200929	787290	0
Buranda	20	67	201535	787795	0
Buranda	33	637	262025	817572	0
Burandahalli	15	47	131624	781413	0
Burandoddi	1	228	157873	776869	0
Burani	19	311	226834	765448	0
Burani ka Bas	28	113	276935	770836	0
Buranipura	28	120	272148	759963	0
Buraniya	19	635	227714	757670	0
Buraniyan	33	102	246684	827831	0
Buranpudi	1	6	143765	799420	0
Buranpur	19	16	238199	763937	0
Buranpura	19	338	242177	783869	0
Burans Khanda	34	481	304371	782308	0
Buransi	34	589	299403	786724	0
Buransi	34	530	293424	794472	0
Buransi	34	530	294001	796327	0
Buransi	34	413	294398	797597	0
Buranskhanda	34	430	304406	781990	0
Buranskholi	34	489	297678	798916	0
Burantola	20	134	202836	802223	0
Burantpur	33	269	275314	821778	0
Burantwapur	33	496	271303	835181	0
Burantwapur	33	496	272202	836034	0
Buranwala	11	563	294678	749807	0
Buranwala	12	604	309129	768397	0
Buraoli	33	464	286128	782819	0
Burapali	25	290	216639	839062	0
Burapur	33	242	252440	828649	0
Burar	27	543	299913	760683	0
Burara	12	514	306491	773687	0
Burara	19	311	225443	770072	0
Burari	33	314	264448	834789	0
Burasaraitoli	14	498	237040	858901	0
Burasuga	25	373	203987	841490	0
Burasuwa	34	430	306849	779197	0
Burat	19	311	225609	767416	0
Burata	19	335	230187	749442	0
Burathi	34	533	292323	799952	0
Buratiya	19	446	225124	771483	0
Buratkhera	19	311	226660	767142	0
Burauli	28	22	240672	739317	0
Buraura	33	591	254406	795190	0
Buravalli	1	453	183463	840097	0
Burawai	28	113	273111	775606	0
Burawala	33	553	294388	784642	0
Burawali	19	459	263188	778047	0
Burawali	33	417	253590	789801	0
Burbar	12	514	306671	772186	0
Burbeh	13	36	335132	750637	0
Burbi	25	372	204540	846710	0
Burbuda	25	683	213452	847170	0
Burbur	6	374	223652	822995	0
Burbura	25	399	212512	852988	0
Burbura	25	297	209793	841065	0
Burburi	19	461	231284	802884	0
Burche Dogri	12	83	315476	782332	0
Burchiagaon	19	142	221426	800649	0
Burchikona	25	349	196769	834750	0
Burda	19	420	258327	775862	0
Burda	25	290	215912	838506	0
Burda	25	478	212435	837600	0
Burda	19	16	235504	767145	0
Burda	35	400	232489	859817	0
Burda	25	281	218885	854053	0
Burda	25	546	211400	843114	0
Burdagudem	6	577	183922	814573	0
Burdagudem	31	90	189875	794639	0
Burdagummi	1	258	181377	827968	0
Burdagura	31	160	193393	794556	0
Burdaij	13	119	344841	747627	0
Burdakunte	15	246	141459	767992	0
Burdalau Rahniandar	13	36	335872	748016	0
Burdamadugu	1	45	137457	799667	0
Burdamamidi	1	258	175182	816738	0
Burdang	29	708	272179	884923	0
Burdang	29	708	272181	885071	0
Burdapad	25	-1	184145	828584	0
Burdapadu	1	258	180469	827600	0
Burdapalli	1	-1	191758	784851	0
Burdhar	13	35	331277	759721	0
Burdhata	12	267	316029	770276	0
Burdi	19	607	245455	823754	0
Burdinne	15	50	159641	774467	0
Burdipadu	31	295	159432	778978	0
Burdiputtu	25	305	187927	824693	0
Burdium	31	271	197383	785386	0
Burdu	25	373	206487	843569	0
Burdun Goempa	17	8	333978	769135	0
Burdwari	19	142	216802	798810	0
Bure Jattan	27	284	316021	757530	0
Bureddihalli	15	422	135881	780189	0
Bureddipalli	31	306	167595	781253	0
Burek	12	514	307223	777006	0
Bureli	10	140	232995	739808	0
Burelpanku	1	258	180724	823719	0
Buren	25	478	208809	830170	0
Burena	19	325	219507	786753	0
Burena	6	642	209999	811213	0
Burena	19	325	227057	790915	0
Burena	19	325	225051	792091	0
Burena	19	503	228928	795321	0
Burena	6	669	219065	826200	0
Bureni	6	299	213395	819124	0
Burepalle	1	195	156852	799854	0
Burera	19	323	257339	769332	0
Burera	33	370	249328	783444	0
Burera	6	681	216113	812256	0
Burera	19	323	259728	776089	0
Burera	19	638	244382	790013	0
Burera	19	638	244323	790007	0
Burera	19	420	249509	781370	0
Burera	6	299	213780	819534	0
Burerah	28	463	281215	768152	0
Burero	33	591	254520	794339	0
Bureru	19	509	253057	785715	0
Buretha	19	443	218023	776219	0
Burewal	27	355	309993	753933	0
Burewal	27	544	313495	751992	0
Burewal	27	544	313069	753544	0
Burewala	27	545	310259	748569	0
Burewali	27	214	318713	747526	0
Burga	1	258	180767	829895	0
Burgad	34	692	298702	797083	0
Burgahan	6	669	222226	825149	0
Burgahan	6	365	217445	821076	0
Burgahan	6	299	213233	819505	0
Burgahna	33	659	276319	802490	0
Burgal	1	258	180941	828107	0
Burgalanka	6	577	180826	811980	0
Burgalpadu	25	305	184046	829045	0
Burgam	6	392	185046	813998	0
Burgam	1	258	182968	824261	0
Burgaon	34	589	299252	784680	0
Burgaon	34	589	298702	784746	0
Burgaon	19	153	221097	743998	0
Burgaon	14	740	234833	846939	0
Burgapalle	31	46	174219	813514	0
Burgapalli	31	557	186401	790317	0
Burgapalli	31	90	188953	796637	0
Burgapalli	31	58	182729	777097	0
Burgapalli	31	203	175514	779029	0
Burgapalli	31	346	190862	780920	0
Burgapalli	31	346	192205	781600	0
Burgapalli	31	386	181408	782148	0
Burgapalli	31	222	185158	789260	0
Burgapalli	31	447	181040	788057	0
Burgapalli	31	63	189090	791303	0
Burgapalli	31	447	180896	791739	0
Burgaput	1	258	182899	829684	0
Burgatekra	6	577	185033	817914	0
Burgguia	31	160	193151	793123	0
Burgihat	6	578	189315	818264	0
Burgora	14	498	238425	858604	0
Burgpalli	15	71	173385	774247	0
Burguan	14	276	223881	853479	0
Burguda	31	58	182827	781768	0
Burguda	6	80	188075	804022	0
Burgudem	6	577	184345	810700	0
Burgudem	6	577	183202	814633	0
Burgudem	6	577	183566	816009	0
Burgudem	6	577	183458	816157	0
Burgudem	31	160	193897	799698	0
Burgudempad	6	577	183648	816176	0
Burgugadda	31	241	169350	798542	0
Burgul	31	58	182579	779390	0
Burgul	31	62	169793	782187	0
Burgul	31	58	184326	781609	0
Burgumdla	31	240	176980	797344	0
Burguna	34	692	298417	798273	0
Burgupalli	31	306	167139	781437	0
Burgupalli	31	386	180079	779678	0
Burgupalli	31	306	168019	777761	0
Burgupalli	31	557	181920	792705	0
Burgupalli Tanda	31	306	166964	781444	0
Burgur	30	192	126465	789196	0
Burguvayi	31	60	175970	809061	0
Burh	19	465	257769	778995	0
Burh Bhuili	33	196	251226	830411	0
Burh Gijoi	4	117	246507	850984	0
Burha	19	326	232173	784301	0
Burha	19	326	230944	787900	0
Burha	19	503	231741	788921	0
Burha	19	638	248323	796176	0
Burha	19	313	246403	804493	0
Burha	33	619	252804	810155	0
Burha Am	25	290	217520	837298	0
Burha Bahera	14	541	234123	857870	0
Burha Basoda	19	208	236176	782105	0
Burha Bharthara	33	389	270996	786488	0
Burha Bisarna	33	526	271168	781852	0
Burha Chanch	14	434	240990	857442	0
Burha Dih	33	27	253891	835559	0
Burha Dih	4	597	254090	838678	0
Burha Dongar	19	420	250583	775941	0
Burha Dongar	19	324	244494	773701	0
Burha Hatta	19	502	241233	795930	0
Burha Jonk	6	681	216211	815983	0
Burha Ka Bas	11	524	278044	770983	0
Burha Kaman	14	276	221493	856395	0
Burha Khap	14	377	236652	855625	0
Burha Khera	11	722	280763	772751	0
Burha Khukhra	14	377	235894	855500	0
Burha Nagla	33	553	290874	785617	0
Burha Sirthara	19	459	262570	776855	0
Burha-amba	25	281	212872	854459	0
Burhabahal	25	683	215852	848777	0
Burhabar	14	673	240782	843827	0
Burhabhuin	25	262	216468	850954	0
Burhabhuin	25	262	215993	851264	0
Burhabpur	33	686	266285	794488	0
Burhachhapar	25	380	207046	827356	0
Burhadana	33	686	265221	795774	0
Burhadand	19	607	243385	823622	0
Burhadarha	25	478	210918	833783	0
Burhadih	33	314	268349	834486	0
Burhadih	14	416	230802	854604	0
Burhadih	14	541	232747	856746	0
Burhadih	14	541	231556	856763	0
Burhadih	14	541	229575	858353	0
Burhadih	4	410	262066	866028	0
Burhadungar	19	334	236526	760954	0
Burhadungar	19	334	236430	760987	0
Burhaganj	19	326	234203	782377	0
Burhagaom	33	523	278844	784535	0
Burhagar	19	313	241236	806386	0
Burhai	33	621	256954	802773	0
Burhaila	4	597	253855	842451	0
Burhainian	33	532	266011	824962	0
Burhaipur	33	532	264686	825706	0
Burhajharia	25	262	219659	837319	0
Burhakedar	34	413	297864	792350	0
Burhakhaman	25	683	214658	850631	0
Burhakhaman	25	281	213976	856387	0
Burhakhaman	25	281	213874	856414	0
Burhakhera	33	445	269893	791962	0
Burhakhera	19	324	244678	774599	0
Burhakhera	19	338	243346	790762	0
Burhakhera	19	338	239079	789538	0
Burhakhukhra	14	541	234211	850670	0
Burhakot	34	589	301825	787713	0
Burhamaon	33	694	251143	832732	0
Burhan	33	694	249488	831049	0
Burhan Patti	33	479	260444	830835	0
Burhana	33	613	283758	780092	0
Burhanabad	33	682	277031	786858	0
Burhanapur	33	31	271980	813026	0
Burhanbhat	6	490	215021	810086	0
Burhanchhapar	6	455	211860	805673	0
Burhanda	33	698	259649	803856	0
Burhangoratoli	14	498	236254	857990	0
Burhanipur	33	27	255602	832946	0
Burhannagar Madain	33	623	268494	828648	0
Burhanpalli	31	240	176616	795428	0
Burhanpur	33	531	289933	791734	0
Burhanpur	6	388	221117	828399	0
Burhanpur	6	642	209627	811072	0
Burhanpur	33	661	274873	793511	0
Burhanpur	33	451	279980	798437	0
Burhanpur	33	659	274967	799478	0
Burhanpur	33	33	256268	822466	0
Burhanpur	33	27	256573	833001	0
Burhanpur	33	27	256653	833886	0
Burhanpur	33	27	255951	834545	0
Burhanpur	33	27	257660	837475	0
Burhanpur	33	27	257917	836987	0
Burhanpur	19	420	248533	781552	0
Burhanpur	33	488	276479	812397	0
Burhanpur	33	464	290498	784621	0
Burhanpur	33	492	291213	786530	0
Burhanpur	33	492	290996	787438	0
Burhanpur	33	492	291072	789157	0
Burhanpur	33	698	258424	811886	0
Burhanpur	33	532	265122	825582	0
Burhanpur	33	532	264199	826010	0
Burhanpur	33	479	258219	833018	0
Burhanpur	33	27	257703	833230	0
Burhanpur	33	479	263027	833269	0
Burhanpur	33	488	277754	807831	0
Burhanpur	4	581	254312	856579	0
Burhanpur Badhali	33	724	288567	778965	0
Burhanpur Kalan	33	613	282387	782989	0
Burhanpur Khalsa	11	439	299245	771050	0
Burhanpur Khurd	33	613	281716	782898	0
Burhanpur Kunjmanpur	33	682	274227	783554	0
Burhanpur Mafi	33	464	288183	785767	0
Burhanpur Sikri	11	439	298901	770176	0
Burhanpura	33	27	256036	831202	0
Burhansapur	33	33	255814	822632	0
Burhanuddinpur	33	553	294146	781081	0
Burhapadar	25	527	203209	847701	0
Burhapahartoli	14	476	224190	842702	0
Burhapali	25	478	211629	835087	0
Burhapank	25	277	207954	853559	0
Burhapara	25	572	203041	826662	0
Burhapur	33	33	259079	825967	0
Burhapur	33	33	260393	826689	0
Burhapur Badal	33	479	260412	828195	0
Burhapur Fateh Ali	33	479	260743	828268	0
Burhar Kalan	33	102	247221	830508	0
Burhar Khurd	33	102	247251	830480	0
Burhara	33	526	269633	778440	0
Burhara	19	322	264350	788289	0
Burhara	4	581	254604	855789	0
Burharao	6	627	207114	818872	0
Burharra	33	445	273084	787915	0
Burhasagar	6	490	216788	810883	0
Burhatoli	14	310	228549	849690	0
Burhauli	19	395	247387	780573	0
Burhauli	33	27	255421	833635	0
Burhauni	19	420	256999	775330	0
Burhawal	4	394	251226	843268	0
Burhawali	19	459	264090	776997	0
Burhawali	33	417	257484	789397	0
Burhawe	4	632	260222	868007	0
Burhayi	19	646	244052	816602	0
Burheb Inayatpur	4	569	260706	863412	0
Burhena	11	741	283992	773442	0
Burhena	19	324	244085	773898	0
Burhena	19	208	242689	778330	0
Burhena	19	142	217701	803156	0
Burhena Kalan	19	354	220754	797378	0
Burhena Khurd	19	354	220434	796635	0
Burher	4	535	265306	859282	0
Burhera	11	415	286178	757766	0
Burhera	19	502	241805	795125	0
Burhera Kalan	33	417	258950	789102	0
Burheraghat	33	417	259103	788978	0
Burheri Kalan	33	417	259100	788881	0
Burheri Khurd	33	417	258866	789110	0
Burhgauna	19	646	243148	813645	0
Burhgawan	19	497	247109	814676	0
Burhharka	4	394	249215	839710	0
Burhi	33	370	245346	788508	0
Burhi	19	576	234955	799887	0
Burhi	33	621	258492	796876	0
Burhi	33	591	253719	796095	0
Burhi	19	313	245791	804730	0
Burhi	19	142	217151	803151	0
Burhi	4	675	265173	844209	0
Burhi	14	673	242385	843278	0
Burhi	14	673	240461	844492	0
Burhi	4	632	258934	868562	0
Burhi Bagrod	19	208	237348	782343	0
Burhi Banne	19	462	250017	792907	0
Burhi Darhial	33	531	290570	790576	0
Burhi Ghat	4	727	256398	863079	0
Burhi Jethwar	4	363	252464	843692	0
Burhi Kalan	19	502	241906	794987	0
Burhi Khow	3	366	272898	949252	0
Burhi Komna	6	-1	205872	826714	0
Burhi Muar	19	338	233591	789769	0
Burhi Phulaidi	19	395	244187	778534	0
Burhia	33	661	272798	796951	0
Burhia Agli	34	617	290142	796533	0
Burhia Ahri	14	732	244241	853250	0
Burhia Bamhori	33	417	251790	791310	0
Burhia Bari	33	314	267958	832702	0
Burhia Dabar	14	732	243873	853448	0
Burhia Dhanghatta	4	590	259004	872852	0
Burhia Pachhli	34	617	290066	796402	0
Burhia Sukhrasi	4	569	257655	864032	0
Burhia Tikar	4	602	253899	875291	0
Burhiadih	14	732	242124	856484	0
Burhiadih	14	434	241599	863307	0
Burhiakata	25	546	213100	841342	0
Burhialpur	4	505	246428	862894	0
Burhian Purwa	33	659	272581	800414	0
Burhiapur	33	532	264365	828027	0
Burhiapur	33	688	258614	817185	0
Burhiasar	14	434	245537	861964	0
Burhiatanr	14	434	242495	861723	0
Burhiatanr	4	505	245172	863260	0
Burhiatoli	14	310	231890	846867	0
Burhibaghi	14	541	235141	855329	0
Burhiban	4	112	246193	841288	0
Burhibatar	25	262	217602	851964	0
Burhibdhi	14	673	240416	839850	0
Burhibera	14	541	233399	855077	0
Burhibhir	14	673	240458	839625	0
Burhidih	14	732	242861	854814	0
Burhiduba	14	633	245878	875634	0
Burhigamhar	14	712	240852	838090	0
Burhigara	14	379	243028	850175	0
Burhigarhatoli	14	310	233161	842910	0
Burhighara	25	281	214665	855145	0
Burhikhamar	25	546	214027	838756	0
Burhikhar	33	102	243496	833699	0
Burhikhar	14	712	243599	837968	0
Burhikhar	14	673	243190	839541	0
Burhikhar	33	102	245990	829562	0
Burhikhar	6	279	219023	822745	0
Burhikhar	4	505	248565	864933	0
Burhikon	25	372	207779	840244	0
Burhikonatoli	14	310	230459	844454	0
Burhikoni	19	576	233276	796808	0
Burhikurha	14	434	243937	863543	0
Burhimal	19	443	221877	775648	0
Burhimal	25	478	210669	832299	0
Burhimari	4	491	261550	878709	0
Burhimavai	19	503	230790	795745	0
Burhipada	25	281	212193	857397	0
Burhipadar	25	290	218583	839588	0
Burhipali	6	374	221186	827291	0
Burhipali	25	572	209097	825457	0
Burhipali	25	478	216016	834895	0
Burhipat	14	310	232538	848677	0
Burhipur	33	27	255379	831569	0
Burhirai	19	420	252070	775157	0
Burhiroma	14	416	231757	850535	0
Burhisakhuwatola	14	678	238046	844394	0
Burhital	25	572	202544	824987	0
Burhitanr	14	712	240094	835527	0
Burhitola	19	142	217012	803042	0
Burhitola	19	142	216865	803038	0
Burhiya	19	497	246116	814582	0
Burhiyanadi	19	322	264668	788357	0
Burhkhaira	14	673	243388	839028	0
Burhlawa	14	673	241934	839479	0
Burhlewa	4	112	245479	843332	0
Burhna	19	336	232350	810896	0
Burhna	33	645	262631	796754	0
Burhna	19	354	227025	801067	0
Burhna	19	313	250160	806785	0
Burhnair	4	505	247514	864069	0
Burhnamau	33	661	273470	796139	0
Burhnapur	33	532	264663	827603	0
Burhnapur	33	312	279904	807824	0
Burhni	33	282	274868	819621	0
Burhni	14	541	230434	849170	0
Burhpur	33	553	295632	782130	0
Burhpur	33	553	291647	784344	0
Burhpur	33	450	264013	803272	0
Burhpura	19	-1	262575	772315	0
Burhpura	19	465	257651	779280	0
Burhpura	33	417	252039	784145	0
Burhra	33	682	275071	789570	0
Burhra	19	576	234192	802357	0
Burhrai	33	389	271190	786008	0
Burhri	19	576	234198	802480	0
Burhronga	14	673	245223	841498	0
Burhror	33	522	270689	821902	0
Burhruwa	19	313	242580	809303	0
Burhu	14	310	231805	845612	0
Burhu Barantpur	14	740	234906	847424	0
Burhua	33	33	261090	826529	0
Burhupur	33	33	260804	825953	0
Burhwa	4	382	267549	848688	0
Burhwa	4	410	262209	869139	0
Burhwa	4	727	256614	863404	0
Burhwa	33	659	276951	800496	0
Burhwal	33	31	270906	813978	0
Burhwal	33	694	250684	832099	0
Burhwalia	4	718	251621	835310	0
Burhwan	4	727	255719	863028	0
Burhwani	19	354	227853	796450	0
Burhwani	19	576	229382	796626	0
Burhwani	19	354	223646	796062	0
Burhwani	19	354	226031	796852	0
Burhwani	19	354	226502	796472	0
Burhwara	33	688	260144	816514	0
Burhwasar	14	434	240383	864573	0
Burhwasar	14	387	240062	864264	0
Buri	12	514	305256	773585	0
Buri	20	616	196894	771951	0
Buri	12	348	323895	760244	0
Buri Barlai	19	635	229011	759785	0
Buri Bazar	21	486	247122	938387	0
Buri Kalan	28	463	273287	767105	0
Buri Khamar	3	344	265521	909004	0
Buri Khurd	28	463	273349	767158	0
Buri Lahr	13	359	330264	751442	0
Buri Masta	27	700	307291	746734	0
Buri Nangal	27	468	316983	752422	0
Buri Rajputan	27	284	316100	757463	0
Buria	11	586	285944	767251	0
Buria	33	196	246296	823966	0
Buria	19	336	234160	806211	0
Buria Shahpur	33	451	277688	795593	0
Buria Talao	28	163	234091	741540	0
Buriadhaku	14	387	240032	864189	0
Buriasabal	33	451	277668	795168	0
Buriatikar	4	602	255293	876183	0
Buriawas	11	500	283490	765426	0
Buribandh	25	372	206865	840716	0
Buribil	14	276	224863	851246	0
Buribinaju	25	373	201896	842840	0
Buribir	35	400	233736	859011	0
Buribura	14	628	228983	857429	0
Burichapar	14	643	244589	875054	0
Burichatan	3	684	264755	899271	0
Burideyi	25	305	185329	824520	0
Burideyi	6	577	184647	818163	0
Buridi Kancharam	1	453	183050	838009	0
Buridiguda	25	108	185504	821676	0
Buridiguda	25	305	185301	828368	0
Buridigumi	1	194	183728	831121	0
Buridiputtu	25	305	186187	825385	0
Buridiputtu	25	305	186063	827588	0
Buridivalasa	25	305	184684	828909	0
Buridivalasa	1	453	185202	839065	0
Burigaon	25	368	217614	861717	0
Burighati	19	335	229293	749693	0
Burigora	14	276	226406	855826	0
Buriguda	25	243	194693	839784	0
Buriguntapalle	1	426	141446	784159	0
Burigutu	14	628	227723	858699	0
Burijharan	14	476	226505	849473	0
Burijivalasa	1	194	188716	834354	0
Burikaen	14	416	228725	855346	0
Burikal	30	109	119779	780422	0
Burikapri	25	281	218263	857796	0
Burikhop	29	594	271793	881703	0
Burikudarioli	14	476	224857	843401	0
Burikutan	25	546	214121	842275	0
Burikutni	25	262	218675	848952	0
Burima	14	416	228835	853459	0
Buriogra	14	476	226285	840841	0
Buripali	25	262	218551	849539	0
Buripeta	1	176	185296	835595	0
Burisettipalle	1	207	131465	786331	0
Buritala	35	347	241004	876045	0
Buritala	35	347	241403	876466	0
Buritopa	14	628	227489	858123	0
Buriuli	14	276	226859	853686	0
Buriyadah	19	497	245217	817686	0
Buriyal ka Pura	19	459	262287	775229	0
Buriyalgutta	31	60	173882	810903	0
Buriyarpur	19	337	238156	802329	0
Burj	11	565	307376	769142	0
Burj	27	542	300263	751823	0
Burj	27	742	304782	758428	0
Burj	27	624	307619	763906	0
Burj	33	526	271711	781609	0
Burj	33	523	276942	777981	0
Burj	33	174	275915	778128	0
Burj	33	174	274449	778337	0
Burj	33	644	274486	779189	0
Burj	33	174	273342	778221	0
Burj	13	690	325342	750556	0
Burj	12	348	324157	759635	0
Burj	27	250	315311	746465	0
Burj	27	250	314711	747641	0
Burj	27	704	312090	765032	0
Burj Akbar	33	526	273317	781112	0
Burj Atibal	33	526	273129	782119	0
Burj Baji	33	644	273629	780379	0
Burj Bale	33	389	272867	782374	0
Burj Bhaghel Singh	27	742	304949	759922	0
Burj Bhajan	33	389	272754	782540	0
Burj Bhalaike	27	680	298415	752757	0
Burj Chhanni	13	559	328083	746146	0
Burj Dalla	27	542	303403	751285	0
Burj Dewa Singh	27	250	311987	749336	0
Burj Duna	27	480	306772	752176	0
Burj Fatehgarh	27	696	303999	753783	0
Burj Gangi	33	526	272855	781603	0
Burj Gillan	27	542	303918	752310	0
Burj Hamira	27	480	305335	752487	0
Burj Hari Singh Wala	27	647	306918	755881	0
Burj Harika	27	700	305579	749419	0
Burj Hasan	27	355	309842	756148	0
Burj Jawahar Singhwala	27	700	305370	749873	0
Burj Kacha	27	647	309217	762372	0
Burj Kahn Singhwala	27	542	302068	750885	0
Burj Kaila	27	355	310150	756752	0
Burj Kalara	27	647	305873	754090	0
Burj Kandhari	27	283	312162	758374	0
Burj Karher	33	526	272909	781544	0
Burj Khanjar	33	526	272713	781605	0
Burj Ladha Singhwala	27	542	305194	750824	0
Burj Laljit	33	526	272776	781534	0
Burj Lamrah	27	647	309566	756911	0
Burj Maihma	27	542	302619	747984	0
Burj Manawala	27	542	304905	752643	0
Burj Mankaur	27	647	309602	756995	0
Burj Mansaian	27	542	303048	752777	0
Burj Md Shah	27	545	310923	750991	0
Burj Misri	33	526	273150	781031	0
Burj Nai	33	389	272978	782627	0
Burj Nathu	33	389	272982	782679	0
Burj Nauabad	27	214	317934	749962	0
Burj Nauji	33	644	274577	781314	0
Burj Pakha	27	647	309290	762276	0
Burj Poawat	27	647	309277	762821	0
Burj Pohla	27	250	311962	749229	0
Burj Popa	33	174	272773	778148	0
Burj Pukhta	27	355	310321	758153	0
Burj Sahiba	27	480	308725	750008	0
Burj Sathi	33	389	272890	782776	0
Burj Sema	27	542	300547	751032	0
Burj Shahid	11	664	304279	770614	0
Burj Shib Singh	33	526	273042	781618	0
Burj Sukhdeo	33	174	273196	778832	0
Burj Tah	27	283	310257	759846	0
Burj Tanda	11	565	307394	769127	0
Burj Tharor	27	542	304635	750622	0
Burj Tula	33	174	273090	778806	0
Burja	28	463	277666	767612	0
Burja	28	113	275983	769504	0
Burja	28	679	266595	763485	0
Burja	25	305	190094	831270	0
Burja	1	194	186677	831543	0
Burja	1	194	186643	834374	0
Burja	1	453	185315	837994	0
Burja	4	641	260764	871723	0
Burja ki Dhani	28	120	275805	761864	0
Burja Topah	13	640	333886	749851	0
Burjabahal	6	285	200125	824849	0
Burjaguda	25	349	196832	834811	0
Burjaguda	25	349	195800	834904	0
Burjaguda	25	349	193400	834348	0
Burjaguda	25	349	192256	836025	0
Burjaguda	25	349	191730	836968	0
Burjagunda	1	194	191069	836414	0
Burjan	27	592	301605	744593	0
Burjarayian	27	468	318566	751615	0
Burjari	13	485	334516	745933	0
Burjavalasa	1	194	183541	831066	0
Burjavalasa	1	176	184370	833357	0
Burjavalasa	1	176	185153	835650	0
Burjavalasa Agraharam	1	176	185408	833508	0
Burjawala	28	463	274264	767393	0
Burjdalau	13	529	334689	751412	0
Burjepur	33	694	254573	833192	0
Burjhad	20	185	210646	746897	0
Burji	33	174	275086	778449	0
Burji	1	258	182161	829054	0
Burji	6	80	187400	810748	0
Burji Pand	13	1	339597	743000	0
Burjiguda	1	-1	189188	837843	0
Burjiguda	1	194	188880	837952	0
Burjikotha	13	1	340236	741936	0
Burjipalli	1	45	137019	791415	0
Burjipara	6	392	186964	815031	0
Burjipeta	1	194	186609	833872	0
Burjne	13	485	331999	741463	0
Burjpalle	31	203	170669	775994	0
Burjsingna	33	526	272684	778194	0
Burju	15	97	137301	754681	0
Burju	14	541	234163	852015	0
Burju	14	416	229942	853302	0
Burju	14	310	233483	845321	0
Burjudih	14	628	228179	858601	0
Burjuguda	1	194	187461	837501	0
Burjuguda	1	194	187263	838027	0
Burjupani	14	712	235798	839226	0
Burjuwadi	20	53	200148	758800	0
Burjwala	27	3	301850	741884	0
Burka	6	723	221591	815605	0
Burka	14	416	230952	851183	0
Burka	14	416	229875	851282	0
Burka	14	740	233353	847629	0
Burka	14	310	232054	847790	0
Burkabhat	6	642	204974	810329	0
Burkacherla	31	241	172235	798162	0
Burkala Tanda	31	241	167830	798400	0
Burkapalli	6	577	182811	811998	0
Burkatoli	14	416	230984	851189	0
Burkatpara	6	577	186615	816160	0
Burkel	25	478	212062	836694	0
Burkel	25	478	209824	830157	0
Burkhera	33	591	252121	794770	0
Burki	19	142	218355	804691	0
Burkikhera	19	462	246961	789545	0
Burkikhera	19	462	246659	790501	0
Burkonda Buzurg	20	110	196826	792905	0
Burkonda Khurd	20	110	196753	792643	0
Burkoni	20	141	204648	788394	0
Burkulegi	31	346	191536	785175	0
Burkunda	14	442	252283	875700	0
Burkundam	31	271	195715	783626	0
Burla	28	22	242371	740359	0
Burla	10	251	202903	731729	0
Burla Nariala	13	485	332709	742281	0
Burlabaru	25	373	199335	835873	0
Burlada	1	258	183045	824427	0
Burlai	19	309	234833	765536	0
Burlapalle	1	190	136767	782096	0
Burlay	19	309	236648	762622	0
Burlendi	25	349	193451	838377	0
Burli	20	131	174168	752904	0
Burli Badhanu	13	485	331315	744262	0
Burlia	19	335	227113	746047	0
Burlipeta	1	176	182738	834720	0
Burmu	14	541	235734	851326	0
Burna	19	338	241706	789363	0
Burna	12	267	316776	772256	0
Burna	6	669	222339	826038	0
Burnagri	33	522	272654	817624	0
Burnapalli	31	229	184451	795985	0
Burnapur	31	58	182790	777948	0
Burnapur	33	282	275317	814953	0
Burnpur	35	618	236705	869466	0
Burnur	31	160	193476	789280	0
Burobhagar	25	262	219575	839092	0
Burochhapar	25	478	208830	832980	0
Burodih	6	393	213498	827643	0
Burodihi	25	546	217357	844659	0
Burodipa	6	17	217722	833760	0
Burogaon	33	370	248139	786306	0
Buroi	13	690	325993	749308	0
Buroi	13	477	324275	755705	0
Buroli	11	500	282488	764482	0
Buromal	25	478	212184	833441	0
Buromal	25	290	218467	840193	0
Buromal	25	546	214161	841347	0
Buromal	25	546	211779	843437	0
Buromunda	25	380	210513	833628	0
Buromunda	25	478	209680	832941	0
Burosia	34	692	298692	797318	0
Burota	13	690	325049	750051	0
Burota	13	477	326857	755378	0
Buroth	13	485	331962	741763	0
Buroturen	14	476	225364	849979	0
Burpali	25	478	215301	838102	0
Burpatia	20	182	218317	742994	0
Burput	1	258	181734	827759	0
Burra	33	445	272763	789934	0
Burra Chak Sahara	33	445	273700	791545	0
Burra Faridpur	33	116	279590	790231	0
Burra Tola	19	142	221648	804545	0
Burraha	33	682	277643	785986	0
Burrai	19	576	234339	799325	0
Burrakayalakota	1	190	137294	783531	0
Burrakayalakote	15	47	134334	782899	0
Burramdih	14	416	229520	853088	0
Burranayakanahalli	15	44	150536	769520	0
Burranpur	15	50	159482	770626	0
Burrareddipalle	1	224	152176	784454	0
Burratangi	1	258	180486	825732	0
Burravanipalem	1	176	181034	835169	0
Burravari Gollalapalem	1	176	183293	835779	0
Burravaripalle	1	207	133420	786375	0
Burrelagudem	31	218	180539	805277	0
Burri Kalan	19	325	221432	786543	0
Burri Khurd	19	325	221437	786301	0
Burrikunta	1	228	155009	776370	0
Burripalem	1	10	158956	797060	0
Burrra	27	647	308861	758385	0
Bursar	13	35	336046	757311	0
Bursatoli	6	384	224670	840374	0
Bursham	11	439	298721	767971	0
Burshanpur	20	132	213754	774894	0
Bursiguda	25	349	195178	834632	0
Bursil	19	30	211722	761854	0
Bursk Khola	34	533	293453	799541	0
Bursoli	34	589	299938	788768	0
Bursona	6	384	227041	841490	0
Bursuan	25	262	222446	850298	0
Bursupiri	14	628	229026	856334	0
Burta	25	262	218905	837682	0
Burtanguda	25	349	189928	838670	0
Burthal	28	519	286092	744078	0
Burthal	28	120	268241	759282	0
Burthal	28	120	271085	757702	0
Burthal Jat	11	500	282658	766432	0
Burti	20	49	208212	763131	0
Burti	20	49	208617	763920	0
Burti	25	399	207395	848793	0
Burti	25	399	207301	848785	0
Burtunga	25	373	202519	843946	0
Buru Baljori	14	276	222904	857543	0
Buru Duia	14	276	225098	854848	0
Buru Goilkera	14	276	226473	852905	0
Buru Hundru	14	276	225045	853882	0
Buru Ichinda	14	276	224836	851502	0
Buru Irge	14	476	227412	849693	0
Buru Kaim	14	276	226879	853046	0
Buru Kasai	14	276	225559	852308	0
Buru Kenduda	14	276	225373	850727	0
Buru Lumin	14	276	226533	851143	0
Buru Marcha	14	276	222698	858412	0
Buru Nalita	14	276	228174	856679	0
Buru Raika	14	276	222843	854826	0
Buru Siringsia	14	276	223229	856869	0
Buru Tulunda	14	276	225057	850946	0
Burubahal	25	399	211084	850789	0
Burubuda	25	546	213080	843815	0
Burubuda	25	372	206297	840938	0
Burubuda	25	372	206635	844385	0
Buruburia	25	373	202633	845321	0
Burudakia	25	373	199932	839169	0
Burudei	25	527	201395	848988	0
Burudghat	20	132	213735	774876	0
Burudih	14	416	230934	854252	0
Burudih	14	416	230911	854879	0
Burudih	14	541	232773	857089	0
Burudih	14	541	231576	856384	0
Burudih	14	541	231035	856434	0
Burudih	14	541	230862	856449	0
Burudih	14	541	230674	856835	0
Burudih	14	541	233085	857944	0
Burudih	35	400	232712	859571	0
Burudih	14	628	230372	858550	0
Burudih	14	541	230224	857597	0
Burudih	14	416	229799	854295	0
Burudih	14	541	229397	855740	0
Burudih	14	541	229495	855896	0
Burudih	14	276	227908	855372	0
Burudih	14	276	228084	856766	0
Burudih	14	628	227462	858646	0
Burudih	14	628	226295	859565	0
Burudih	14	628	226187	859513	0
Burudih	25	281	216684	855440	0
Burudih	14	541	229735	857872	0
Burudkha	20	185	211549	741213	0
Burudugudem	25	-1	178914	814480	0
Burudupalli	25	423	200867	845500	0
Buruga	1	258	182915	831974	0
Buruga	1	194	187008	836052	0
Burugagudem	1	25	166838	810922	0
Burugagudem	1	25	170131	808653	0
Burugagudem	1	103	168274	807203	0
Burugahalli	15	47	132620	781469	0
Burugala	1	224	151363	779482	0
Burugapalem	1	258	176163	819261	0
Burugapalem	1	258	176346	821772	0
Burugapalem	1	258	175134	822639	0
Burugapeta	1	176	182226	834159	0
Burugapudi	1	259	172011	821022	0
Burugaput	1	258	182246	825528	0
Burugara	14	628	229043	855919	0
Burugavada	1	258	176419	820011	0
Burugechettu	1	258	180520	827425	0
Burugmarapalya	15	92	133106	771642	0
Burugoratoli	14	541	234472	856484	0
Burugpalli	31	128	177613	789421	0
Burugpalli	1	-1	191513	784564	0
Burugubanda	1	258	174342	818186	0
Burugubanda	1	258	173119	817812	0
Burugubanda	1	258	174202	818393	0
Burugudem	6	-1	186849	802986	0
Burugudem	1	258	173005	816990	0
Burugugudem	1	25	172582	813188	0
Burugugudem	1	87	170034	814367	0
Burugulu	31	60	178377	808945	0
Burugumetta	1	258	182702	823922	0
Burugupadu	1	258	177879	817666	0
Burugupakalu	1	258	179776	823235	0
Burugupalem	1	219	176797	827174	0
Burugupalem	1	219	177245	827889	0
Buruguvada	31	46	175769	813739	0
Buruguvalasa	1	258	181390	828836	0
Buruguvaya	31	46	177144	810413	0
Buruguvidi	1	258	180880	823902	0
Buruguvidi	1	258	180474	825247	0
Burugvada	1	25	173035	812831	0
Buruhadah	14	416	229778	853625	0
Buruhatu	14	416	231150	854716	0
Buruhatu	14	416	230496	854706	0
Buruhatu	14	416	230382	855011	0
Buruhatu	14	628	230576	859701	0
Buruhatu	14	416	229187	853528	0
Buruhatu	14	276	222003	856014	0
Buruhatu	14	276	221951	856089	0
Buruhatu	14	310	228688	849458	0
Buruhatu	14	276	225594	856906	0
Buruhatu	14	276	223989	856844	0
Buruhatu	14	541	229369	858321	0
Buruhatu	14	628	228971	857840	0
Buruhatu	14	276	225609	857758	0
Buruhatu	14	276	225526	857637	0
Buruhatu	14	276	224970	858554	0
Buruhatu	14	276	221622	857679	0
Buruhatu	25	368	220881	858190	0
Buruhatu	14	276	221792	859754	0
Buruhatu Sundrup	14	541	231868	857913	0
Buruhatutoli	14	416	230703	854243	0
Buruhonjer	14	476	226586	849629	0
Burui	13	559	329728	747358	0
Buruikuti	14	276	219829	858332	0
Burujholi	1	194	189272	838038	0
Burujol	14	276	225808	858412	0
Burujtola	4	491	263671	878000	0
Burujukuntapalle	1	426	142342	775214	0
Burujulapalle	1	426	141944	780804	0
Burujupalle	1	426	142626	782489	0
Burujupalle	1	190	137298	781997	0
Burujupalle	1	190	139187	783769	0
Burujupalle	1	190	139948	784885	0
Burujupalle	1	190	138067	782717	0
Burujupalle	1	190	138072	784422	0
Burujupalle	1	190	136237	783233	0
Burujupalle	1	221	142104	785077	0
Burujupalle	1	190	141333	786236	0
Burujupalle	1	190	140661	785496	0
Burukamohalai	25	499	200569	819160	0
Burukganj	19	354	219361	796098	0
Burukuna	25	399	211412	852079	0
Burul	35	4	223604	881145	0
Burul	29	85	272017	884610	0
Buruma	14	416	229376	853218	0
Burung	29	406	272470	885243	0
Burungivali	25	373	203807	840830	0
Burungkel	14	276	226695	851879	0
Burunglohar	14	628	227442	857646	0
Burungpal	6	578	189941	817564	0
Burunpur	27	665	324103	758627	0
Burupakal	25	108	181369	821246	0
Burupalu	25	527	203990	845482	0
Burupati	25	373	201311	843417	0
Buruqqu	17	8	345164	761901	0
Burursapani	34	413	298777	790835	0
Burusahi	25	527	203896	847440	0
Burusai	14	276	222049	855745	0
Burusai	14	276	223562	858845	0
Burusigu	14	541	229759	857766	0
Burusingi	1	258	179096	826005	0
Buruskheda	20	67	203856	775811	0
Burusubadi	25	349	191522	834977	0
Burut	19	311	225548	765899	0
Burutoli	14	541	232049	854147	0
Burutoli	14	541	232065	856027	0
Burutoli	14	541	231813	855660	0
Burutoli	14	416	228687	851614	0
Burutoli	14	310	231857	846929	0
Buruvancha	1	25	167551	808407	0
Buruwa	19	610	242249	814113	0
Buruwa	34	351	305579	792137	0
Buruzula	1	228	153325	774468	0
Buruzupalle	1	221	147990	781145	0
Burwa	19	497	245551	814730	0
Burwa	19	497	245484	814720	0
Burwa	19	497	246734	814958	0
Burwa	19	497	246982	815582	0
Burwa	19	497	246774	815279	0
Burwa	19	497	246722	815323	0
Burwa	33	242	254539	829140	0
Burwa	33	522	270052	819784	0
Burwa	33	522	270870	823038	0
Burwa	19	576	234373	801313	0
Burwa	28	163	233953	743524	0
Burwa	4	636	257099	866772	0
Burwadih	14	434	240212	860109	0
Burwai	33	575	262165	821587	0
Burwala	19	153	220508	743578	0
Burwalal	13	477	326413	756856	0
Burwar	33	526	270079	777879	0
Burwar	33	370	247105	783382	0
Burwar	19	502	242310	797779	0
Burwara	28	550	254355	739686	0
Burwari	13	485	332548	744976	0
Burwari	13	477	326282	756484	0
Burza Pathri	13	640	334442	749951	0
Burzahama	13	588	341683	748872	0
Burzahom	13	588	341674	748770	0
Burzatop	13	146	335307	751637	0
Burzulkat	17	-1	340851	754634	0