Chandigarh	5	751	307363	767884	970602
Chanda	20	110	199508	792952	328351
Chandannagar	35	268	228623	883680	180623
Chanduasi	33	622	284518	787828	112635
Chandpur	33	553	291349	782719	73555
Chanderi	19	395	247131	781381	33081
Chandrapura	14	498	237488	861196	27425
Chandur	20	110	197344	791717	26755
Chandor	20	54	203306	742447	25341
Chandauli	33	694	252580	832683	25035
Chandrakona	35	650	227333	875167	21855
Chandur	20	132	208141	779802	19776
Chandur Bazar	20	132	212385	777471	18780
Chandili	25	349	192467	834058	18552
Chandameta	19	325	221909	787303	16497
Chandia	19	336	236565	807091	15891
Chandapuram	30	435	81584	773646	14598
Chandla	19	638	250715	801929	12838
Chandkapur	20	139	212815	791042	12077
Chandwa	14	678	236756	847401	12046
Chandur	31	386	178746	781002	11220
Chandur	31	100	169809	790588	10880
Chandarun	28	414	269270	743355	10655
Chandbali	25	703	207752	867414	9918
Chandiman	11	565	307317	768988	9051
Chandrapur	10	145	226035	709590	8906
Chandrapada	20	187	193616	728818	7750
Chandrapur	6	388	217076	832349	7688
Chandan Hola	8	745	284685	771831	6780
Chandigarh	32	552	235021	913371	5607
Chandpur	25	527	199431	854072	5565
Chandrapur Baghicha	3	345	262377	919291	5106
Chandil	14	628	229575	860533	4839
Chandrai	28	330	254281	729405	3249
Chandpura	19	660	238533	772971	557
Chand	4	718	251150	833960	0
Chand	19	325	219452	791217	0
Chand	19	497	249040	813328	0
Chand	12	348	323319	760982	0
Chand	12	348	323196	760606	0
Chand	14	541	232366	852886	0
Chand Bakhsh Khera	33	301	264079	809361	0
Chand Bhan	27	700	303847	748983	0
Chand Bigha	4	734	251102	847811	0
Chand Bigha	4	112	248153	846596	0
Chand Bigha	4	112	246314	845030	0
Chand Chak	14	570	251485	874215	0
Chand Chaur	4	136	257276	857865	0
Chand Chaura	33	152	269299	829102	0
Chand Dabar	33	522	269837	824802	0
Chand Dandi	33	656	286071	796627	0
Chand Dehri	4	363	253631	844593	0
Chand Dhana	19	325	219303	791443	0
Chand Diara	33	516	257869	845623	0
Chand Harpur	4	136	259016	857933	0
Chand ka Talav	28	339	252631	756169	0
Chand Khamaria	33	584	250729	819152	0
Chand Khan	33	659	276061	799488	0
Chand Khanpet	31	447	177934	786392	0
Chand Khap	4	112	246291	841918	0
Chand Khap	4	112	246832	842762	0
Chand Khera	33	526	272922	782072	0
Chand Khera	33	685	266343	809055	0
Chand Khera	33	637	264778	815332	0
Chand Kheri	33	431	300420	774773	0
Chand Kheri	34	617	291794	791115	0
Chand Kudaria	4	520	261794	847882	0
Chand Mundia	33	329	288066	795047	0
Chand Nawan	27	480	307567	750864	0
Chand Parsa	4	382	264176	848290	0
Chand Patti	33	479	262740	832649	0
Chand Patti	4	675	263864	842362	0
Chand Pir	15	91	144186	756167	0
Chand Purana	27	480	307480	750990	0
Chand Purwa	33	282	276813	815959	0
Chand Purwa	33	595	276591	819657	0
Chand Purwa	33	575	264789	818726	0
Chand Purwa	33	488	273458	812555	0
Chand Sarai	33	31	269421	810885	0
Chand Sarai	33	685	267739	810924	0
Chand Sarai	4	687	258224	853638	0
Chand Sarai	4	687	257151	855673	0
Chand Saraia	4	382	265538	849189	0
Chand Sihali	33	31	272102	813458	0
Chand Surari	4	136	256844	859620	0
Chanda	33	575	260674	823094	0
Chanda	33	445	270324	793115	0
Chanda	33	686	267923	795781	0
Chanda	28	115	264032	764172	0
Chanda	28	357	254732	764082	0
Chanda	28	22	244339	738222	0
Chanda	33	661	273931	795090	0
Chanda	33	451	277599	799779	0
Chanda	4	718	250743	833415	0
Chanda	4	718	250382	835425	0
Chanda	31	271	197105	785494	0
Chanda	33	445	271294	792083	0
Chanda	19	512	242115	801893	0
Chanda	33	654	261992	809830	0
Chanda	33	619	252398	814042	0
Chanda	33	522	269971	824360	0
Chanda	33	314	265938	834475	0
Chanda	4	734	251528	844935	0
Chanda	4	363	255826	845342	0
Chanda	4	520	259475	848142	0
Chanda	4	520	259012	848458	0
Chanda	4	363	256071	847836	0
Chanda	34	617	288806	799557	0
Chanda	4	597	255847	840744	0
Chanda	4	597	256041	842347	0
Chanda	4	394	249951	841895	0
Chanda	4	363	256254	844740	0
Chanda	4	363	252623	844643	0
Chanda	4	112	249594	844616	0
Chanda	4	581	253733	857974	0
Chanda	14	732	240808	854636	0
Chanda	4	632	255317	869752	0
Chanda	4	112	245830	843961	0
Chanda	4	117	245944	849895	0
Chanda	4	117	245201	849185	0
Chanda	4	641	263523	871443	0
Chanda	14	570	251475	874480	0
Chanda	4	602	255559	875132	0
Chanda	35	347	240592	876112	0
Chanda	4	581	254350	855633	0
Chanda	4	582	249602	870408	0
Chanda Bara	4	106	247588	853481	0
Chanda Bas	11	415	286577	758866	0
Chanda Bas Chak	11	415	286718	758989	0
Chanda Bas Chak	11	415	286591	758968	0
Chanda Bigha	4	394	250026	841833	0
Chanda Bigha	4	106	249480	857798	0
Chanda Buzurg	33	522	269403	824599	0
Chanda Buzurg	33	152	268785	825338	0
Chanda Buzurg	4	117	247135	852360	0
Chanda Chak	33	515	262687	841376	0
Chanda Chak	4	581	253874	850951	0
Chanda Chaube	33	152	269023	824434	0
Chanda Devi Parao	34	530	292983	795506	0
Chanda Ji Ka Gara	28	23	243658	727432	0
Chanda ka Nagla	33	613	283132	777551	0
Chanda ka Pura	33	688	257284	821261	0
Chanda Khera	33	301	264000	810176	0
Chanda Khera Digalhal	33	301	264056	810079	0
Chanda Kheri	11	88	302923	772925	0
Chanda Khurd	33	152	268769	825376	0
Chanda Mau	33	522	270546	821578	0
Chanda Muhammadpur	33	659	273040	797628	0
Chanda Phatni	20	53	200628	758142	0
Chanda Purwa	33	548	270593	798252	0
Chanda Purwa	33	548	270014	796992	0
Chanda Purwa	33	654	261477	814712	0
Chanda Purwa	33	659	276422	801636	0
Chanda Purwa	33	659	273133	800463	0
Chanda Surja	33	196	251343	829543	0
Chanda Tappa Kot	33	522	269766	825285	0
Chanda Tepni	20	53	200804	758162	0
Chanda Tikar	33	654	261204	810113	0
Chandabhari	33	479	260789	830326	0
Chandabigha	14	732	243290	855389	0
Chandabila	35	639	220873	870176	0
Chandaboh	19	325	227102	791606	0
Chandadhana	19	208	240664	777781	0
Chandadhand	28	298	256270	754263	0
Chandadhand-ki-Jhonpria	28	298	256318	754176	0
Chandadih	14	434	245103	862673	0
Chandadka	15	55	125456	754948	0
Chandadoh	19	142	217035	796801	0
Chandagahan	19	648	226994	772713	0
Chandagala	15	74	124788	763830	0
Chandagala	15	93	123942	766989	0
Chandaganahalli	15	422	135504	778836	0
Chandagar	6	384	226336	835886	0
Chandagarh	6	611	216077	826887	0
Chandagarh	20	134	205570	802198	0
Chandaghasi	14	541	232899	853496	0
Chandagutu	14	416	229332	853319	0
Chandaha	33	152	267121	823947	0
Chandaha	33	532	264839	824950	0
Chandaha	33	314	267200	831101	0
Chandahalli	15	74	122195	769863	0
Chandahallidoddi	15	93	125806	771121	0
Chandahandi	25	273	200300	829000	0
Chandahandi	25	499	198471	824914	0
Chandahari	33	488	274083	806941	0
Chandai	19	313	247972	808523	0
Chandai	33	445	273952	788919	0
Chandai	20	132	210121	774576	0
Chandai	19	497	249824	815846	0
Chandai	33	522	270128	818216	0
Chandai	19	497	250093	817100	0
Chandai	6	611	215943	830387	0
Chandai	4	507	250548	849985	0
Chandai	33	278	265829	791174	0
Chandai	35	400	233197	858802	0
Chandai Charuhar	33	654	259898	811423	0
Chandai Dhekaha	33	33	255620	826532	0
Chandai Patti	33	532	263894	824825	0
Chandai Purwa	19	497	250220	817213	0
Chandai Raghunathpur	33	654	262495	811252	0
Chandai Tumbri	20	53	200954	758228	0
Chandaia	33	686	267534	794772	0
Chandaigir	14	673	240119	842700	0
Chandail	4	410	260733	864970	0
Chandaila	4	117	249020	853168	0
Chandailepur	33	575	261686	823063	0
Chandain	33	458	291424	774235	0
Chandain	33	622	285332	786204	0
Chandain	33	531	289553	793199	0
Chandaini	6	517	219082	811676	0
Chandaini	19	646	244980	818134	0
Chandaini	33	532	265197	825394	0
Chandaini	33	584	252943	819276	0
Chandaini	4	117	248962	847150	0
Chandainiya	19	607	243323	823175	0
Chandaipur	33	196	251086	825502	0
Chandaipur	33	196	251196	825544	0
Chandaipur	33	282	273371	817165	0
Chandaipur	33	575	261835	820177	0
Chandaipur	33	152	268309	826108	0
Chandaipura	19	497	250149	817304	0
Chandaitara	33	626	254865	815978	0
Chandaiya Bari	33	584	252694	817274	0
Chandajikaka	28	22	246602	741692	0
Chandak	13	1	337498	741736	0
Chandaka	25	521	203667	857667	0
Chandakacherla	1	426	140064	773198	0
Chandakamakki	15	333	137130	753449	0
Chandakapalem	1	219	177053	828440	0
Chandakapalem	1	176	182220	833497	0
Chandakapeta	1	176	180716	835024	0
Chandakapeta	1	453	184271	839710	0
Chandakhar	19	568	224717	776451	0
Chandakheri	19	311	228818	764722	0
Chandakvadi	15	69	119282	770061	0
Chandal	13	477	327563	758025	0
Chandal	19	324	245786	773548	0
Chandala	20	134	201510	800790	0
Chandala	1	68	163867	814193	0
Chandalangi	25	-1	188289	833686	0
Chandalapura	15	652	133168	763122	0
Chandaldungariya	19	503	228427	795225	0
Chandaleh	4	687	257228	852038	0
Chandalgi	14	740	235638	845403	0
Chandali	19	336	232749	809859	0
Chandali	28	428	259808	750641	0
Chandali	14	310	230783	845505	0
Chandalia	4	567	252124	861749	0
Chandaliguda	25	349	190757	838420	0
Chandaliya	28	487	251125	768714	0
Chandaliya	28	487	251130	768582	0
Chandalmara	14	633	244883	876851	0
Chandalmeta	20	168	211973	803442	0
Chandalmura	6	17	219012	833837	0
Chandaluru	1	195	158026	795998	0
Chandaluru	1	212	157850	801379	0
Chandalya	28	321	246129	764533	0
Chandamal	25	546	217080	840850	0
Chandamanayakkanpalaiyam	30	154	108338	771621	0
Chandamanikkam	30	257	106332	794817	0
Chandamanikkam	30	257	106246	794518	0
Chandamau	19	326	237277	783882	0
Chandamau	19	338	239489	784844	0
Chandamau	33	31	270726	813987	0
Chandamau	33	31	268721	816532	0
Chandamau	33	312	279641	804408	0
Chandameta Kalan	19	325	220556	786846	0
Chandamosina	35	400	233376	858965	0
Chandampet	31	100	165785	788776	0
Chandampet	31	386	179689	784229	0
Chandamuru	1	426	143375	776777	0
Chandan	4	582	246185	866684	0
Chandan	33	525	296725	778978	0
Chandan	6	365	213936	826279	0
Chandan	33	595	277382	817557	0
Chandan	19	337	237143	805448	0
Chandan Bhari	33	595	277439	818058	0
Chandan Bigha	4	106	249315	855396	0
Chandan Chhapra	4	615	263124	845065	0
Chandan Dih	33	269	272858	824258	0
Chandan Hosur	15	77	158246	746245	0
Chandan Jot	33	522	273319	820326	0
Chandan Jot	33	269	274019	821928	0
Chandan Jot	33	269	272145	824319	0
Chandan Jot	33	280	272928	827052	0
Chandan Jot	33	280	272219	825453	0
Chandan Khera	27	3	301890	743049	0
Chandan Khera	33	301	265751	808578	0
Chandan Khera	33	301	264608	808581	0
Chandan Khera	33	301	263622	809479	0
Chandan Khera	33	659	271415	807612	0
Chandan Khera	33	659	272664	801838	0
Chandan Khiri	14	628	225236	859264	0
Chandan Khiria	19	324	244564	773867	0
Chandan ki Marhaiyan	33	613	285525	778233	0
Chandan Kota	33	464	285754	784235	0
Chandan Kundi	33	595	276938	820475	0
Chandan Kurwa	14	434	239246	859667	0
Chandan Mogri	19	153	222305	741359	0
Chandan Pat	12	348	324420	764037	0
Chandan Patti	33	532	265126	826047	0
Chandan Patti	33	532	264044	827244	0
Chandan Patti	33	532	263347	827399	0
Chandan Pipalia	19	326	232039	785275	0
Chandan Purwa	33	548	269910	797561	0
Chandan Purwa	33	31	269577	813052	0
Chandan Purwa	33	584	250606	818614	0
Chandan Purwa	33	282	279443	814105	0
Chandan Sawargaon	20	34	187092	761768	0
Chandan Tara	33	659	273168	800716	0
Chandana	11	614	297489	763805	0
Chandana	14	712	243002	837793	0
Chandana	19	311	229607	759985	0
Chandana	1	99	150820	778131	0
Chandanada	1	219	173697	827008	0
Chandanaduru	15	422	136767	774462	0
Chandanagar	31	62	174938	783317	0
Chandanahalli	15	92	128239	769185	0
Chandanakeri	15	50	164113	769151	0
Chandanappalli	16	216	92088	767731	0
Chandanapur	15	72	164618	767997	0
Chandanapuram	30	264	98857	782174	0
Chandanathope	16	528	89292	766409	0
Chandanatodu	16	233	118455	758096	0
Chandanbahra	6	627	203711	820786	0
Chandanbhet	19	324	243991	771898	0
Chandanbigha	4	112	245666	841607	0
Chandanbirhi	6	642	209188	812685	0
Chandanbirhi	6	642	206929	814952	0
Chandanbirhi	6	620	205779	809808	0
Chandanchettiyarvila	30	435	81760	774315	0
Chandandih	14	541	232342	856380	0
Chandandih	14	678	237431	845131	0
Chandandih	14	434	242177	862691	0
Chandandih	14	434	240414	863102	0
Chandangaon	28	429	266865	768993	0
Chandangaon	19	325	220342	789278	0
Chandangaon	19	325	219119	791581	0
Chandangaon	19	334	235989	761893	0
Chandangaon	19	325	223036	792678	0
Chandangaondhana	19	325	220365	789051	0
Chandangaria	14	643	241665	875884	0
Chandangirayi	30	223	113941	783280	0
Chandangiri	6	80	188790	803376	0
Chandangora	19	326	231917	779557	0
Chandanhan	33	584	253315	821226	0
Chandanhari	19	338	236927	784029	0
Chandanhari	33	488	276965	808642	0
Chandanhera	28	487	250961	769080	0
Chandanhera Ki Tapri	28	487	251014	769081	0
Chandanholi	28	115	264694	765133	0
Chandani	12	514	306572	775430	0
Chandani	33	479	258295	831956	0
Chandania	19	325	222042	783753	0
Chandania	19	325	222404	784189	0
Chandania	19	325	222484	784343	0
Chandania	6	669	221215	824185	0
Chandania	14	434	243923	859618	0
Chandanian	33	523	278879	780878	0
Chandanian	14	434	243292	862887	0
Chandaniyan ka Par	28	274	256613	706952	0
Chandankati	33	622	284435	785279	0
Chandankati Chuho	33	622	284401	785391	0
Chandanke	27	214	316885	752004	0
Chandankeri Tanda	15	71	174898	771595	0
Chandankhal	13	0	345802	744177	0
Chandankhanda	35	347	241461	878159	0
Chandankheda	20	110	202633	792190	0
Chandankhedi	19	129	220957	747658	0
Chandankhedi	19	129	220900	747767	0
Chandankhera	19	503	228386	789044	0
Chandankhera	19	337	237123	799934	0
Chandankhera	19	503	229542	794489	0
Chandankhera	19	638	244492	796432	0
Chandankhera	19	354	224814	800137	0
Chandankheri	15	71	175151	771778	0
Chandankheri	33	464	287725	782970	0
Chandankheri	19	635	229802	756439	0
Chandankheri	19	129	225864	755776	0
Chandankheri	20	134	197210	798242	0
Chandankheri	20	134	196311	798385	0
Chandanki	11	524	278754	771760	0
Chandankiari	35	-1	235687	863598	0
Chandankuppe	15	92	128588	770910	0
Chandanmatti	15	655	155088	750922	0
Chandanmuli	19	153	222400	741331	0
Chandannagar	20	139	211334	791064	0
Chandannagar	33	116	280694	791549	0
Chandannagar	35	347	243220	877810	0
Chandannagar	25	372	207694	843090	0
Chandanpar	4	505	247860	860476	0
Chandanpara	33	532	264811	825164	0
Chandanpardi	20	139	211633	785390	0
Chandanpatti	33	33	257363	825311	0
Chandanpatti	4	381	259566	855851	0
Chandanpur	33	269	276577	826579	0
Chandanpur	25	674	205490	866540	0
Chandanpur	33	278	267663	790841	0
Chandanpur	33	431	298896	774930	0
Chandanpur	33	174	275347	776475	0
Chandanpur	33	116	279592	788470	0
Chandanpur	33	682	275471	791816	0
Chandanpur	33	445	272679	792994	0
Chandanpur	33	548	270060	795060	0
Chandanpur	33	661	272274	796537	0
Chandanpur	33	644	276596	781631	0
Chandanpur	33	389	274010	785359	0
Chandanpur	19	512	243135	800654	0
Chandanpur	33	196	248948	829543	0
Chandanpur	33	488	273183	811809	0
Chandanpur	33	685	270221	808362	0
Chandanpur	33	450	262650	804219	0
Chandanpur	33	450	263704	804866	0
Chandanpur	33	464	285640	782953	0
Chandanpur	33	116	280936	786947	0
Chandanpur	33	116	280897	787002	0
Chandanpur	33	531	286037	789896	0
Chandanpur	33	575	262749	822415	0
Chandanpur	33	605	266050	823130	0
Chandanpur	33	532	263537	825663	0
Chandanpur	33	532	264374	829788	0
Chandanpur	33	496	271844	832995	0
Chandanpur	19	142	217870	800108	0
Chandanpur	33	488	275201	809917	0
Chandanpur	33	488	272952	808555	0
Chandanpur	33	282	279107	813958	0
Chandanpur	33	31	271234	814233	0
Chandanpur	25	273	197838	834415	0
Chandanpur	34	617	291092	792081	0
Chandanpur	4	520	258738	847866	0
Chandanpur	33	329	283425	792837	0
Chandanpur	35	347	245164	878093	0
Chandanpur	14	379	241029	848193	0
Chandanpur	25	683	215596	849090	0
Chandanpur	25	399	207617	849766	0
Chandanpur	25	580	198868	858138	0
Chandanpur Bibamau	33	278	269157	789151	0
Chandanpur Ghatiari	33	593	279569	786886	0
Chandanpur Khurd	33	278	267507	788966	0
Chandanpura	33	710	263949	791425	0
Chandanpura	33	553	292774	781549	0
Chandanpura	28	402	251519	747143	0
Chandanpura	28	113	270318	775270	0
Chandanpura	19	337	237379	799709	0
Chandanpura	33	593	275829	789675	0
Chandanpura	19	459	264073	777224	0
Chandanpura	19	420	254879	776583	0
Chandanpura	33	644	276548	784268	0
Chandanpura	19	420	255923	782044	0
Chandanpura	19	638	244580	795015	0
Chandanpura	4	394	250194	839428	0
Chandanpura	33	553	296437	784034	0
Chandanpura	19	317	223339	759447	0
Chandanpura	28	402	250581	743790	0
Chandanpura	4	567	251914	861751	0
Chandanpura	4	495	251271	852744	0
Chandanpuri	20	54	205217	745378	0
Chandanpuri	19	317	219863	756367	0
Chandansigh ka Pura	19	322	266340	784763	0
Chandantara	33	522	268956	820019	0
Chandantoli	14	476	227541	849033	0
Chandanur	30	215	122976	782542	0
Chandanvayi	20	110	197442	792510	0
Chandanvelli	31	62	172332	781720	0
Chandanwala	33	553	295668	784430	0
Chandanwara	19	325	220685	792321	0
Chandanwara	28	163	234480	741074	0
Chandanwara Kalan	19	354	223078	797496	0
Chandanwara Khurd	19	354	222996	797792	0
Chandanwas	11	500	283402	766307	0
Chandanwelli	20	134	196751	801553	0
Chandaoli	33	370	248769	786916	0
Chandaora	19	610	236354	816097	0
Chandap	10	205	239242	728446	0
Chandapalli	31	386	178645	784485	0
Chandapar	33	280	274167	829667	0
Chandapar	33	152	267346	827726	0
Chandapar	33	152	267251	827894	0
Chandapar	33	623	266010	830694	0
Chandapar	4	581	253560	850462	0
Chandapara	6	393	212385	824819	0
Chandapara	14	416	232169	851985	0
Chandapet	31	62	173733	782611	0
Chandaposi	25	399	214187	852885	0
Chandapur	31	32	176677	781967	0
Chandapur	31	32	180173	778056	0
Chandapur	20	67	201070	781659	0
Chandapur	15	71	169857	774051	0
Chandapur	15	72	165316	773649	0
Chandapur	31	272	164861	774864	0
Chandapur	33	451	278260	796177	0
Chandapur	31	144	162665	780664	0
Chandapur	33	451	277721	798957	0
Chandapur	33	659	273127	797637	0
Chandapur	33	645	261818	798132	0
Chandapur	33	698	255639	810462	0
Chandapur	20	67	202476	779825	0
Chandapur	20	110	200181	797518	0
Chandapur	20	34	188105	765550	0
Chandapur	15	72	167055	766727	0
Chandapur	15	167	180495	773891	0
Chandapur	31	448	164390	787209	0
Chandapur	33	584	248879	819281	0
Chandapur	33	33	259403	824921	0
Chandapur	33	561	252951	823486	0
Chandapur	33	561	253715	824952	0
Chandapur	33	561	253828	827030	0
Chandapur	33	242	253051	829402	0
Chandapur	33	242	254144	829880	0
Chandapur	33	242	252223	828162	0
Chandapur	33	196	252019	829574	0
Chandapur	33	654	265353	811717	0
Chandapur	33	654	263692	813316	0
Chandapur	33	637	263615	817896	0
Chandapur	33	575	263682	819376	0
Chandapur	33	688	258927	814409	0
Chandapur	31	58	183424	782478	0
Chandapur	33	637	261217	819879	0
Chandapur	33	269	273731	823470	0
Chandapur	33	280	270639	829065	0
Chandapur	33	522	269352	821134	0
Chandapur	33	575	263775	820921	0
Chandapur	33	532	264389	823529	0
Chandapur	33	575	260610	823003	0
Chandapur	33	688	259091	817509	0
Chandapur	33	584	255399	818344	0
Chandapur	20	112	203857	756335	0
Chandapur	33	31	268818	817472	0
Chandapur	33	654	261358	815082	0
Chandapur	15	91	149413	751697	0
Chandapur	15	91	147958	756755	0
Chandapur	4	495	251943	851942	0
Chandapur	31	447	178197	785622	0
Chandapur	31	447	179832	786979	0
Chandapur Bachhani	33	479	257432	829388	0
Chandapur Bangar	33	548	271449	798375	0
Chandapura	13	76	340343	746722	0
Chandapura	15	43	128029	777036	0
Chandapura	15	652	128906	762376	0
Chandapuram	31	203	169887	779775	0
Chandapuram	1	103	167564	802764	0
Chandapuram	31	295	159872	779375	0
Chandar	12	514	308028	770934	0
Chandar	12	514	307090	771704	0
Chandar	33	417	257493	787724	0
Chandar	19	-1	251735	815135	0
Chandar	13	477	324781	755698	0
Chandar	19	461	222708	805543	0
Chandar	33	659	271337	806943	0
Chandar	12	39	319854	764933	0
Chandar Bhan	27	468	320258	755106	0
Chandar Bhanpur	33	637	262661	816774	0
Chandar Bigha	4	495	253428	851922	0
Chandar Dip	33	522	269667	824937	0
Chandar Kaithi	4	394	249066	838473	0
Chandar Kalan	11	425	296503	758179	0
Chandar Khurd	11	425	296508	758304	0
Chandar Sainpah	33	27	256702	836211	0
Chandar Sekharpur	25	277	207613	852650	0
Chandar Seli	4	505	248066	862046	0
Chandar Sena	33	301	263876	808351	0
Chandar Tola	33	314	270696	833207	0
Chandar Udaiya	33	584	251043	818027	0
Chandara	33	548	270067	794402	0
Chandaraki	15	72	168605	774393	0
Chandaram	20	134	190669	798689	0
Chandarammapeta	1	194	185510	832223	0
Chandaratti	33	522	269338	824703	0
Chandarauli	33	623	265593	829089	0
Chandarbani	4	535	261763	862984	0
Chandarbatan	13	358	333125	754819	0
Chandarbhal Khera	33	301	263759	810197	0
Chandarbhal Khera	33	301	263645	810326	0
Chandarbhal Khera	33	301	263860	810062	0
Chandarbhal Khera	33	301	264337	810089	0
Chandarbhan	33	593	278508	789071	0
Chandarbhan Chak	33	27	256721	835049	0
Chandarbhan Ka Nagla	33	174	274720	776669	0
Chandarbhanpur	33	682	275810	785258	0
Chandarbhanpur	33	33	255944	825150	0
Chandarbhanpur	33	33	255964	824887	0
Chandarbhanpur	33	31	267458	814184	0
Chandarbhanpur	33	522	270553	816343	0
Chandarbhanpur	33	688	260478	819600	0
Chandarbhanpur	33	152	270275	827368	0
Chandarbhanpur	33	479	263506	829673	0
Chandarbhanpur	4	394	250973	840022	0
Chandardei	4	106	247424	853406	0
Chandardeopur	33	27	257123	835250	0
Chandardih	4	535	264704	862314	0
Chandardin	33	605	265548	823803	0
Chandardip	4	535	261565	863794	0
Chandardip	4	505	249378	858575	0
Chandardip Ghat	33	522	271313	824980	0
Chandardipa	33	196	251365	825503	0
Chandare	16	294	121762	751731	0
Chandargaddi	33	280	271483	829389	0
Chandargaon	4	491	262723	877347	0
Chandargaon	4	590	258253	877151	0
Chandargaon	4	590	258861	877702	0
Chandargarh	4	363	252690	845780	0
Chandargarh	4	112	245830	841154	0
Chandargarh	4	410	261995	864676	0
Chandarghatti	14	454	243587	855428	0
Chandargiri	25	572	202557	825291	0
Chandarhapur	33	516	260048	838390	0
Chandarhetatola	4	112	248246	846036	0
Chandarhir	14	434	242118	861362	0
Chandari	33	450	264240	803855	0
Chandari	12	348	327689	761717	0
Chandari	33	451	279641	800070	0
Chandaria	33	314	264098	834004	0
Chandaripa	33	282	273498	815911	0
Chandarjotdhana	19	325	219800	786575	0
Chandarkaganj	33	605	265168	822972	0
Chandarkal	31	448	163573	783546	0
Chandarkapur	33	488	271643	808681	0
Chandarkha	33	694	252488	830909	0
Chandarkha Buzurg	33	595	276663	816960	0
Chandarkho	14	434	244002	858978	0
Chandarma	4	602	255810	875741	0
Chandarman	4	382	268942	849963	0
Chandarman	33	686	266988	793486	0
Chandarmandih	4	505	245829	864718	0
Chandarmanipur	34	530	290989	795303	0
Chandarmarni	14	434	241680	858960	0
Chandarnagar	8	755	286514	772843	0
Chandarpai Kheri	33	431	299132	773015	0
Chandarpur	6	269	235768	836107	0
Chandarpur	6	388	217086	832331	0
Chandarpur	33	445	270273	792635	0
Chandarpur	33	445	270009	792963	0
Chandarpur	33	686	267922	795210	0
Chandarpur	19	338	236125	788694	0
Chandarpur	19	354	218236	796181	0
Chandarpur	33	548	271109	795697	0
Chandarpur	33	445	273959	789900	0
Chandarpur	19	208	241290	774090	0
Chandarpur	33	686	265865	795945	0
Chandarpur	33	526	268671	786538	0
Chandarpur	20	132	210384	774664	0
Chandarpur	14	673	244643	839866	0
Chandarpur	33	445	270861	791513	0
Chandarpur	33	575	263036	818684	0
Chandarpur	33	152	266694	828091	0
Chandarpur	33	496	269477	835827	0
Chandarpur	33	539	268780	836692	0
Chandarpur	33	539	269042	837801	0
Chandarpur	33	539	269057	839313	0
Chandarpur	19	461	224757	804031	0
Chandarpur	6	669	219840	827179	0
Chandarpur	6	723	222434	817029	0
Chandarpur	4	457	268786	841866	0
Chandarpur	4	597	256461	843307	0
Chandarpur	14	673	240396	844893	0
Chandarpur	14	673	240434	844322	0
Chandarpur	14	454	243304	856275	0
Chandarpur	4	136	257691	861758	0
Chandarpur	4	582	249037	870501	0
Chandarpur	14	416	229963	851325	0
Chandarpur	25	262	217288	848441	0
Chandarpur	25	399	207961	844554	0
Chandarpur	33	445	270909	792251	0
Chandarpur Kalan	33	278	267637	788563	0
Chandarpur Tejpur	34	530	292919	792263	0
Chandarpur Tewari	34	530	293329	790642	0
Chandarpura	33	278	269667	792222	0
Chandarpura	28	321	243040	765164	0
Chandarpura	33	593	276550	789936	0
Chandarpura	33	445	272890	791152	0
Chandarpura	14	712	244872	837964	0
Chandarpura	19	16	239426	768668	0
Chandarpura	4	518	250354	865462	0
Chandarpura	4	112	246611	842613	0
Chandarpura	4	582	249238	870992	0
Chandarpura	14	498	236267	858375	0
Chandarsaina	4	560	265476	857852	0
Chandarsen	33	626	253807	816808	0
Chandarsi	33	710	259110	797685	0
Chandarsikarpur	25	281	219379	857009	0
Chandarsipur	33	659	273904	798442	0
Chandarsipur	33	659	274038	798501	0
Chandartali	33	196	251125	830523	0
Chandarwal	27	696	305036	754863	0
Chandarya	33	637	260951	818976	0
Chandas	20	127	201898	768785	0
Chandas	28	679	266819	761694	0
Chandas	20	132	214366	783402	0
Chandasandra	15	375	130171	773321	0
Chandasi	4	495	252670	854644	0
Chandasitola	4	581	254696	851829	0
Chandasni	28	263	260467	734073	0
Chandatoli	14	416	232340	851968	0
Chandatoli	14	310	230663	847150	0
Chandatoli	14	476	224582	844595	0
Chandatoli	14	310	228538	849046	0
Chandaturupadu	1	195	153695	793781	0
Chandau	34	430	306294	778244	0
Chandau	33	116	280842	790534	0
Chandau Bakha	33	659	272156	798492	0
Chandau Beche	33	659	272097	798431	0
Chandaua	33	445	271710	793568	0
Chandaua	33	329	282548	793726	0
Chandauka	33	451	278821	796758	0
Chandauka	33	532	264067	822827	0
Chandauka	33	479	260904	832185	0
Chandaukha	33	523	279790	780904	0
Chandaukhi	33	698	257613	805927	0
Chandaukhi	33	621	259103	801307	0
Chandauki	33	33	257089	822054	0
Chandauki	33	516	258160	840861	0
Chandaul	11	586	284920	765450	0
Chandaul	14	732	238533	852586	0
Chandaula	19	610	241668	813015	0
Chandauli	19	638	245348	790894	0
Chandauli	28	463	277022	765818	0
Chandauli	11	466	291225	771223	0
Chandauli	33	548	268891	798980	0
Chandauli	33	548	269517	798113	0
Chandauli	33	591	255249	797039	0
Chandauli	33	196	251837	831103	0
Chandauli	19	610	241788	812935	0
Chandauli	11	286	294468	770033	0
Chandauli	33	102	247427	829798	0
Chandauli	33	102	245162	829537	0
Chandauli	33	488	275306	812211	0
Chandauli	33	488	274286	812166	0
Chandauli	33	31	269904	811061	0
Chandauli	33	31	269712	811875	0
Chandauli	33	31	268515	812610	0
Chandauli	33	488	271584	808944	0
Chandauli	33	622	286238	784889	0
Chandauli	33	654	262206	811879	0
Chandauli	33	654	260889	812465	0
Chandauli	33	605	264539	821295	0
Chandauli	33	575	262058	823602	0
Chandauli	33	575	261639	823855	0
Chandauli	33	532	264988	826259	0
Chandauli	33	33	260400	825426	0
Chandauli	33	314	263891	833145	0
Chandauli	33	659	271660	806919	0
Chandauli	33	31	272230	811137	0
Chandauli	33	312	278005	812628	0
Chandauli	33	31	269167	816009	0
Chandauli	33	31	268149	815257	0
Chandauli	4	615	260516	842138	0
Chandauli	4	112	247799	843109	0
Chandauli	4	112	247450	845268	0
Chandauli	4	112	247499	846292	0
Chandauli	4	136	257554	858343	0
Chandauli	4	136	259202	858671	0
Chandauli	4	106	248246	855104	0
Chandauli	4	136	257053	862782	0
Chandauli	33	278	266497	790502	0
Chandauli	33	686	268396	794634	0
Chandauli	4	136	258144	856618	0
Chandauli	4	136	258972	857161	0
Chandauli	33	659	271423	801373	0
Chandauli Ahir	33	621	257986	798907	0
Chandauli Buzurg	33	314	266138	833846	0
Chandauli Buzurg	4	112	247347	843599	0
Chandauli Gangauli	4	615	261627	842300	0
Chandauli Khurd	33	523	279683	782041	0
Chandauli Khurd	33	694	252932	831965	0
Chandauli Khurd	33	314	266098	833840	0
Chandaulia	33	269	273004	824061	0
Chandaur	33	575	264153	819832	0
Chandaur	4	615	261467	840868	0
Chandaur	4	569	261921	861576	0
Chandaura	33	525	292878	778166	0
Chandaura	19	502	239138	794909	0
Chandaura	19	638	250198	794342	0
Chandaura	33	526	269904	781049	0
Chandaura	33	698	258359	805866	0
Chandaura	33	116	280109	789232	0
Chandaura	33	301	270049	805497	0
Chandaura	33	31	272080	812757	0
Chandaura	33	116	281559	792973	0
Chandaura	4	507	252027	850698	0
Chandaura	4	495	250608	853851	0
Chandaura	4	495	253022	855347	0
Chandauri	14	434	246197	860519	0
Chandauri	33	525	292922	778191	0
Chandauri	33	174	277653	774997	0
Chandauri	33	621	256792	797488	0
Chandauri	33	672	291339	777967	0
Chandauri Khas	33	672	290314	775208	0
Chandauri Khurd	19	354	222553	794314	0
Chandauripatti Dalu	33	672	290357	775178	0
Chandaus	33	523	280813	778501	0
Chandaus	33	593	279541	786375	0
Chandaut	33	621	259030	796648	0
Chandaut	4	112	246402	843195	0
Chandautha	28	463	277893	768529	0
Chandauti	4	117	247823	849719	0
Chandauwakhera	19	462	248955	789587	0
Chandavad	19	317	218847	754443	0
Chandavad	19	317	217189	756908	0
Chandavali	19	322	263362	789249	0
Chandavar	15	59	143910	744812	0
Chandavaram	1	195	159034	794285	0
Chandawada	10	170	227462	742090	0
Chandawal	28	263	259851	737977	0
Chandawal	19	607	240614	826668	0
Chandawali	33	710	264027	792733	0
Chandawali	11	741	283198	773516	0
Chandawani	19	509	252757	784529	0
Chandawara	19	420	254793	783210	0
Chandawari	10	181	212210	704495	0
Chandawari ka Pura	19	459	264266	778091	0
Chandawas	11	500	282107	765912	0
Chandayar	33	516	261665	838265	0
Chandayar	33	516	260155	841165	0
Chandayar Balipur	33	516	261720	838306	0
Chandayat	33	694	251984	831475	0
Chandbagh	4	641	262165	874950	0
Chandbaja	27	700	307419	748609	0
Chandbar	19	326	234917	783160	0
Chandbar	19	208	242790	773859	0
Chandbar	19	16	237488	769621	0
Chandbarai	33	116	278540	792082	0
Chandbari	33	314	267991	831195	0
Chandbari	19	239	218210	746653	0
Chandbaria	14	276	221982	859235	0
Chandbarli	19	16	235087	769799	0
Chandbehra	19	443	219829	777469	0
Chandbhathi	4	590	258162	875996	0
Chanddaha	14	483	241818	868684	0
Chanddih	14	712	245026	835819	0
Chanddih	14	454	247424	857763	0
Chande	20	150	193639	749333	0
Chande	20	185	207318	746689	0
Chande	20	185	206921	748971	0
Chande	27	214	317653	749931	0
Chande	15	248	131750	750961	0
Chande Chak	13	559	327583	746375	0
Chande Gadia	33	280	272486	829204	0
Chande ka Bah	12	514	307416	772870	0
Chande Khera	33	31	266430	813107	0
Chandeal	13	559	329194	747667	0
Chandebara	4	106	246353	854584	0
Chandedih	14	454	244315	855699	0
Chandedih	4	581	254541	851114	0
Chandedih	14	628	229082	857194	0
Chandeh	12	267	316471	770133	0
Chandeh	19	497	247804	817384	0
Chandeh	19	497	246725	815978	0
Chandeh	19	497	246735	815900	0
Chandeh	19	497	246972	819203	0
Chandehari	19	497	245116	814974	0
Chandehipur	33	654	260461	810794	0
Chandehra	33	27	257584	836699	0
Chandehra	19	461	228750	802662	0
Chandehra	33	488	273645	808074	0
Chandehra Tola	19	461	228711	802548	0
Chandehti	33	278	267990	792013	0
Chandel	9	24	157271	738955	0
Chandel	19	202	221974	764553	0
Chandel	4	590	260470	878096	0
Chandel	21	658	243299	940038	0
Chandel Dandiya	33	196	251773	825617	0
Chandela	33	531	289844	792401	0
Chandela	33	644	275263	782480	0
Chandela	33	488	273960	812399	0
Chandela	19	497	250336	816266	0
Chandela	33	282	278019	814462	0
Chandela	33	282	277949	814581	0
Chandela	33	312	277769	802412	0
Chandeladih	6	388	219320	829794	0
Chandelan ka Purwa	33	584	256667	817458	0
Chandelan Purwa	33	444	256030	809143	0
Chandelao	28	331	262495	733972	0
Chandelbigha	4	112	246555	843069	0
Chandelepur	33	688	257961	821298	0
Chandeli	19	509	252388	787793	0
Chandeli	28	429	262863	771268	0
Chandeli	6	676	203569	813760	0
Chandeli	25	273	198658	831857	0
Chandeli	34	617	289033	799089	0
Chandeli	33	659	275963	801192	0
Chandeli Muwara	10	140	231782	737652	0
Chandeli Purwa	33	659	275976	801201	0
Chandelipur	33	575	262630	819434	0
Chandelon ki Dhani	28	519	284675	748947	0
Chandelpura	28	113	267781	773786	0
Chandemau	33	654	262959	810016	0
Chandena	19	502	242492	796791	0
Chandena	19	338	233274	790618	0
Chandenahalli	15	97	134110	760496	0
Chandenamal	33	316	296573	774553	0
Chandenapalli	31	100	171025	793151	0
Chandenar	6	392	188184	814027	0
Chandeni	19	354	224031	795157	0
Chandeni	19	354	223944	797356	0
Chandeni	19	420	252557	775500	0
Chandeni	19	322	266540	786110	0
Chandeni	19	512	247462	800368	0
Chandeni	11	747	284759	761220	0
Chandeni Chauk Bhaggi	34	530	291565	794826	0
Chandeni Chauk Garwal	34	530	291591	794696	0
Chandeni Chauk Ghurdaura	34	530	291657	794791	0
Chandeni Chauk Sanguri	34	530	291622	794541	0
Chandeni Chauk Tila	34	530	291570	794651	0
Chandeni ka Pura	19	322	266380	786123	0
Chandeora	33	479	258124	830531	0
Chandepalli	31	128	175325	790995	0
Chandepur	33	278	269705	790957	0
Chandepur	33	659	273674	798745	0
Chandepur	33	33	255525	830512	0
Chander	27	284	316324	757242	0
Chander Bhanpur	11	482	299316	768781	0
Chandera	19	462	250829	789784	0
Chandera	28	22	246820	738052	0
Chanderai	33	626	253989	813004	0
Chanderhom	13	289	342091	745403	0
Chanderi	19	462	248101	792691	0
Chanderi	19	576	230408	798009	0
Chanderi	19	16	240027	769995	0
Chanderi	19	208	240609	772678	0
Chanderi	19	568	228144	783162	0
Chanderi	6	365	216786	817573	0
Chanderjarki	14	276	227138	856002	0
Chanderjol	35	347	241269	876597	0
Chandernagar	34	430	303116	780424	0
Chanderpura	19	129	225310	755465	0
Chanderpura	33	516	258043	842456	0
Chanderu	33	613	284315	777833	0
Chandes	4	718	253138	837918	0
Chandes	12	267	316390	767616	0
Chandesar	33	479	260042	831961	0
Chandesar	20	134	198379	798604	0
Chandesh	12	514	308139	773032	0
Chandeshwar	20	53	195544	763568	0
Chandesi	33	116	281298	788119	0
Chandesua	33	488	271527	808749	0
Chandetal	33	450	267545	799819	0
Chandeva ki Bawri	19	484	256916	785382	0
Chandevani	20	141	211798	784407	0
Chandgad	20	57	159428	741824	0
Chandgad	20	185	211432	747606	0
Chandgad	15	77	159080	746097	0
Chandgam	13	412	338410	749549	0
Chandgaon	19	325	222788	790384	0
Chandgaon	20	54	201736	744770	0
Chandgaon	19	461	222902	809338	0
Chandgaon Buzurg	20	110	205732	798282	0
Chandgaon Khurd	20	110	205836	798391	0
Chandgarh	19	30	211869	762384	0
Chandgarh	19	568	225601	773333	0
Chandgarh	33	196	248544	821883	0
Chandgarh	27	283	310504	761525	0
Chandgarh	19	311	232135	763413	0
Chandgarh	19	335	228392	747893	0
Chandgarh	28	298	252460	748792	0
Chandgarh	19	202	222605	766134	0
Chandgarh	14	732	242271	856871	0
Chandgarhi	33	523	278806	782117	0
Chandgarhi	33	523	278334	782371	0
Chandgarhi	33	644	275366	780773	0
Chandgarhi	33	523	278742	783174	0
Chandgarhi	33	595	278036	820779	0
Chandgarhi	6	490	213885	808895	0
Chandgarhi	33	523	280079	781025	0
Chandgiri	25	349	193922	830467	0
Chandgo	14	310	232075	843969	0
Chandgo	14	740	235189	845645	0
Chandgoi	33	451	277238	799273	0
Chandgola	35	587	259057	879013	0
Chandgothi	28	519	284255	755108	0
Chandguli	15	59	148986	747431	0
Chandha	6	598	235607	823894	0
Chandha	33	522	269668	821673	0
Chandhai	20	127	205292	774280	0
Chandhai	20	127	202875	774047	0
Chandhan	28	210	269955	713118	0
Chandhar	33	623	266829	830714	0
Chandhar	33	314	265833	832542	0
Chandhar	4	602	256698	878742	0
Chandharia	33	522	270623	816038	0
Chandharia	4	507	252212	849428	0
Chandharia	4	507	252683	851236	0
Chandharia	4	495	251426	852506	0
Chandharwa	14	678	238185	843377	0
Chandhas	33	584	251109	820530	0
Chandhasi	33	694	252847	830973	0
Chandhat	11	722	281232	774485	0
Chandhaus	4	581	252977	848595	0
Chandhe	12	348	324799	762485	0
Chandhera	33	370	244672	784374	0
Chandheri	33	525	292665	774877	0
Chandheri	4	396	252315	870539	0
Chandhor	12	348	329406	761637	0
Chandhuan Khas	33	584	254629	820304	0
Chandi	28	296	278771	730087	0
Chandi	4	363	255380	847452	0
Chandi	4	495	253265	854052	0
Chandi	35	4	223578	882835	0
Chandi	13	119	345931	750222	0
Chandi	31	386	177844	783908	0
Chandi	11	689	290312	765027	0
Chandi	6	365	216214	820397	0
Chandi	6	681	214384	814758	0
Chandi	33	682	275413	786589	0
Chandi	33	593	277945	787769	0
Chandi	19	354	223908	796341	0
Chandi	33	526	270142	777664	0
Chandi	19	311	226940	768362	0
Chandi	33	619	255039	810970	0
Chandi	19	497	249566	815562	0
Chandi	33	584	249928	820258	0
Chandi	33	102	248316	829425	0
Chandi	33	584	250025	820256	0
Chandi	33	488	277729	810636	0
Chandi	33	488	277749	811623	0
Chandi	20	390	206663	796737	0
Chandi	33	619	254940	810871	0
Chandi	13	640	333640	748024	0
Chandi	33	479	260268	830871	0
Chandi	33	314	265554	833590	0
Chandi	33	314	264762	833216	0
Chandi	33	314	264973	834516	0
Chandi	33	516	260056	839263	0
Chandi	33	516	260684	839867	0
Chandi	33	584	253351	819289	0
Chandi	33	584	251513	817892	0
Chandi	33	659	271634	806151	0
Chandi	33	431	301612	776958	0
Chandi	4	394	251592	843331	0
Chandi	4	363	253452	845227	0
Chandi	4	112	250452	845552	0
Chandi	4	394	249783	841525	0
Chandi	4	597	254223	841129	0
Chandi	4	590	257296	875195	0
Chandi	4	602	256086	879135	0
Chandi Aqil	33	694	250097	831489	0
Chandi Asthan	4	382	265133	846848	0
Chandi Asthan	4	632	259489	869896	0
Chandi Bakhsh Khera	33	301	264819	809531	0
Chandi Chano	28	463	279508	763076	0
Chandi Chaura	33	548	270774	794424	0
Chandi Das	27	284	318283	756993	0
Chandi Diha	33	532	262884	827272	0
Chandi Gahna	33	561	253397	826632	0
Chandi Inglis	4	394	252074	841742	0
Chandi ka Purwa	33	645	262051	797900	0
Chandi Kalan	33	621	256028	802264	0
Chandi Karar	33	389	268849	786578	0
Chandi Khera	33	301	264241	808169	0
Chandi Khera	33	301	263937	808291	0
Chandi Khera	33	488	277340	811268	0
Chandi Khera	33	488	273876	808666	0
Chandi Khurd	33	621	256129	802344	0
Chandi Maheshpur	35	397	252621	879635	0
Chandi Nagla	33	116	279190	792216	0
Chandi Nuawan	4	106	250818	857151	0
Chandi Ojha	4	675	265427	842552	0
Chandi Purwa	33	488	275488	810186	0
Chandi Purwa	33	595	275147	819253	0
Chandi Purwa	33	522	271832	818259	0
Chandi Purwa	33	654	262687	811671	0
Chandi Purwa	33	659	273816	801362	0
Chandi Singh Khera	33	685	270957	808011	0
Chandi Singh Purwa	33	659	276984	801088	0
Chandi Thakurtola	4	535	262876	860660	0
Chandi Tiwari	33	654	261206	810794	0
Chandia	33	644	277056	781811	0
Chandia	33	196	252227	827656	0
Chandia	33	623	266726	830436	0
Chandia	19	461	223967	803178	0
Chandia	19	142	222377	804407	0
Chandia	19	461	223935	806910	0
Chandia	33	488	273443	809643	0
Chandia	6	455	208872	809033	0
Chandia	4	505	245517	863473	0
Chandiabhata	6	723	223581	815717	0
Chandiakhera	19	311	226980	769189	0
Chandial	12	267	316380	769559	0
Chandial Kot	13	640	334064	747239	0
Chandiamau	33	685	268229	810464	0
Chandian	13	559	328582	747325	0
Chandiana	33	613	285652	781484	0
Chandiapatthra	6	365	217423	817560	0
Chandiapur	33	548	269595	798162	0
Chandiapur	33	282	275069	818044	0
Chandiar	12	348	323862	760621	0
Chandiatal	19	461	223973	807074	0
Chandiawas	28	428	265557	747565	0
Chandibast	25	527	201477	850661	0
Chandibegur	15	603	131856	771613	0
Chandibera	25	281	215027	857992	0
Chandibhata	25	478	211033	828239	0
Chandibhauna	6	393	213769	830551	0
Chandibhuin	25	527	203471	848054	0
Chandidaspur	33	282	272670	816017	0
Chandidih	33	479	263210	829214	0
Chandidih	6	365	216468	824809	0
Chandidih	4	582	248312	870617	0
Chandidin Purwa	33	685	266642	811831	0
Chandigal	25	372	208848	842364	0
Chandigalu	15	93	125401	768290	0
Chandigalu	15	93	126997	769080	0
Chandigam	13	0	344769	743886	0
Chandigaon	31	58	184316	775418	0
Chandigarh	11	524	307278	767778	0
Chandigarhi	33	301	264338	807871	0
Chandigher	33	431	302055	778073	0
Chandiha	33	623	268286	830498	0
Chandihar	13	588	341044	747865	0
Chandijhari	25	527	201449	849555	0
Chandika	33	389	272108	782755	0
Chandika	33	196	251321	827593	0
Chandika Devi	33	685	270203	808301	0
Chandika Singh	33	152	269032	823467	0
Chandikamisir ka Purwa	33	688	256443	816564	0
Chandikapur	20	169	211179	771184	0
Chandikheri	19	568	228179	782163	0
Chandiki	33	553	294779	783879	0
Chandikot	34	530	295744	793783	0
Chandikotla	11	565	307481	769021	0
Chandikra	33	445	270954	787860	0
Chandili	25	305	190846	822154	0
Chandimao	4	495	250573	855014	0
Chandimari	13	1	336187	744261	0
Chandinagar	33	458	288705	773746	0
Chandio	28	120	269004	760940	0
Chandio	14	434	242983	863899	0
Chandiog	12	267	313061	771290	0
Chandipada	20	78	206013	748233	0
Chandipali	25	478	210393	831177	0
Chandipali	25	478	216641	836091	0
Chandipali	25	478	213697	835724	0
Chandipara	6	669	218795	824447	0
Chandipatti	33	242	253984	829044	0
Chandipatti	33	584	257053	819968	0
Chandipatti	4	394	250768	843326	0
Chandipos	14	276	225931	854378	0
Chandiposh	25	262	220670	849143	0
Chandiposi	14	276	225344	854319	0
Chandiposi	25	683	216330	847177	0
Chandippa	31	62	174438	781136	0
Chandiprasad	25	527	201811	851754	0
Chandipur	25	405	214441	870283	0
Chandipur	35	4	223511	884005	0
Chandipur	35	4	220478	882903	0
Chandipur	33	445	271971	792536	0
Chandipur	33	553	293185	781436	0
Chandipur	28	321	243779	767657	0
Chandipur	33	694	251124	832339	0
Chandipur	33	27	254983	834052	0
Chandipur	33	688	258221	821198	0
Chandipur	33	301	265013	808566	0
Chandipur	33	698	260177	809169	0
Chandipur	33	522	270807	817980	0
Chandipur	33	637	264221	818120	0
Chandipur	33	575	262879	819211	0
Chandipur	33	488	272388	809428	0
Chandipur	33	282	272229	816120	0
Chandipur	33	522	270023	820065	0
Chandipur	33	575	264165	820722	0
Chandipur	33	575	262651	825723	0
Chandipur	33	623	266097	829036	0
Chandipur	33	314	270464	833595	0
Chandipur	33	496	272192	834145	0
Chandipur	33	659	271577	807416	0
Chandipur	33	488	274736	808031	0
Chandipur	33	31	271355	814042	0
Chandipur	33	637	261685	816405	0
Chandipur	4	106	247649	854766	0
Chandipur	4	106	249826	856157	0
Chandipur	4	567	252504	862495	0
Chandipur	35	347	240379	875837	0
Chandipur	35	347	243563	878022	0
Chandipur	35	347	241134	877985	0
Chandipur	4	641	262137	876276	0
Chandipur	33	659	270943	801446	0
Chandipur	33	312	278490	803820	0
Chandipur	14	498	235953	858982	0
Chandipur	25	297	209407	841304	0
Chandipur	25	372	206737	843699	0
Chandipur	35	538	221025	878576	0
Chandipur	33	637	264761	817443	0
Chandipur Jharu	33	694	250098	831540	0
Chandipur Kalan	33	532	264126	830594	0
Chandipur Khurd	33	532	264150	830530	0
Chandipur Nagahra	33	605	266240	820656	0
Chandipura	28	321	243770	765793	0
Chandipura	33	526	269405	780998	0
Chandipura	35	397	255013	878857	0
Chandiput	25	243	193737	842997	0
Chandirampur	35	508	229929	885312	0
Chandirankulampatti	30	118	95994	780762	0
Chandirapalaiyam	30	369	111031	791705	0
Chandisar	10	133	242168	723113	0
Chanditala	35	268	226932	882579	0
Chanditara	33	694	252948	830610	0
Chanditikar	33	479	259747	831096	0
Chanditola	19	354	220224	796436	0
Chanditola	19	461	224867	805139	0
Chanditola	20	168	213134	801139	0
Chanditola	20	168	210822	804164	0
Chanditola	4	727	254897	866120	0
Chanditoli	14	541	232345	854274	0
Chanditoli	14	416	230319	853074	0
Chanditoli	14	434	246061	860018	0
Chandivalasa	1	194	184702	831496	0
Chandjor	33	523	279950	778713	0
Chandka	33	553	294292	787315	0
Chandka Bakhsh Purwa	33	654	260106	814044	0
Chandka Bakhsh Purwa	33	654	260557	814695	0
Chandka Singh Purwa	33	637	263119	814114	0
Chandkabakhsh Purwa	33	654	261054	814665	0
Chandkan	33	626	253109	814081	0
Chandkapur	20	139	211114	788148	0
Chandkapur	15	167	178373	768330	0
Chandkapur	19	325	216137	790818	0
Chandkapur	20	138	195287	775535	0
Chandkavatha	15	80	169618	761438	0
Chandke	27	468	318662	751520	0
Chandkhanguda	31	62	171335	787302	0
Chandkhanpalli	31	32	180502	777741	0
Chandkhed	20	132	208962	771840	0
Chandkheda	10	123	231116	725722	0
Chandkheri	28	321	247300	764003	0
Chandkheri	33	492	289610	785566	0
Chandkheri	19	635	226910	755135	0
Chandkheri Mafi	33	492	290588	787543	0
Chandkhura	33	645	265285	796791	0
Chandkhuri	6	275	211355	812691	0
Chandkhuri	6	723	218466	819073	0
Chandkhuri	6	299	213176	818179	0
Chandkhuri	6	393	213652	828497	0
Chandki	20	141	207412	787693	0
Chandki	20	169	206371	772439	0
Chandkiya	19	568	223428	777355	0
Chandkopa	14	740	234474	846579	0
Chandkot	34	692	298587	796205	0
Chandkuari	4	381	261677	849524	0
Chandkudolu	15	55	126392	752161	0
Chandkur	33	27	257024	838611	0
Chandkur	15	55	130190	752888	0
Chandkura	4	495	253610	852892	0
Chandla	19	568	228233	777938	0
Chandla	19	648	229502	779397	0
Chandla Pahar	33	591	252239	797261	0
Chandlaha	33	314	266077	832611	0
Chandlai	28	120	266864	758773	0
Chandlai ki Guar	28	550	254666	738377	0
Chandlana	11	614	298630	766351	0
Chandlaso	14	740	235304	848768	0
Chandlawad	33	672	288802	779643	0
Chandlawapur	33	522	270883	823077	0
Chandlewa Kalan	33	196	250736	827424	0
Chandlewa Khurd	33	196	250653	827300	0
Chandli	10	171	221456	705885	0
Chandli	28	302	257625	755125	0
Chandli	19	326	230466	784536	0
Chandli	6	365	218311	820804	0
Chandli	6	634	200736	815035	0
Chandli	19	503	231060	795154	0
Chandli	20	110	206412	798200	0
Chandli	19	576	231963	800124	0
Chandli	13	690	325840	752197	0
Chandli	6	611	215204	829378	0
Chandli	6	723	222258	816646	0
Chandli	6	723	219756	819271	0
Chandli	10	170	231788	740270	0
Chandli	6	388	217086	832579	0
Chandli	25	297	210612	836840	0
Chandli	25	262	219980	838960	0
Chandli	4	112	247159	843368	0
Chandli	14	678	237189	849013	0
Chandli	14	434	245278	859115	0
Chandli	14	434	245710	862008	0
Chandli	25	297	208978	841329	0
Chandli	25	399	208858	845337	0
Chandli Buzurg	20	110	200561	797412	0
Chandli Khurd	20	110	200410	797216	0
Chandlikh	33	196	252250	825269	0
Chandlimal	25	290	219010	839017	0
Chandlitanr	14	434	241759	860193	0
Chandlitanr	14	434	240225	861939	0
Chandloi	28	321	245019	761675	0
Chandlon	19	503	230023	795302	0
Chandluru	1	224	152219	785437	0
Chandma	28	120	265034	756606	0
Chandma	28	428	261269	748633	0
Chandma	33	102	246842	827746	0
Chandma	28	298	258265	750195	0
Chandmal Ka Bas	11	524	279006	770556	0
Chandmara	20	390	215747	796733	0
Chandmari	29	406	273379	886226	0
Chandmari	27	3	304636	740708	0
Chandmari	33	242	253802	829702	0
Chandmarigaon	34	430	303713	780190	0
Chandmau	33	654	260778	812735	0
Chandmunda	25	546	214380	840429	0
Chandna	33	672	291457	775751	0
Chandna	19	326	234102	778297	0
Chandna	14	712	245013	834304	0
Chandna	19	502	232094	793956	0
Chandna	19	142	222361	802884	0
Chandna	20	168	209402	800832	0
Chandna	19	449	227547	814089	0
Chandna	19	512	240834	797731	0
Chandna	14	633	243675	877259	0
Chandna Dih	33	516	260714	839200	0
Chandna Mau	33	282	273524	817346	0
Chandnadih	14	434	240842	860721	0
Chandnagar	8	739	286487	770972	0
Chandnagar	33	464	288322	783592	0
Chandnagar	33	464	288679	783778	0
Chandnagar Dhani	11	606	284234	768429	0
Chandnai Purwa	33	282	272204	814892	0
Chandnair	33	523	280156	779078	0
Chandnair	33	724	286707	780943	0
Chandnamau	33	645	262934	798079	0
Chandnan Barhai Tara	33	595	275960	817361	0
Chandnani	10	205	236668	731326	0
Chandnanpur	33	31	270584	813826	0
Chandnapur	33	645	261604	799722	0
Chandnapur	33	698	255322	810694	0
Chandnapur	33	488	273488	810441	0
Chandnapur	33	685	271119	809195	0
Chandnapur	33	488	278192	808584	0
Chandnapur	33	312	278939	803522	0
Chandnapur Dayal Singh	33	686	265180	793997	0
Chandnatola	19	449	227387	816090	0
Chandnaur	33	539	267657	840357	0
Chandni	33	102	245131	833972	0
Chandni	19	30	214277	763495	0
Chandni	12	460	310493	774616	0
Chandni	6	490	214569	810871	0
Chandni	20	67	201235	780056	0
Chandni	20	141	209490	784052	0
Chandni	33	661	274482	793910	0
Chandni	33	710	259286	791392	0
Chandni	33	27	256127	837955	0
Chandni	14	712	244319	834393	0
Chandni	19	484	259360	788146	0
Chandni	19	16	238472	764107	0
Chandni	33	152	267664	827703	0
Chandni	33	623	268422	830916	0
Chandni	20	168	215016	802011	0
Chandni	20	78	210529	751445	0
Chandni	12	348	326500	760247	0
Chandni	12	39	322134	760905	0
Chandni	12	348	324555	764934	0
Chandni	4	581	253968	848122	0
Chandni	14	379	242806	852742	0
Chandni	34	533	290043	800762	0
Chandni Chauk	8	701	286562	772263	0
Chandni Ghasi	4	641	260037	871585	0
Chandni Siarobas	33	152	267907	827594	0
Chandnia	33	575	261788	823961	0
Chandnibagh	11	286	293887	769913	0
Chandnibhata	6	455	210093	806186	0
Chandnidaha	35	452	246324	879685	0
Chandnidih	6	299	212546	815465	0
Chandnimal	25	290	219168	841898	0
Chandnimal	25	290	218184	841769	0
Chandnimal	25	546	216753	840101	0
Chandnimal	25	546	216386	841733	0
Chandnimal	25	546	212157	841465	0
Chandnimal	25	290	219379	843220	0
Chandnimal	25	546	217078	843071	0
Chandnitola	20	168	214989	801988	0
Chandnod	11	327	289679	757188	0
Chandnoli	28	115	262758	763499	0
Chandnu	12	514	306233	773814	0
Chandnu	12	514	305923	776442	0
Chandnu	6	681	218012	816865	0
Chandnyakheri	28	321	246349	763424	0
Chando	33	152	267443	827535	0
Chando	6	455	209134	808210	0
Chando	6	269	235423	838437	0
Chando	14	498	236902	859401	0
Chando	4	117	244576	849799	0
Chando	14	673	239463	841021	0
Chando Devi	12	267	317530	769270	0
Chando Govindgarh	27	608	307790	766675	0
Chando Khurd	14	498	236780	859333	0
Chando Ruiyan	4	718	250832	835921	0
Chandod	10	157	219855	734553	0
Chandodih	14	541	233745	856012	0
Chandog	12	514	308038	770981	0
Chandoga	12	348	329040	761914	0
Chandoh Kalan	11	425	296425	756251	0
Chandoh Khurd	11	425	296514	756291	0
Chandoi	33	116	283580	787615	0
Chandoi	33	656	286437	798028	0
Chandoi Har	33	444	250917	803718	0
Chandok	33	553	295957	781590	0
Chandoka	33	688	260718	819444	0
Chandoka	33	488	274185	808317	0
Chandoka	25	305	184928	829491	0
Chandokh	19	322	262692	790022	0
Chandokha	33	661	273987	797058	0
Chandokha	33	152	270754	825806	0
Chandokha	33	329	282339	795885	0
Chandokha	33	329	282340	795973	0
Chandokha Chita	33	116	280786	794908	0
Chandokha Pahlad	33	116	280760	794892	0
Chandokhar	19	459	267120	783330	0
Chandokhar	19	322	265119	783763	0
Chandokhar	4	112	246035	840999	0
Chandokhara	4	117	246645	846923	0
Chandokhwa	33	280	271976	827281	0
Chandoki	33	637	263011	818139	0
Chandoki	33	637	262987	818164	0
Chandol	20	49	203285	760158	0
Chandol	12	514	309372	773360	0
Chandol	19	337	235439	803515	0
Chandol	19	449	231773	808958	0
Chandol Wadi	20	49	203307	759858	0
Chandola	20	138	186968	774425	0
Chandola	19	338	238266	790876	0
Chandola	33	523	279774	782388	0
Chandola	19	338	242767	790875	0
Chandola	20	132	208652	771476	0
Chandola	33	710	261666	791836	0
Chandolai	28	428	261624	750931	0
Chandolamunda	25	305	186025	826524	0
Chandoli	20	57	169614	738459	0
Chandoli	12	514	306821	775183	0
Chandoli	28	113	270281	775121	0
Chandoli	34	589	298561	790257	0
Chandoli	19	449	232196	806830	0
Chandoli	31	63	187930	791225	0
Chandoli	1	228	154133	775964	0
Chandoli	34	589	298380	789966	0
Chandoli Buzurg	33	523	279796	782188	0
Chandon	11	565	306913	771366	0
Chandon	19	503	229481	786944	0
Chandon	19	568	226015	778422	0
Chandon	19	568	228655	784732	0
Chandona	20	134	205501	802653	0
Chandonatola	20	134	205529	802801	0
Chandoni	19	338	236689	786558	0
Chandoni	19	326	234334	782481	0
Chandoni	19	326	234221	781940	0
Chandoni	19	309	235584	763319	0
Chandopala	25	572	203906	827059	0
Chandopatti	4	136	258598	857293	0
Chandor	9	101	152833	740333	0
Chandor	14	416	230496	854339	0
Chandora	19	502	239121	795018	0
Chandora	19	326	235145	786217	0
Chandora	28	679	269964	767764	0
Chandora	33	672	289374	775523	0
Chandora	33	370	243626	786356	0
Chandora	19	443	217191	781925	0
Chandora Khurd	19	443	217921	782705	0
Chandore	20	54	203325	747583	0
Chandori	20	168	215130	799295	0
Chandori	20	390	211802	798959	0
Chandori	20	390	211035	797020	0
Chandori	20	168	213940	798335	0
Chandori	20	54	200225	740014	0
Chandori	19	142	217819	800377	0
Chandori Kalan	19	354	222382	794235	0
Chandoritola	20	168	215093	799481	0
Chandoriya	19	326	236077	783077	0
Chandoriya	19	420	251966	776273	0
Chandosol	4	505	246191	863971	0
Chandoura	33	389	271115	788014	0
Chandpaha	33	644	275271	780446	0
Chandpahari	28	463	274170	765292	0
Chandpahia	33	282	276069	813968	0
Chandpai	33	451	279627	800206	0
Chandpal Khera	33	301	265641	808598	0
Chandpali	4	615	262019	842254	0
Chandpalia	33	152	267723	823044	0
Chandpalitola	4	597	256196	841267	0
Chandpalli	31	271	196944	788388	0
Chandpar	33	314	266766	831250	0
Chandpar	33	314	265512	833093	0
Chandpar	33	314	264081	833101	0
Chandpara	35	432	229778	887692	0
Chandpara	25	290	216578	838846	0
Chandpara	33	282	275981	814151	0
Chandpara	4	602	256422	879741	0
Chandpara	35	347	241914	879127	0
Chandparsa	4	615	260541	844324	0
Chandpatti	33	688	258897	820242	0
Chandpatti	4	520	259720	850574	0
Chandphari	33	523	277806	779975	0
Chandposhi	25	683	213757	847338	0
Chandposi	25	546	216020	844154	0
Chandposi-diha	25	281	213183	855166	0
Chandpur	33	698	259344	803611	0
Chandpur	33	516	259005	843287	0
Chandpur	19	153	223698	742333	0
Chandpur	25	277	210907	853311	0
Chandpur	35	340	225233	881197	0
Chandpur	35	4	221653	883547	0
Chandpur	34	430	304271	778647	0
Chandpur	33	445	271938	793550	0
Chandpur	3	684	264215	899302	0
Chandpur	35	4	224064	882512	0
Chandpur	28	463	278953	764999	0
Chandpur	11	88	303188	773771	0
Chandpur	11	88	301302	772691	0
Chandpur	12	514	305052	775419	0
Chandpur	11	88	303018	775284	0
Chandpur	28	463	273186	769273	0
Chandpur	28	679	267360	763452	0
Chandpur	33	553	294573	780844	0
Chandpur	34	574	298534	781317	0
Chandpur	33	525	294867	777832	0
Chandpur	11	741	283257	774665	0
Chandpur	33	566	282846	776019	0
Chandpur	27	284	315207	758158	0
Chandpur	19	459	263048	778835	0
Chandpur	19	465	258508	783832	0
Chandpur	27	608	308295	766510	0
Chandpur	33	613	283998	778310	0
Chandpur	33	523	280672	779150	0
Chandpur	19	338	235532	790919	0
Chandpur	33	593	278122	788039	0
Chandpur	33	593	276734	789802	0
Chandpur	33	593	276278	788490	0
Chandpur	33	661	274163	794203	0
Chandpur	33	451	278771	795920	0
Chandpur	19	420	253697	772127	0
Chandpur	33	661	273893	796112	0
Chandpur	33	661	274522	796219	0
Chandpur	33	659	276497	798189	0
Chandpur	33	451	279250	797549	0
Chandpur	33	682	274330	788492	0
Chandpur	33	523	278030	783676	0
Chandpur	33	523	277400	783209	0
Chandpur	33	686	267158	795759	0
Chandpur	33	444	251535	804705	0
Chandpur	19	326	231976	778163	0
Chandpur	33	27	255964	830786	0
Chandpur	33	242	253535	831083	0
Chandpur	33	694	253276	832016	0
Chandpur	33	196	251226	830483	0
Chandpur	20	132	215344	770064	0
Chandpur	33	27	256304	838394	0
Chandpur	4	597	253191	839434	0
Chandpur	20	132	213097	773035	0
Chandpur	20	390	215104	798218	0
Chandpur	19	326	234171	780422	0
Chandpur	19	338	239887	783787	0
Chandpur	33	370	244872	783245	0
Chandpur	19	497	247280	812860	0
Chandpur	33	698	259221	807583	0
Chandpur	33	451	277185	794271	0
Chandpur	33	688	257887	821156	0
Chandpur	33	33	258564	823707	0
Chandpur	33	33	257813	823492	0
Chandpur	33	33	257225	826702	0
Chandpur	33	242	253092	829529	0
Chandpur	33	33	257273	823871	0
Chandpur	33	33	257466	824695	0
Chandpur	33	301	263112	807714	0
Chandpur	11	586	284890	766522	0
Chandpur	33	654	262132	808199	0
Chandpur	33	698	260183	808365	0
Chandpur	33	488	274427	810016	0
Chandpur	33	488	273598	810530	0
Chandpur	33	488	274191	811128	0
Chandpur	33	516	258218	837759	0
Chandpur	33	522	270930	819176	0
Chandpur	34	589	297122	788460	0
Chandpur	34	617	292732	789975	0
Chandpur	33	492	290036	788461	0
Chandpur	33	654	263031	813873	0
Chandpur	33	654	262964	813588	0
Chandpur	33	637	263712	818194	0
Chandpur	33	575	263117	819373	0
Chandpur	33	698	258744	810411	0
Chandpur	33	488	272389	808063	0
Chandpur	33	464	286991	784124	0
Chandpur	33	622	283644	784976	0
Chandpur	33	656	281261	799775	0
Chandpur	33	698	258171	812611	0
Chandpur	33	116	283675	787387	0
Chandpur	33	522	269850	819095	0
Chandpur	33	492	286830	788020	0
Chandpur	33	522	273375	820558	0
Chandpur	34	589	297704	791021	0
Chandpur	33	522	270662	824612	0
Chandpur	33	522	269296	822109	0
Chandpur	33	605	267400	821428	0
Chandpur	33	605	266316	822165	0
Chandpur	33	575	263207	821105	0
Chandpur	33	688	260176	822075	0
Chandpur	33	532	265224	824576	0
Chandpur	33	575	263496	822746	0
Chandpur	33	152	266937	825220	0
Chandpur	33	532	265823	825607	0
Chandpur	33	532	265147	825718	0
Chandpur	33	532	261691	828503	0
Chandpur	33	314	265505	831966	0
Chandpur	33	479	262376	832127	0
Chandpur	33	479	261490	831997	0
Chandpur	33	479	262458	831218	0
Chandpur	33	314	269352	834712	0
Chandpur	33	584	256009	816815	0
Chandpur	33	564	261063	835066	0
Chandpur	33	564	261038	837367	0
Chandpur	33	564	261426	837941	0
Chandpur	33	516	260255	839404	0
Chandpur	33	27	257148	835929	0
Chandpur	19	336	235707	806269	0
Chandpur	19	497	250390	816297	0
Chandpur	33	688	258392	819371	0
Chandpur	33	584	256374	818253	0
Chandpur	33	584	255771	818955	0
Chandpur	33	584	254776	818712	0
Chandpur	33	525	293528	775886	0
Chandpur	33	488	277744	807968	0
Chandpur	33	488	275891	808311	0
Chandpur	33	488	275214	809315	0
Chandpur	33	488	273063	809049	0
Chandpur	33	488	273153	809159	0
Chandpur	19	449	228294	810025	0
Chandpur	12	39	321222	765676	0
Chandpur	27	704	311928	765203	0
Chandpur	12	604	310178	766389	0
Chandpur	12	279	313720	767518	0
Chandpur	33	672	289022	780950	0
Chandpur	33	613	286044	780688	0
Chandpur	33	31	270671	813622	0
Chandpur	4	615	260449	843296	0
Chandpur	4	615	261428	844381	0
Chandpur	34	530	293767	792774	0
Chandpur	33	516	260431	840318	0
Chandpur	4	457	269690	843198	0
Chandpur	34	617	290099	799225	0
Chandpur	33	329	283754	794732	0
Chandpur	4	615	262792	845343	0
Chandpur	4	382	264565	847444	0
Chandpur	4	675	262679	846955	0
Chandpur	4	520	260226	846672	0
Chandpur	33	516	258027	840479	0
Chandpur	33	516	259107	842070	0
Chandpur	4	615	259595	844031	0
Chandpur	33	516	257515	844583	0
Chandpur	4	117	245488	847288	0
Chandpur	4	106	250577	856853	0
Chandpur	4	106	249961	855703	0
Chandpur	4	518	252049	865655	0
Chandpur	10	140	231281	735578	0
Chandpur	33	488	273872	806170	0
Chandpur	33	488	273913	805110	0
Chandpur	33	686	265817	793935	0
Chandpur	4	112	246462	844313	0
Chandpur	4	590	259210	870449	0
Chandpur	4	602	255059	872488	0
Chandpur	4	396	252245	872147	0
Chandpur	4	396	251556	871990	0
Chandpur	4	396	252879	874082	0
Chandpur	4	602	256950	876801	0
Chandpur	35	587	258894	878999	0
Chandpur	4	602	255217	879001	0
Chandpur	4	582	249337	870629	0
Chandpur	14	633	246274	876375	0
Chandpur	14	633	244646	877376	0
Chandpur	14	643	241704	876922	0
Chandpur	35	347	240700	875683	0
Chandpur	14	633	246145	878325	0
Chandpur	35	-1	246393	879120	0
Chandpur	14	633	243332	877549	0
Chandpur	4	687	256898	852794	0
Chandpur	4	687	255420	853410	0
Chandpur	4	687	256231	854064	0
Chandpur	4	687	256542	853559	0
Chandpur	33	659	275416	800497	0
Chandpur	33	659	277114	801656	0
Chandpur	33	659	271736	800513	0
Chandpur	4	136	255877	855402	0
Chandpur	25	277	209428	853528	0
Chandpur	25	277	208097	854120	0
Chandpur Ahiran	33	584	256373	818327	0
Chandpur Aima	33	479	260674	830013	0
Chandpur Bhangaha	4	590	259104	870223	0
Chandpur Bhataulia	4	112	247038	842110	0
Chandpur Bhatpura	33	532	264665	825597	0
Chandpur Bichnuri	33	329	283859	794674	0
Chandpur Birt	4	520	260271	846630	0
Chandpur Chiknauta	4	381	259405	855687	0
Chandpur Chubakia	33	329	286816	794595	0
Chandpur Colony	33	553	294188	780803	0
Chandpur Diar	33	516	259200	843252	0
Chandpur Durga	33	522	271020	821933	0
Chandpur Faridpur	33	488	273531	812011	0
Chandpur Fateh	4	687	259216	854908	0
Chandpur Ganesh	33	492	286409	787622	0
Chandpur Jogian	33	329	283910	793499	0
Chandpur ka Pura	19	459	263106	778856	0
Chandpur Kachh	33	661	276092	792305	0
Chandpur Kail	33	605	266731	820967	0
Chandpur Kaist	33	431	297188	777402	0
Chandpur Kalan	8	662	287534	770091	0
Chandpur Kalan	33	531	286931	789244	0
Chandpur Khaisa	33	522	270387	823547	0
Chandpur Khalsa	33	479	260731	829990	0
Chandpur Khalsa	33	479	260866	830045	0
Chandpur Khanipur	33	685	270689	808979	0
Chandpur Khiali Ram	33	329	284003	797108	0
Chandpur Khurd	8	662	287617	770100	0
Chandpur Khurd	33	174	279373	776328	0
Chandpur Khurd	33	613	282765	778745	0
Chandpur Khurd	33	531	286712	789328	0
Chandpur Ki Dhani	28	463	279503	766774	0
Chandpur Lakaspur	33	682	274600	787061	0
Chandpur Lakhpat Rai	33	522	270372	822811	0
Chandpur Luk	33	654	260373	810517	0
Chandpur Mafi	33	522	270369	823636	0
Chandpur Mafi	33	329	285143	795013	0
Chandpur Matki	33	329	281834	792571	0
Chandpur Mazbata	33	431	297248	775403	0
Chandpur Nauabad	33	553	294228	780857	0
Chandpur Orerha	33	698	256168	811524	0
Chandpur Qazi	33	329	283891	793449	0
Chandpur Rurki	27	283	312126	762419	0
Chandpur Shekh	34	574	299713	777522	0
Chandpur Zindahar	33	682	275574	787132	0
Chandpura	19	462	249038	789578	0
Chandpura	33	116	278474	791905	0
Chandpura	33	417	255687	792305	0
Chandpura	19	462	248176	791873	0
Chandpura	19	338	240607	790827	0
Chandpura	4	520	258881	850064	0
Chandpura	11	667	281316	763249	0
Chandpura	19	326	235524	784373	0
Chandpura	28	120	266856	760800	0
Chandpura	19	326	232760	784495	0
Chandpura	19	338	233768	788390	0
Chandpura	19	326	230566	785585	0
Chandpura	19	326	232330	786710	0
Chandpura	33	431	299547	774170	0
Chandpura	19	326	229586	781112	0
Chandpura	33	672	288453	777226	0
Chandpura	33	724	286863	777237	0
Chandpura	33	329	283928	791165	0
Chandpura	33	329	284335	790857	0
Chandpura	28	321	246037	763675	0
Chandpura	28	487	245340	769199	0
Chandpura	19	465	262786	783630	0
Chandpura	33	174	278132	778097	0
Chandpura	11	664	303527	768904	0
Chandpura	33	174	278725	777204	0
Chandpura	19	502	238362	796864	0
Chandpura	33	523	278630	780013	0
Chandpura	19	322	265197	784736	0
Chandpura	33	445	269957	788644	0
Chandpura	28	599	265248	772650	0
Chandpura	33	548	270406	796393	0
Chandpura	19	324	243206	770122	0
Chandpura	19	324	240104	772717	0
Chandpura	19	208	240950	775233	0
Chandpura	33	710	258911	792564	0
Chandpura	19	638	250329	793751	0
Chandpura	33	591	252861	798259	0
Chandpura	19	459	266575	782317	0
Chandpura	19	459	266192	781548	0
Chandpura	19	311	227747	770144	0
Chandpura	19	638	248746	796166	0
Chandpura	19	459	267875	784273	0
Chandpura	19	568	225526	773251	0
Chandpura	19	648	226789	773831	0
Chandpura	19	568	226984	777694	0
Chandpura	19	484	258088	787494	0
Chandpura	19	509	252821	786547	0
Chandpura	19	638	253724	801849	0
Chandpura	19	326	234373	780117	0
Chandpura	19	338	237896	789274	0
Chandpura	19	503	230574	793235	0
Chandpura	33	561	252598	824746	0
Chandpura	33	553	294710	782971	0
Chandpura	33	492	291020	787119	0
Chandpura	33	622	286965	784901	0
Chandpura	33	116	282287	786813	0
Chandpura	33	531	286861	789408	0
Chandpura	33	116	282915	789892	0
Chandpura	19	449	232605	806605	0
Chandpura	19	449	232698	806616	0
Chandpura	33	312	279272	807587	0
Chandpura	27	704	310116	765580	0
Chandpura	19	16	239537	766930	0
Chandpura	4	520	259137	849250	0
Chandpura	33	531	287398	792974	0
Chandpura	19	202	221602	764391	0
Chandpura	4	520	261054	849083	0
Chandpura	33	656	283562	798463	0
Chandpura	4	117	249139	853607	0
Chandpura	4	510	254966	862105	0
Chandpura	33	278	268481	792599	0
Chandpura	33	686	266487	793727	0
Chandpura	4	687	259263	853476	0
Chandpura	4	136	255839	856388	0
Chandpura Khurd	19	326	232135	784372	0
Chandpura ki Dhani	28	120	270545	755478	0
Chandpuri	33	553	294072	780962	0
Chandpuri	19	142	218541	800950	0
Chandpuri	19	142	218715	800901	0
Chandpuri	20	185	213801	748131	0
Chandpuri Kalan	34	574	296096	779978	0
Chandpuri Khurd	34	574	296018	779935	0
Chandpurwa	33	282	279768	814825	0
Chandpurwa Buzurg	33	621	257859	801659	0
Chandpwa	19	313	246670	808071	0
Chandr Seni	33	488	275959	811309	0
Chandra	35	650	224618	871485	0
Chandra	33	370	249922	785745	0
Chandra	33	464	290131	781334	0
Chandra	33	619	251703	810809	0
Chandra	20	134	193855	803594	0
Chandra	33	584	252200	816887	0
Chandra	33	488	277392	808619	0
Chandra	6	517	223712	811322	0
Chandra	33	637	261165	817139	0
Chandra	15	93	125270	766480	0
Chandra	14	541	235147	853671	0
Chandra Ka Bas	28	463	274300	768260	0
Chandra Kala	33	575	263516	820299	0
Chandra Layout	15	43	129586	775280	0
Chandra Lonia	33	584	252399	817048	0
Chandra Purwa	33	102	246654	832915	0
Chandraban	33	174	276349	777750	0
Chandrabanda	15	50	162454	774511	0
Chandrabani	34	430	302850	779802	0
Chandrabhan	33	174	273102	777573	0
Chandrabhan ka Pura	19	322	265209	783537	0
Chandrabhannagar	33	102	241289	830503	0
Chandrabhanpur	33	479	257823	829908	0
Chandrabhanpur	33	479	258938	830610	0
Chandrabhanpur	33	584	254280	817484	0
Chandrabhukhanganj	33	654	261219	811079	0
Chandrabil	25	399	210415	850667	0
Chandradana	31	62	168555	783893	0
Chandradihi	4	641	260937	874174	0
Chandradihi	25	290	218708	840779	0
Chandragadda	31	144	163860	777131	0
Chandragarhi	6	723	220182	817692	0
Chandraghatgi	15	59	142916	748047	0
Chandragiri	25	349	193831	829841	0
Chandragiri	25	243	193067	842858	0
Chandragiri	1	45	135887	793163	0
Chandragiri	31	222	184336	788197	0
Chandragiri	20	134	187252	801188	0
Chandragiri	6	578	188843	817823	0
Chandragiri	6	578	188672	817720	0
Chandragiri	15	66	158738	759895	0
Chandragiri	1	426	141924	776004	0
Chandragiri	15	92	136991	770799	0
Chandragiri	16	294	124609	750021	0
Chandragiri	1	99	150213	770214	0
Chandragiri	30	201	91662	781231	0
Chandragiripalli	1	45	135186	790689	0
Chandraguda	1	453	187072	838615	0
Chandragudem	31	730	178022	799832	0
Chandragudem	1	103	168032	806295	0
Chandragudem	6	577	179575	810251	0
Chandragudem	1	25	171802	813808	0
Chandragunta	1	25	168473	813364	0
Chandragutti	15	333	144323	749572	0
Chandraha	33	575	262928	822090	0
Chandraha	33	479	263902	831945	0
Chandraha	4	457	269656	842869	0
Chandraha	4	457	269531	842896	0
Chandrahai	19	208	240252	776846	0
Chandrahalli	15	422	134238	779981	0
Chandrahalli	15	422	133446	780180	0
Chandraheri	28	487	253556	764305	0
Chandrahi	4	590	257446	871576	0
Chandrai	28	115	266163	764761	0
Chandrai	33	654	259933	812815	0
Chandraidih	14	483	242186	869819	0
Chandraini	12	604	308561	769476	0
Chandraipalli	31	75	185122	782207	0
Chandraiya	33	280	272393	831299	0
Chandraiya	33	496	272016	831788	0
Chandraka	11	524	278413	770813	0
Chandrakal	31	203	170319	775118	0
Chandrakavundanur	30	180	124605	785874	0
Chandrakeshar	19	311	227041	764641	0
Chandrakia	25	373	201056	841035	0
Chandrakona I	35	650	227300	875800	0
Chandrakona Road	35	650	227352	873364	0
Chandrakonda	31	240	178329	797888	0
Chandrala	10	266	233357	727873	0
Chandrala	1	103	167625	807035	0
Chandralapadu	1	103	166936	802024	0
Chandram	4	636	259458	864600	0
Chandramahuli	19	497	246555	817949	0
Chandramakulapalle	1	190	136672	782248	0
Chandramakulapalle	1	207	134979	785635	0
Chandramau Bairam	33	605	266543	816806	0
Chandramau Manga	33	605	266579	816764	0
Chandrammapalem	1	25	169200	810051	0
Chandrammapeta	1	194	188032	834522	0
Chandrammapeta	1	194	186619	833053	0
Chandrammapeta	1	176	181932	834006	0
Chandrammapeta	1	176	179985	832140	0
Chandrampalli	15	71	175292	774636	0
Chandrampalli	31	100	171825	793972	0
Chandrampalli	31	222	183477	789319	0
Chandrampet	31	222	184069	788111	0
Chandrampeta	1	176	181111	832924	0
Chandrampur	33	659	272166	798111	0
Chandrampur	33	659	276201	798487	0
Chandrampur	33	688	258525	816133	0
Chandran	12	39	322621	757770	0
Chandranagar	20	132	213742	781805	0
Chandranagar	15	71	175248	769326	0
Chandranagar	19	638	247487	799571	0
Chandranahalli	15	93	126049	767378	0
Chandranapur	31	90	188361	793437	0
Chandrani	10	107	232882	700662	0
Chandrani	19	449	227946	811726	0
Chandrani	19	449	226519	811632	0
Chandranpatti	30	436	102020	786266	0
Chandraoli	33	613	284113	777759	0
Chandraoli	28	599	265186	773274	0
Chandraon	11	439	299120	771794	0
Chandrapadi	30	254	108720	792081	0
Chandrapadiya	1	6	147728	795931	0
Chandrapalem	1	195	155149	799237	0
Chandrapalle	1	224	152150	778170	0
Chandrapalli	31	160	191995	797829	0
Chandrapalli	31	229	187777	798586	0
Chandrapalli	31	90	191417	794744	0
Chandrapalli	1	221	146454	791497	0
Chandrapara	35	347	245240	878469	0
Chandrapara	14	633	246645	878617	0
Chandrapillaivalasai	30	51	117071	783879	0
Chandrappanayudukhandriga	1	45	134790	795484	0
Chandrapur	25	349	196005	838815	0
Chandrapur	3	345	262296	919191	0
Chandrapur	25	372	208710	842192	0
Chandrapur	31	306	167077	777606	0
Chandrapur	33	370	250245	784914	0
Chandrapur	20	138	194503	781693	0
Chandrapur	19	338	238184	783603	0
Chandrapur	19	338	240993	785775	0
Chandrapur	19	338	240935	785924	0
Chandrapur	6	393	209548	825050	0
Chandrapur	35	347	240823	875521	0
Chandrapur	14	633	245003	877652	0
Chandrapur	25	290	219431	840929	0
Chandrapur	25	683	213056	850256	0
Chandrapur	25	683	214342	845360	0
Chandrapur	25	546	212750	845634	0
Chandrapur	25	399	209952	848435	0
Chandrapura	28	288	280796	754549	0
Chandrapura	19	338	232500	787886	0
Chandrapura	19	323	255827	766619	0
Chandrapura	19	338	238418	791138	0
Chandrapura	28	599	264156	775126	0
Chandrapura	19	322	262953	787734	0
Chandrapura	14	712	243025	837585	0
Chandrapura	19	16	239164	767255	0
Chandrapura	19	16	236214	768983	0
Chandrapura ka Pura	19	459	263158	778759	0
Chandrapuram	30	220	133409	800357	0
Chandrapuram	30	180	125102	784785	0
Chandrapuram	30	180	125020	785000	0
Chandrapuram	30	154	111697	771297	0
Chandrapuram	30	227	110830	773688	0
Chandrapuram	30	204	114130	775141	0
Chandrapuram	30	154	108988	771828	0
Chandrapuram	30	154	107528	771228	0
Chandrapuram	30	154	106492	770545	0
Chandrapuram	30	227	108420	773858	0
Chandrapuram	30	227	107165	773533	0
Chandrapuri	34	351	304500	790667	0
Chandrar	13	477	327234	756348	0
Chandrareddipalem	1	6	148787	796667	0
Chandrareddipalle	1	195	153489	789272	0
Chandrareddipalli	31	272	168129	775906	0
Chandras	28	298	254263	743246	0
Chandrasa Kalan	33	312	278003	812344	0
Chandrasa Khurd	33	312	278544	812077	0
Chandrasadhubari	32	713	238075	915100	0
Chandrasekarapuram	1	194	188433	835609	0
Chandrasekharapuram	1	195	151809	792795	0
Chandrasekharapuram	30	257	108957	793607	0
Chandrasekharpur	25	527	201105	851699	0
Chandrasekharpur	25	372	206778	844776	0
Chandrashekarapuram	15	352	148333	765407	0
Chandrashekharpur	15	47	131936	779754	0
Chandrashekharpur	25	281	213882	853737	0
Chandratoli	14	541	234051	855237	0
Chandraua Phaphund	33	686	266707	794602	0
Chandraul	12	348	328298	760468	0
Chandraul	4	457	269719	843093	0
Chandraula	33	523	279767	780203	0
Chandraula	34	692	298706	797967	0
Chandrauli	4	718	252586	837954	0
Chandrauli	33	31	267028	812229	0
Chandrauli	12	460	308959	776796	0
Chandrauna Bidhuna	33	686	267979	793738	0
Chandraur	20	390	211549	798035	0
Chandraur Sikraur	33	516	261456	838259	0
Chandrauta	33	539	267208	840766	0
Chandrauti	33	564	258387	833503	0
Chandrauti	33	623	266245	830236	0
Chandrauti	12	267	315275	767617	0
Chandravadi	15	74	120691	764950	0
Chandravancha	31	272	170116	776745	0
Chandravaram	1	87	169607	817023	0
Chandravati	28	23	244399	727420	0
Chandravilasapuram	30	220	131609	794079	0
Chandrawada	10	130	218726	694683	0
Chandrawal	33	566	284425	776313	0
Chandrawal	11	425	295209	756207	0
Chandrawal	33	685	267127	808800	0
Chandrawal	19	512	241776	798129	0
Chandrawal	33	488	274695	805545	0
Chandrawal Purwa	33	654	262996	810045	0
Chandrawan	33	595	275382	817925	0
Chandrawan	33	282	274457	819112	0
Chandrawanja	31	203	172738	774892	0
Chandrawar	19	313	241994	810332	0
Chandrawat	33	584	256581	819585	0
Chandrawati	33	242	254652	831274	0
Chandrawati Arazi	33	242	254701	831141	0
Chandraweli	31	90	190807	794981	0
Chandrayaguda	25	349	193375	838064	0
Chandrayanguda	31	62	171104	782408	0
Chandrayangutta	31	408	173269	784833	0
Chandrayanpalli	31	203	175272	778779	0
Chandrayanpalli Tanda	31	448	166703	781439	0
Chandrayapalem	1	219	176976	824689	0
Chandrayapalli	31	61	179989	797212	0
Chandrayyapeta	1	219	179764	829977	0
Chandrayyapeta	1	453	183461	836843	0
Chandrayyapeta	1	219	178643	830912	0
Chandrazupalem	1	10	165278	800058	0
Chandreh	19	607	243090	821397	0
Chandrehi	19	646	242906	814773	0
Chandrer	12	39	321085	758998	0
Chandreru	1	87	170980	819959	0
Chandretola	14	712	244390	835096	0
Chandri	14	712	243191	838152	0
Chandri	10	140	233553	738871	0
Chandri	4	581	254272	848681	0
Chandri	4	112	249755	844544	0
Chandri	14	276	226694	856708	0
Chandri Chauk	34	530	292695	793364	0
Chandri Drug	4	675	265453	842484	0
Chandri Gobindpur	14	379	243973	846404	0
Chandri Kalan	14	379	243914	846443	0
Chandri Khera	33	301	263106	809627	0
Chandriavalasa	25	305	184503	828779	0
Chandriban Nawagaon	6	642	209806	810246	0
Chandrigani Tanda	31	100	166560	789164	0
Chandriguda	25	243	188477	839503	0
Chandrika Bakhsh Khera	33	301	264539	809233	0
Chandriyur	30	51	118825	777290	0
Chandrmani	34	692	299120	795444	0
Chandrodih	14	454	244456	856023	0
Chandroibari	12	348	323163	760969	0
Chandrol	19	484	258030	787672	0
Chandrona	12	514	307768	773675	0
Chandror	12	348	325837	761344	0
Chandrora	10	161	235849	719785	0
Chandrot Khas	12	39	320205	762916	0
Chandroti	34	430	303822	780633	0
Chandroti	6	374	227990	821742	0
Chandrpal	34	692	299204	795829	0
Chandru	12	348	329176	762521	0
Chandru Tanda	31	240	177755	796406	0
Chandrugonda	31	60	173892	806403	0
Chandrun	12	39	320151	763536	0
Chandrund	12	348	327526	760060	0
Chandrupatla	31	218	185500	803952	0
Chandrupatla	31	46	171697	805538	0
Chandrupatla	1	103	169677	807586	0
Chandsa	20	185	214598	748329	0
Chandsail	14	476	224951	849970	0
Chandsaili	20	182	216123	745110	0
Chandsain	28	298	256629	742053	0
Chandsamand	11	439	298190	771083	0
Chandsamand	33	525	292123	777691	0
Chandsani	20	78	211895	754759	0
Chandsar	28	296	283537	739800	0
Chandsar	28	210	272045	717172	0
Chandsar	20	78	211118	754537	0
Chandsar	10	140	231017	736540	0
Chandsar	10	140	231116	736430	0
Chandsar	14	570	250980	874350	0
Chandsara	33	672	288830	777183	0
Chandsara	33	152	268870	827292	0
Chandsaru	15	59	144987	746800	0
Chandsauli	11	664	303695	770833	0
Chandsaura	33	659	272604	799280	0
Chandseli	20	182	216971	742041	0
Chandsen	28	302	263105	754500	0
Chandsen	28	428	263587	748988	0
Chandsina	33	525	292922	776667	0
Chandsora	33	526	268923	777097	0
Chandsu	13	358	331210	755131	0
Chandsua	33	488	278185	809284	0
Chandsuha	33	522	268449	820053	0
Chandsura	20	132	207675	777286	0
Chandsuraj	6	-1	212307	806106	0
Chandsurajtola	6	-1	212356	806173	0
Chandthali	28	428	258483	753116	0
Chandtoli	14	310	231346	847614	0
Chandu	19	443	217597	775766	0
Chandu	27	742	305514	760044	0
Chandu	11	606	284715	769233	0
Chandu	27	571	298286	760003	0
Chandu	33	591	252979	798300	0
Chandu	14	740	235338	847781	0
Chandu Bigha	4	507	250373	849457	0
Chandu Bigha	4	581	253324	851429	0
Chandu Bigha	4	495	252861	852234	0
Chandu Chak	4	507	252518	850532	0
Chandu ka Dera	4	597	253836	839784	0
Chandu ka Pura	33	584	249231	819287	0
Chandu Ka Pura	19	459	265307	781834	0
Chandu Mauj	27	468	319076	751108	0
Chandu Mazra	27	543	305573	765131	0
Chandu Nagla	33	622	283544	783673	0
Chandu Purwa	33	654	263735	810814	0
Chandu Purwa	33	152	267695	824002	0
Chandu Suja	27	468	319105	750678	0
Chandua	19	638	248045	798836	0
Chandua	33	575	260850	821016	0
Chandua	25	368	221131	867353	0
Chandua Chamraua	33	329	285500	795095	0
Chandua Dih	33	688	260449	821153	0
Chandua Nagla	33	531	288240	793400	0
Chandua Sot	33	488	278752	809930	0
Chanduamau	33	282	273566	818258	0
Chanduapali	25	478	211339	836217	0
Chanduapatti	33	688	259013	821671	0
Chanduapur	33	548	271288	798844	0
Chanduar	4	590	260939	878354	0
Chanduara	4	581	254679	850781	0
Chandubatla	31	448	164021	783436	0
Chandudih	14	434	243977	862745	0
Chanduguda	31	32	174655	782248	0
Chanduiya	33	661	274794	793207	0
Chandukha	33	152	268481	827131	0
Chanduki	28	463	276075	766628	0
Chanduki	33	515	262496	839935	0
Chanduki	33	516	260091	840866	0
Chanduki	4	518	250490	866303	0
Chandulal Baradari	31	408	173495	784615	0
Chandulamani Tanda	20	156	185622	764597	0
Chanduli	19	462	247468	790514	0
Chanduli	33	102	247730	830724	0
Chanduli	19	208	239260	782592	0
Chanduli	33	196	250593	826898	0
Chanduli	19	607	241087	826722	0
Chanduli	33	584	252112	820044	0
Chanduli	4	382	269892	848121	0
Chanduli Jar	33	621	258222	800471	0
Chanduli Tir	33	621	259407	801337	0
Chanduluru	1	176	179943	831316	0
Chandupahar	19	420	252724	782624	0
Chandupala	25	273	199559	830202	0
Chandupara	33	584	254850	821255	0
Chandupatla	31	128	175045	789807	0
Chandupatla	31	100	171266	794441	0
Chandupatla	31	241	173810	797135	0
Chandupatla	31	241	171503	797393	0
Chandupur	33	659	275319	799369	0
Chandupur	33	584	256709	820347	0
Chandupur	33	31	267711	813135	0
Chandupur	33	654	263404	813185	0
Chandupur	33	654	263311	813401	0
Chandupur	33	626	253674	815548	0
Chandupur	33	488	274295	805237	0
Chandupur	33	686	265983	792804	0
Chandupur Danda	33	621	259888	800904	0
Chandupura	19	465	261598	778550	0
Chandupura	19	311	225231	763904	0
Chandupura	28	463	272981	766074	0
Chandupura	19	465	263023	782921	0
Chandupura	28	113	276362	771044	0
Chandupura	28	599	269230	777604	0
Chandupura	33	553	294075	783286	0
Chandupura	33	531	290023	789885	0
Chandupura	33	626	254304	814778	0
Chandupura	19	317	224746	760986	0
Chandupura	15	93	124666	771367	0
Chandur	20	132	211027	781371	0
Chandur	31	75	185670	779538	0
Chandur	31	295	160575	780161	0
Chandur	20	49	208824	763375	0
Chandur	20	169	206544	770108	0
Chandur	20	132	208932	777115	0
Chandur	20	132	209392	773355	0
Chandur	6	80	186781	803147	0
Chandur	12	270	317531	764311	0
Chandur	20	110	199592	791104	0
Chandur	15	77	159183	746361	0
Chandur	16	528	89791	767425	0
Chandur Jagir	20	132	213062	774480	0
Chandura	14	416	229651	855311	0
Chanduri	15	167	181785	772882	0
Chanduri	31	271	194455	787828	0
Chandurian Purwa	33	619	252394	814107	0
Chandurkhera	20	132	206438	779828	0
Chandurra	33	710	259331	791596	0
Chandurti	31	222	185559	787337	0
Chandurti	1	-1	185699	787784	0
Chanduru	15	44	150371	770390	0
Chanduru	15	422	137132	777716	0
Chanduru	1	190	134102	784331	0
Chanduruvandlapalle	1	426	140144	777867	0
Chandusai	14	276	221655	859599	0
Chandutoli	14	476	224688	845004	0
Chanduvalli	15	333	137791	752059	0
Chanduvaripalem	1	195	157684	796854	0
Chanduwar	19	607	242799	823212	0
Chanduwas	11	500	280524	765265	0
Chandvalli	15	93	123653	771308	0
Chandwa	33	548	269798	796983	0
Chandwa	28	288	282282	751822	0
Chandwa	19	576	232120	796925	0
Chandwa	33	593	278924	788591	0
Chandwa	4	718	252100	837001	0
Chandwa	33	623	268224	830653	0
Chandwa	33	584	251668	816204	0
Chandwa	12	460	308143	775462	0
Chandwa	4	363	255581	846380	0
Chandwa	4	363	256403	847411	0
Chandwa	4	602	257091	872739	0
Chandwa	4	602	256436	875005	0
Chandwa	14	678	236286	842392	0
Chandwa	14	740	233524	845414	0
Chandwa Gobardhanpur	33	523	280008	783793	0
Chandwa Mahri	33	152	267095	829434	0
Chandwa Purwa	33	312	277393	812319	0
Chandwahar	33	548	268986	796642	0
Chandwahi	19	646	244461	821625	0
Chandwahi	19	646	244365	821542	0
Chandwahi	19	449	230803	807070	0
Chandwaji	28	120	272226	759484	0
Chandwak	33	33	255909	829978	0
Chandwak	33	516	257705	842604	0
Chandwal	33	31	268576	814327	0
Chandwal	33	654	262538	810954	0
Chandwal	33	31	271557	812808	0
Chandwala	33	553	295102	783806	0
Chandwala	11	353	293974	764186	0
Chandwan	13	477	324696	753343	0
Chandwan	13	477	323924	752629	0
Chandwana	19	311	226315	768693	0
Chandwana	10	170	228002	743449	0
Chandwapur	33	282	274880	817683	0
Chandwar	28	302	258504	757085	0
Chandwar	28	429	267722	767853	0
Chandwar	19	326	229379	780598	0
Chandwar	28	113	269363	774240	0
Chandwar	33	389	271069	783703	0
Chandwar	33	102	241379	827789	0
Chandwar	33	622	287460	785410	0
Chandwar	19	336	235263	807951	0
Chandwar	14	673	239539	844074	0
Chandwar	14	732	239403	854435	0
Chandwar Dugauli	33	516	259190	838285	0
Chandwara	33	644	274971	781687	0
Chandwara	19	638	252821	800716	0
Chandwara	33	444	258853	804588	0
Chandwara	33	31	269111	813368	0
Chandwara	19	461	226713	805005	0
Chandwara	19	461	225294	809079	0
Chandwara	33	685	270271	807128	0
Chandwara	14	454	243930	854798	0
Chandwara	4	505	249969	861374	0
Chandwara	4	495	252804	856136	0
Chandwaratola	19	461	225132	808974	0
Chandwari	33	621	257968	794046	0
Chandwari	33	417	255552	789625	0
Chandwari	33	626	255533	815558	0
Chandwas	28	22	244782	734739	0
Chandwas	11	747	284895	759772	0
Chandwas	28	120	272126	759791	0
Chandwasa	19	558	242011	754643	0
Chandwasa	10	205	240376	733411	0
Chandwatpur	33	522	271829	819136	0
Chandwe	14	541	234679	853984	0
Chandwe	14	541	234114	853147	0
Chandyas	12	267	315113	770546	0