Chakradharpur	14	276	226761	856289	56531
Chakan	20	52	187606	738635	41113
Chaklasi	10	164	226532	729450	39581
Chaksu	28	120	266051	759481	33432
Chakapara	35	340	226322	883486	27320
Chakia	4	382	264160	850467	20686
Chakulia	14	562	224830	867179	16306
Chakia	33	694	250489	832215	14999
Chakai	4	505	245493	863978	11525
Chakghat	19	497	250428	817281	10678
Chakkarappalli	30	254	108996	791987	6227
Chakrata	34	430	307037	778639	3348
Chak English Chak Chain Singh	33	33	256925	823458	262
Chak	13	289	341270	745898	0
Chak	19	338	242486	782167	0
Chak	33	370	249265	784091	0
Chak	33	370	248829	783435	0
Chak	33	451	276280	795293	0
Chak	19	324	247527	769765	0
Chak	19	323	258758	774739	0
Chak	19	420	256063	773441	0
Chak	19	323	258798	775250	0
Chak	19	420	255074	775962	0
Chak	33	659	274719	798488	0
Chak	19	420	252032	776562	0
Chak	19	420	250382	776403	0
Chak	19	324	245514	774768	0
Chak	19	484	256270	783140	0
Chak	33	694	252036	833085	0
Chak	19	208	237335	782075	0
Chak	19	395	244024	780613	0
Chak	33	33	256162	828251	0
Chak	33	553	291774	784558	0
Chak	33	654	264794	812362	0
Chak	33	492	290183	788725	0
Chak	33	698	258964	810753	0
Chak	13	412	338418	749186	0
Chak	33	314	266155	832684	0
Chak	33	584	256351	816327	0
Chak	19	497	250373	817319	0
Chak	27	284	317127	755506	0
Chak	27	544	312856	754259	0
Chak	12	604	311657	766255	0
Chak	12	604	310116	767205	0
Chak	12	604	309495	767971	0
Chak	33	605	268379	816728	0
Chak	28	120	271781	759692	0
Chak	14	673	240205	842347	0
Chak	14	673	242663	844809	0
Chak	14	454	243623	855474	0
Chak	4	510	253424	861826	0
Chak	33	548	269916	793950	0
Chak	4	590	259465	875218	0
Chak	14	454	243357	858055	0
Chak	33	282	274827	814732	0
Chak	4	117	246964	847607	0
Chak	4	581	254607	856701	0
Chak Abanpur	33	605	265449	822321	0
Chak Abbas	33	488	275096	807695	0
Chak Abdul Ghani	33	688	257400	814219	0
Chak Abdul Ghani	4	136	258560	857367	0
Chak Abdul Islam	33	539	269005	838894	0
Chak Abdul Karim	33	584	255272	820519	0
Chak Abdul Shakur	33	584	256359	821123	0
Chak Abdul Wahab	4	381	262741	849646	0
Chak Abdulbari	33	659	275764	800892	0
Chak Abdullah	33	584	253644	822047	0
Chak Abdullah	4	136	259133	856579	0
Chak Abdullahpur	33	698	259193	811885	0
Chak Abdullahpur Sultani	33	431	300148	775566	0
Chak Abgil	4	663	250333	858051	0
Chak Abhairam	33	584	253614	818529	0
Chak Adampur	33	698	258668	807139	0
Chak Adampur Naubasta	33	685	266916	812012	0
Chak Adilali	33	688	257535	815005	0
Chak Adli Ali	33	688	257471	814921	0
Chak Afrad	33	584	256477	821304	0
Chak Afzal	33	584	256745	819602	0
Chak Ahirani	33	564	262030	835096	0
Chak Ahmadipur	33	626	254163	815266	0
Chak Ahsan	4	687	257207	855895	0
Chak Ailai Niaz	33	626	253854	814068	0
Chak Aimmapur Anetha	33	626	256235	812865	0
Chak Alahadad	4	381	262302	849258	0
Chak Alaiya	33	619	253230	813664	0
Chak Alanra	12	-1	318763	759430	0
Chak Alawal	33	698	257776	807171	0
Chak Ali	33	584	256508	821215	0
Chak Ali Tahir	33	698	259742	810791	0
Chak Alia	13	690	324871	749374	0
Chak Alia	27	468	321149	755129	0
Chak Alipur	33	698	258548	807084	0
Chak Allah	33	479	260633	828081	0
Chak Allah Bakhsh	27	214	316778	745418	0
Chak Allahdad	4	687	259505	850860	0
Chak Allahdad	4	136	257087	857379	0
Chak Allahdad Baraunda	33	27	256472	836300	0
Chak Allahdadpur	33	698	259250	811464	0
Chak Allan Bakhsh	27	284	319328	756217	0
Chak Almo	4	136	258739	857112	0
Chak Alwara	33	626	254280	812372	0
Chak Aminabad	33	479	260707	827268	0
Chak Amkhera	19	395	244998	776839	0
Chak Amraula	33	479	261288	832441	0
Chak Anandpura	28	302	257680	756437	0
Chak Andhauri	33	479	260084	830800	0
Chak Andhera	4	687	256211	854233	0
Chak Arab	4	687	256838	854040	0
Chak Araiyan	27	468	320539	753311	0
Chak Arazi Gajupur	33	269	271728	824337	0
Chak Arfi	33	464	290039	783435	0
Chak Arif	33	479	260555	827427	0
Chak Ashia	33	27	258116	837370	0
Chak Ashraf	4	136	258744	857084	0
Chak Askaran	33	698	258256	806846	0
Chak Atar Singhwala	27	542	301019	747330	0
Chak Athartharia	33	654	260336	813837	0
Chak Atith	33	479	262859	830798	0
Chak Audhi	33	479	259279	833525	0
Chak Aujha	33	479	262451	827047	0
Chak Aulia	4	687	259077	854170	0
Chak Aureha	33	626	255431	813600	0
Chak Ayan Shah	33	479	261368	828963	0
Chak Azam	33	584	254173	820562	0
Chak Aziz	33	451	278391	799986	0
Chak Babullahpur	33	698	257154	810874	0
Chak Babullapur	33	698	259648	810549	0
Chak Baburia	33	33	254592	825884	0
Chak Badanpur	33	686	268727	794179	0
Chak Badialap	13	559	328693	746675	0
Chak Badr Alam	33	688	257429	814884	0
Chak Badrinath	13	76	340027	748539	0
Chak Badruddin	4	581	254034	850236	0
Chak Badshahpur	33	626	254549	815794	0
Chak Bagghana	33	626	256790	813489	0
Chak Baglan	13	690	325432	749953	0
Chak Bahadur Khan	13	559	326134	748269	0
Chak Bahar	33	584	257020	819513	0
Chak Bahattar	33	561	252803	823959	0
Chak Bahauddin	4	136	256719	857932	0
Chak Bahaudin	33	516	259890	840466	0
Chak Bahban	33	564	260966	835249	0
Chak Bahdina	4	687	257863	854801	0
Chak Bahora	4	687	258998	854871	0
Chak Bahoru	33	479	260548	830923	0
Chak Bahunibhar	33	564	259324	835007	0
Chak Baidak	33	561	254280	824524	0
Chak Baidpurwa	33	314	265973	832937	0
Chak Baidua	33	561	253797	824335	0
Chak Bairisal	4	687	258432	855709	0
Chak Bairkhar	33	102	241290	833205	0
Chak Bairo	4	687	257582	854437	0
Chak Baisingh	33	605	267102	822049	0
Chak Bajapur	33	626	255566	813535	0
Chak Bakajnian	33	451	282157	798365	0
Chak Bakar	4	581	254715	851885	0
Chak Bakhtiara Parsipur	33	626	256878	813100	0
Chak Bakhtu	27	542	301897	751227	0
Chak Bala	27	214	319109	747633	0
Chak Bala Shah	33	479	261458	828474	0
Chak Balan	33	637	261608	817382	0
Chak Balanda	13	477	325107	753258	0
Chak Balliha	33	654	261011	812314	0
Chak Ballipur	33	516	260186	837967	0
Chak Balotran	13	690	325189	749320	0
Chak Baltikri	33	-1	271873	776746	0
Chak Bamdeo	33	561	253955	824839	0
Chak Bamhi	33	314	263227	834360	0
Chak Bamla	33	688	260851	816519	0
Chak Bamun	27	284	317615	755905	0
Chak Ban	12	39	320750	762710	0
Chak Bandar Muafi	33	27	257061	837063	0
Chak Bandhwa	33	479	257472	829743	0
Chak Bangali	33	479	260253	831417	0
Chak Banjaranpura	19	324	247629	771053	0
Chak Banjari Jot	33	152	266256	827597	0
Chak Banjriya	19	395	245375	775951	0
Chak Bankat	33	242	254292	826978	0
Chak Bankata	33	33	260092	825432	0
Chak Banrbera	14	377	234751	857638	0
Chak Bansidhar	33	561	254716	824351	0
Chak Bantor	33	688	259174	819646	0
Chak Banu	33	698	259060	811611	0
Chak Banu	13	477	324861	753139	0
Chak Banwalipur	27	250	314093	749686	0
Chak Banwari	33	561	255067	824357	0
Chak Baqar	33	698	259044	811908	0
Chak Baqar	4	136	258664	859102	0
Chak Bara	33	564	261950	835670	0
Chak Bara	27	543	305470	765289	0
Chak Barachhi	33	619	253157	813072	0
Chak Baragaon	33	682	275734	790518	0
Chak Baraicha	33	451	279954	798176	0
Chak Baran	4	520	260588	846196	0
Chak Barari	33	698	259026	808917	0
Chak Bardkheri	19	420	254930	777398	0
Chak Barewa	14	673	239760	841856	0
Chak Bargawan	19	323	256656	770328	0
Chak Barh Ki Sarai	19	465	259711	781570	0
Chak Barhwal	33	33	254972	826355	0
Chak Bari	33	479	260913	830065	0
Chak Barma	33	479	262169	829612	0
Chak Baroya	27	468	319673	752526	0
Chak Bartahgli	27	284	318741	759257	0
Chak Barthara	19	322	263924	784116	0
Chak Barwa	33	479	258849	830316	0
Chak Basantpur	33	605	265620	821413	0
Chak Basawan	4	569	261741	861479	0
Chak Basdeo	33	242	254343	830839	0
Chak Basdeo	4	687	257019	852941	0
Chak Basohi	33	561	253790	824828	0
Chak Baswa	33	698	256566	811158	0
Chak Baswalan	27	665	322398	755826	0
Chak Bazid	33	698	257745	807590	0
Chak Bazidpur	4	495	253776	852063	0
Chak Beda	33	33	256647	827430	0
Chak Belkatha	33	33	255260	825924	0
Chak Belwa	33	532	263477	830074	0
Chak Benipur	33	622	285593	785346	0
Chak Beniram	33	479	261496	832301	0
Chak Benirampur	33	27	257658	832760	0
Chak Bhabhaul	4	581	254596	850205	0
Chak Bhabra	27	3	305411	741773	0
Chak Bhadokhar	33	654	261431	813033	0
Chak Bhadsa	33	564	260354	835757	0
Chak Bhaga	13	477	323975	754695	0
Chak Bhagat	13	640	329626	749535	0
Chak Bhagtupur	27	468	317290	753867	0
Chak Bhagwan	33	561	254272	824320	0
Chak Bhagwan Parshad	33	282	273941	815756	0
Chak Bhagwana	13	559	328568	745683	0
Chak Bhagwana	13	477	324130	752602	0
Chak Bhagwantpur	33	488	272948	810041	0
Chak Bhahira	33	688	260457	818623	0
Chak Bhainsia	33	561	254536	824704	0
Chak Bhajan	33	688	260462	818658	0
Chak Bhajharan	33	698	259632	810710	0
Chak Bhamba Wattu	27	3	305400	741440	0
Chak Bhamba Wattu	27	3	305254	741505	0
Chak Bhana Jattan	13	559	325597	749292	0
Chak Bhanera	28	113	271590	775747	0
Chak Bhanpun	33	488	277583	811641	0
Chak Bhanpur	33	619	254357	809819	0
Chak Bhar	33	479	260992	828645	0
Chak Bharaian	27	665	321547	756560	0
Chak Bharo	4	636	257314	866257	0
Chak Bharthari	19	465	259867	782536	0
Chak Bhat Purwa	33	698	258870	811739	0
Chak Bhatan	33	242	254465	827415	0
Chak Bhatauli	33	479	257461	831021	0
Chak Bhataura	33	619	252569	807205	0
Chak Bhathian	12	-1	321758	756640	0
Chak Bhatiyari	13	559	325736	749319	0
Chak Bhatti	33	522	268738	822061	0
Chak Bhawan	33	33	257003	825317	0
Chak Bhawanidas	33	561	254264	824633	0
Chak Bhawanipur	33	561	253509	825944	0
Chak Bhawanipur	35	347	243379	879526	0
Chak Bheli	4	136	256784	856244	0
Chak Bhikampur	33	488	277966	808676	0
Chak Bhikauna	33	584	256585	820321	0
Chak Bhikha	33	564	259670	833924	0
Chak Bhikhari	33	584	255856	821339	0
Chak Bhikharipur	33	575	264706	820174	0
Chak Bhikhna	33	532	265124	825790	0
Chak Bhira	33	654	259045	814000	0
Chak Bhitahi	33	584	253973	818697	0
Chak Bhitara	33	451	278396	799971	0
Chak Bhoj	33	619	251824	814992	0
Chak Bhojasar	28	467	291693	751428	0
Chak Bhola	33	314	264737	832047	0
Chak Bhora	19	324	247606	771537	0
Chak Bhori	19	465	259684	781397	0
Chak Bhua	4	687	258262	853127	0
Chak Bhualan	13	477	323509	753190	0
Chak Bhuj	4	687	257209	852065	0
Chak Bhungapur	33	698	258738	810714	0
Chak Bhure	33	637	262426	814869	0
Chak Bhurpura	33	682	274377	789817	0
Chak Bibipur	33	685	270567	809306	0
Chak Bibipur	33	431	301110	775620	0
Chak Bichpara	33	698	257658	812501	0
Chak Bichpari	33	312	277848	803692	0
Chak Bighaiya	33	532	265011	825022	0
Chak Bihari	4	581	254576	852187	0
Chak Bijasar	27	480	308675	752763	0
Chak Bijlipur	33	626	256082	813281	0
Chak Bijuli	33	479	261234	831554	0
Chak Bilgan	27	283	311835	759127	0
Chak Binaik	33	33	255919	823830	0
Chak Bir Shah	33	31	265657	814454	0
Chak Bira	33	561	252893	825317	0
Chak Biraj Lal	33	312	278756	807882	0
Chak Birampur	33	566	282199	776153	0
Chak Birauli	33	31	268703	814522	0
Chak Birdi	4	615	260977	846742	0
Chak Bisahu	33	561	252616	824545	0
Chak Bishan Datt	33	584	252816	821902	0
Chak Bishannath	33	584	253547	818781	0
Chak Bishannath	33	584	254003	818837	0
Chak Bishanpur	19	395	243611	778894	0
Chak Bishnath	33	564	260965	835216	0
Chak Bishudas	33	33	260102	825976	0
Chak Bishun	14	673	245027	840380	0
Chak Bisram	33	561	253643	826108	0
Chak Biswan	33	488	277582	811716	0
Chak Bojh	33	619	251700	814790	0
Chak Borda	20	110	200252	794452	0
Chak Bowal	13	559	328628	748070	0
Chak Brahmani	33	479	261241	828359	0
Chak Brajpur	19	465	259257	783312	0
Chak Budh Bharthi	33	584	253901	820732	0
Chak Budhawe	33	479	262502	831990	0
Chak Budhu	13	477	324754	752582	0
Chak Bulanda	33	479	260624	831473	0
Chak Burhan	33	479	260438	830792	0
Chak Chai	33	152	269015	825832	0
Chak Chaila	27	355	311642	752905	0
Chak Chainpur	11	482	300908	770509	0
Chak Chakarpan	33	564	261025	835261	0
Chak Chalisa	33	561	252426	825180	0
Chak Chalpur	33	645	262193	798614	0
Chak Chamaran	33	242	254458	827401	0
Chak Chameli	4	687	257529	852613	0
Chak Chamru	33	698	257996	812671	0
Chak Chamrupur	33	626	256831	813498	0
Chak Chamrupur	33	626	255745	814962	0
Chak Chanarpat	4	510	255782	862752	0
Chak Chand	4	675	264030	842180	0
Chak Chand	4	675	264253	842003	0
Chak Chanda	33	561	254438	824563	0
Chak Chandaleh	4	687	257130	852106	0
Chak Chandan	33	479	260747	828297	0
Chak Chandarsen	33	626	253820	816831	0
Chak Chandeva	19	484	256945	785394	0
Chak Chandpur	33	698	257813	812930	0
Chak Chandupur	33	584	253480	818773	0
Chak Chanre	4	663	251708	858564	0
Chak Charhol	13	477	324242	754748	0
Chak Charhun	13	477	324083	754740	0
Chak Chariyan	33	196	252170	827647	0
Chak Charliganj	28	113	271990	776211	0
Chak Charna	33	479	261053	829277	0
Chak Chatar	4	394	253244	842812	0
Chak Chau	27	468	316645	754033	0
Chak Chaudhari	4	363	252582	845632	0
Chak Chaukhanda	33	33	260010	825630	0
Chak Chaukhanda	33	33	261111	826698	0
Chak Chaurahia	33	654	260896	809053	0
Chak Chaurasi	33	33	257159	825322	0
Chak Chaziwal	27	544	313982	753124	0
Chak Chechaul	4	581	254967	849510	0
Chak Chhabnathpur	33	698	258190	807771	0
Chak Chhan	27	665	323430	755606	0
Chak Chhangur	33	33	254340	825748	0
Chak Chhaparduga	14	712	241260	839609	0
Chak Chhaprai	19	395	245711	775614	0
Chak Chhawi	33	492	289883	785431	0
Chak Chhebar	33	314	264317	832488	0
Chak Chhitar	4	520	256877	851056	0
Chak Chhitu	4	581	254768	854268	0
Chak Chhota	27	543	305502	765372	0
Chak Chimna	27	665	321463	756191	0
Chak Chingi	33	619	252735	808823	0
Chak Chintaman	33	539	269909	838301	0
Chak Chintamanpur	4	569	261521	861357	0
Chak Chiraura	4	581	255360	849814	0
Chak Chiria Gandhi	28	467	292227	751458	0
Chak Chiroli	19	395	246853	775862	0
Chak Chittarsari	33	33	257816	825474	0
Chak Chomrauti	33	33	256313	826753	0
Chak Chorra	33	479	258707	827981	0
Chak Chuhar	4	687	258958	854222	0
Chak Churaman	33	584	254433	819763	0
Chak Dadan	4	687	257783	854073	0
Chak Dadar	33	654	262737	812849	0
Chak Dadri Badfaroshan	33	626	256353	812995	0
Chak Dagraha	33	242	255466	830646	0
Chak Daha	33	488	274545	812779	0
Chak Daha	4	495	251734	854768	0
Chak Dahipur	33	31	269594	814263	0
Chak Dahiramau	33	637	262711	814480	0
Chak Dai da	13	559	327269	747565	0
Chak Dalanpur	33	698	258994	811460	0
Chak Daman	33	479	260468	831925	0
Chak Damju	13	76	339360	748277	0
Chak Damodarpur	19	465	259873	780467	0
Chak Dana	27	542	301423	746982	0
Chak Dandi	33	27	257513	836438	0
Chak Dandwa	33	605	264840	820093	0
Chak Dandwani	33	479	259840	829656	0
Chak Dang Barwe	19	420	256297	773557	0
Chak Danrhia	33	575	263269	820935	0
Chak Dara	4	687	257917	854413	0
Chak Darapur	33	-1	271103	775616	0
Chak Daria	4	520	257263	851209	0
Chak Darsenda	33	619	254321	809858	0
Chak Darshan	33	242	252821	828831	0
Chak Darshan	33	479	263361	829692	0
Chak Dasilia	33	488	276284	807774	0
Chak Dast Muhammad	33	584	255962	820794	0
Chak Daud	33	27	257343	834555	0
Chak Daud	33	532	264876	824032	0
Chak Daud	4	510	256752	860065	0
Chak Daudaha	33	33	258467	824227	0
Chak Daudnagar	33	584	253922	818696	0
Chak Daudnagor	33	584	253977	818723	0
Chak Daudpur	33	532	265269	828217	0
Chak Daulat	13	690	325462	749831	0
Chak Daulat	33	584	253879	822399	0
Chak Daulat	4	581	253856	857895	0
Chak Daulat	4	136	257438	858113	0
Chak Daulat	4	687	259517	852024	0
Chak Daulat	4	495	251415	852488	0
Chak Daulat	4	581	254583	854862	0
Chak Daulatabad	33	654	262248	812330	0
Chak Daulatpur	28	113	271968	776660	0
Chak Daulatpur	33	269	275327	821667	0
Chak Daya Garhai	33	688	259212	819465	0
Chak Dazi Gulammuhammad	33	584	254279	819329	0
Chak Dehra	27	704	310422	765330	0
Chak Dehripal	19	309	236957	762519	0
Chak Deidaspura	28	467	291208	747704	0
Chak Deiya	33	314	266157	834891	0
Chak Dena	33	488	276470	807523	0
Chak Deona	4	381	261212	849561	0
Chak Deoria	33	488	276255	810032	0
Chak Desa Singh	13	477	323736	755022	0
Chak Desal	27	250	314094	751895	0
Chak Desraj	27	355	311369	758532	0
Chak Devikhera	19	324	246325	774618	0
Chak Dewali	33	431	300078	775684	0
Chak Dewan Badri Nath	13	76	340966	746181	0
Chak Dewan Lochhman Das	13	76	340411	746098	0
Chak Dewan Shah	13	588	341136	747142	0
Chak Dhakia	33	659	275976	800729	0
Chak Dhamchaka	33	626	256721	813297	0
Chak Dhanarjepatti	33	479	262176	829216	0
Chak Dhanaua	33	33	257898	824580	0
Chak Dhanaura	33	464	288692	785157	0
Chak Dhanawan	33	479	262348	830941	0
Chak Dhanchha	33	479	259990	828168	0
Chak Dharam	4	520	258388	850562	0
Chak Dharamnath	4	675	264634	841393	0
Chak Dharampur	33	531	287694	791471	0
Chak Dhari	4	581	254094	853582	0
Chak Dharna	33	479	260443	828183	0
Chak Dharni	33	561	253718	824833	0
Chak Dharni	33	575	264093	819762	0
Chak Dhawaiya	33	584	250884	817260	0
Chak Dholpalia	28	467	290490	751694	0
Chak Dhotran	27	355	311345	757638	0
Chak Dhudhuri	33	479	261811	827352	0
Chak Dhundha	33	561	252786	825287	0
Chak Dhuraitara	33	33	254990	824975	0
Chak Dih	33	242	253006	828748	0
Chak Diha	33	584	251500	822505	0
Chak Din Shukul	33	479	260617	827600	0
Chak Dina Khan	33	479	260623	831321	0
Chak Dipewal	27	468	319528	752647	0
Chak Doda	33	27	257634	834381	0
Chak Doda	33	479	260872	830288	0
Chak Dohewala	27	592	303687	745278	0
Chak Dohri	33	637	263549	818388	0
Chak Dohri	4	687	259010	856113	0
Chak Doma	33	31	265337	815253	0
Chak Domanpur	33	33	255324	826075	0
Chak Dost	33	33	255869	823777	0
Chak Dost Barigaon	33	33	255951	825752	0
Chak Dost Diawan	33	33	256126	824569	0
Chak Dost Muhammadpur	33	698	259406	811180	0
Chak Duari	33	450	263029	803360	0
Chak Dube	33	479	260291	831995	0
Chak Dubri	33	532	264511	828469	0
Chak Dudheri	33	479	259520	830586	0
Chak Dudhkul	13	0	343111	742222	0
Chak Dukhran	33	561	253770	824424	0
Chak Dukhran	33	561	254518	824616	0
Chak Dulha	33	479	260369	827781	0
Chak Dulhan	33	479	260387	827825	0
Chak Dulla	4	495	251625	854649	0
Chak Dulliwala	33	531	290230	789751	0
Chak Dumal	27	3	305226	742140	0
Chak Dumalo	19	324	247656	771295	0
Chak Dumri	4	520	260624	849079	0
Chak Dumri	4	687	257307	853556	0
Chak Dundi	33	584	254011	818623	0
Chak Elahi Bakhsh	27	283	310185	762240	0
Chak Eleven M L	28	360	297489	738394	0
Chak Eso	4	687	255946	855012	0
Chak Faiz	4	687	259018	854843	0
Chak Faizullahpur	33	492	288130	787428	0
Chak Fakir	33	522	270846	820277	0
Chak Farid	33	27	257125	832518	0
Chak Farid	33	314	264486	832076	0
Chak Farid	4	510	255041	860390	0
Chak Farid	4	510	254288	860955	0
Chak Faridabad	4	687	257288	855075	0
Chak Fateh	4	687	257034	854684	0
Chak Fateh Khan	13	559	325343	748448	0
Chak Fateh Muhammad	33	698	258052	812600	0
Chak Fateh Singhwala	27	542	301845	751005	0
Chak Fatehpur	33	553	292701	781842	0
Chak Fatehpur	19	323	255892	767304	0
Chak Fatehpura	13	573	342083	747750	0
Chak Fatima	33	27	257893	833633	0
Chak Fatima	33	584	254398	819082	0
Chak Fatima	33	584	254605	819701	0
Chak Fatima	4	136	258337	856401	0
Chak Fatma	33	584	256790	819482	0
Chak Fazalpur	33	492	287016	787953	0
Chak Fazalpur Kalan	33	492	287020	787930	0
Chak Fazil	4	136	258376	856222	0
Chak Fifty Eight L N P	28	360	295911	737508	0
Chak Fifty Five L N P	28	360	295988	737965	0
Chak Fifty Four L N P	28	360	295855	738068	0
Chak Fifty Seven L N P	28	360	295792	737872	0
Chak Fifty Six L N P	28	360	295949	737741	0
Chak Fifty Three L N P	28	360	296041	738138	0
Chak Firoz	33	479	259176	831107	0
Chak Firoz	4	381	259522	854860	0
Chak Five-Six K K	28	360	297326	737538	0
Chak Four K K	28	360	297244	737724	0
Chak Gabarha	33	278	269200	791425	0
Chak Gadraha	33	654	261684	812749	0
Chak Gahni	33	479	260533	831508	0
Chak Gahri	33	584	255156	823281	0
Chak Gajraj	33	654	262619	808767	0
Chak Gajraula	33	531	290148	789671	0
Chak Gajri	33	479	261339	829140	0
Chak Ganasthan	13	119	342007	746346	0
Chak Ganda Singh	13	477	323965	755113	0
Chak Gandha Singhwala	27	592	305321	746262	0
Chak Ganesha	33	561	253900	824638	0
Chak Ganeshpur	19	208	236239	779537	0
Chak Gangadhar	4	687	256799	852945	0
Chak Gangaram	13	477	324478	753284	0
Chak Gangu	13	559	327649	747071	0
Chak Ganj Ali Snah	33	479	260506	827745	0
Chak Gardarwa	33	102	242631	831768	0
Chak Garhia	33	682	273893	786954	0
Chak Garhya	14	628	231206	859904	0
Chak Garibdas	33	584	253670	818465	0
Chak Gaura	33	619	252944	810394	0
Chak Gaura	33	522	270701	822813	0
Chak Gaura	33	605	267933	821438	0
Chak Gaurean	13	690	325460	749324	0
Chak Gauria	33	479	260583	831692	0
Chak Gaurishankar	33	584	253404	818735	0
Chak Gawarla	20	110	205101	798936	0
Chak Ghariba Sandar	27	3	305898	741433	0
Chak Ghasita	33	33	257583	824196	0
Chak Ghauri	33	637	265322	816381	0
Chak Ghazi	4	510	255541	858916	0
Chak Ghazipur	33	698	259589	810943	0
Chak Ghulam Ambia	33	464	286292	783789	0
Chak Ghulamuddin	4	687	259478	852373	0
Chak Ghutari	19	420	253176	776653	0
Chak Gilgawan	19	420	251826	776015	0
Chak Giljianwala	27	592	303539	745708	0
Chak Giria	33	626	254294	816187	0
Chak Gokal	13	477	323944	754576	0
Chak Gokal	33	659	276896	801944	0
Chak Gokul	33	564	261817	836199	0
Chak Gondwa	33	654	261932	811411	0
Chak Gopalpur	33	33	257215	827618	0
Chak Gopalpur	33	532	262049	828400	0
Chak Gopalpur	4	495	252965	854691	0
Chak Gor	33	654	260886	808418	0
Chak Goria	33	584	253221	820394	0
Chak Gosain	33	561	254486	824997	0
Chak Gotauli	33	637	260633	819825	0
Chak Gouriyan	13	559	325014	747819	0
Chak Gujran	27	284	316447	758793	0
Chak Gujran	27	284	315073	758489	0
Chak Gujran	27	283	311737	762001	0
Chak Gulammuhammad	33	584	253816	818729	0
Chak Gularia	33	31	270149	812416	0
Chak Gulra	33	479	262418	827004	0
Chak Gulra	33	479	261546	827133	0
Chak Gumani	33	561	254028	823841	0
Chak Gunuwa	19	208	236601	779457	0
Chak Guraini	33	626	254134	813734	0
Chak Gurnawda	19	323	257583	767060	0
Chak Guru	13	477	324174	754876	0
Chak Guru	27	283	311847	758818	0
Chak Guru	27	284	311580	761814	0
Chak Habib	4	136	257238	858789	0
Chak Habib	4	136	258308	857148	0
Chak Habib Qutubpur	4	687	259154	851785	0
Chak Habibpur	33	492	286732	788529	0
Chak Habibullah	33	564	261127	836564	0
Chak Habir	4	520	258661	850543	0
Chak Hafiz	33	584	254554	821431	0
Chak Hafiz Badruddin	33	584	256302	821256	0
Chak Haibat	33	698	259956	806378	0
Chak Haidar	33	516	257639	840872	0
Chak Haidar	4	136	258379	856798	0
Chak Hainsa	33	605	266499	822372	0
Chak Haji	4	136	259085	857105	0
Chak Hajinakhsh	33	33	258328	826880	0
Chak Hajipur	33	654	261731	810677	0
Chak Hajipur	27	284	311673	761730	0
Chak Hajjipur	27	665	323445	755587	0
Chak Hakim	27	544	312419	757549	0
Chak Hakim Baqir	13	651	337831	748817	0
Chak Hakimi	33	33	261046	826675	0
Chak Halim Khan	13	573	343117	749404	0
Chak Halimwala	27	3	304516	742531	0
Chak Hamid	4	510	256265	862548	0
Chak Hamid Saideke	27	3	305211	741332	0
Chak Hamida	4	687	257457	852783	0
Chak Hamidpur	33	492	289240	786765	0
Chak Hanuman	33	561	253427	824431	0
Chak Hanuman	33	584	255103	823347	0
Chak Har	33	488	271774	808828	0
Chak Haraiya	33	479	262714	829377	0
Chak Harbans	33	561	253386	825380	0
Chak Harbans Bhatan	33	561	253468	825449	0
Chak Harbhonga	14	673	240368	840409	0
Chak Harharban	33	584	254246	819230	0
Chak Harichha	19	324	241912	771151	0
Chak Harirai	13	-1	323122	754834	0
Chak Hariram	4	687	257682	854371	0
Chak Harni	13	559	325832	748172	0
Chak Hasan	4	507	252592	850351	0
Chak Hasan Chakaib	33	564	262040	835957	0
Chak Hasi	33	532	264840	824065	0
Chak Hasna	4	675	265063	843760	0
Chak Hauda	33	584	254574	821978	0
Chak Haveli	33	479	260266	829269	0
Chak Hinauta	33	584	253922	819601	0
Chak Hiraj	27	545	307845	745003	0
Chak Hiran	13	690	325209	749225	0
Chak Hirapur	19	208	235109	780513	0
Chak Hoja	4	136	257278	858733	0
Chak Holman	33	561	253511	825594	0
Chak Hujra	4	581	254247	851822	0
Chak Hukamgarh	19	465	259882	780247	0
Chak Husain	33	564	259672	836785	0
Chak Husain	33	584	254947	820523	0
Chak Husain	4	136	259045	857582	0
Chak Husainabad	33	479	260197	830297	0
Chak Husaini	4	727	255169	865566	0
Chak Husmand	27	3	304996	740834	0
Chak Idal	13	477	323890	754285	0
Chak Ikawan	33	532	263214	830944	0
Chak Ikhtiyar	33	564	260795	836832	0
Chak Imam Ali	33	626	257503	813152	0
Chak Imam Ali	33	584	253937	818782	0
Chak Imamali	33	33	258887	826604	0
Chak Inami	33	479	260750	831421	0
Chak Inayat	33	314	264090	831543	0
Chak Inayat	33	314	264518	832385	0
Chak Inglis	33	33	255620	826143	0
Chak Inglis	33	33	256307	825163	0
Chak Inglis Chain Singh	33	33	257002	823355	0
Chak Inglis Damodra	33	33	255594	825363	0
Chak Inglis Menhdi	33	33	256721	825211	0
Chak Inglish	33	33	258104	825515	0
Chak Inglish Zorawar Khan	33	33	257364	824423	0
Chak Isa	4	687	257275	854822	0
Chak Islam	4	520	260300	845932	0
Chak Islam	4	687	258744	855867	0
Chak Islampur	19	465	259302	783315	0
Chak Ismailpur	33	698	257800	812914	0
Chak Israr Ali	33	584	255028	822027	0
Chak Itaili	33	698	259169	811667	0
Chak Itauli	33	698	258246	807737	0
Chak Jadaunpur	33	278	267690	790622	0
Chak Jaddu Dube	33	33	257774	825926	0
Chak Jadu	4	687	259156	856093	0
Chak Jafar	13	559	328021	747456	0
Chak Jafar	33	479	260005	829336	0
Chak Jafar	4	136	259079	858074	0
Chak Jafar Muafi	33	619	252744	809469	0
Chak Jafarnagar	33	31	267671	812365	0
Chak Jafri	33	564	259694	833597	0
Chak Jagatian	11	482	300189	767204	0
Chak Jagbandhan	33	561	254712	824169	0
Chak Jagdeopura	33	710	260310	794600	0
Chak Jagmal	4	581	253258	857628	0
Chak Jahangirpur	33	566	281960	777061	0
Chak Jaimalwala	27	3	305074	742164	0
Chak Jainab	4	495	253773	856142	0
Chak Jainti	33	584	255450	819684	0
Chak Jajipur	19	309	233797	763385	0
Chak Jalal	33	314	263409	834656	0
Chak Jalal	33	314	268664	835320	0
Chak Jalal	33	584	254551	819559	0
Chak Jalal	4	520	258640	850927	0
Chak Jalal	4	581	253926	857427	0
Chak Jalalabad	33	566	282716	775524	0
Chak Jalalpur	33	479	257957	828880	0
Chak Jalalpur	33	698	258633	808991	0
Chak Jalalpur	33	685	270668	809351	0
Chak Jalalpur Wari	33	626	256127	812134	0
Chak Jalil	33	584	254607	820773	0
Chak Jamal	4	687	256581	854503	0
Chak Jamnali	27	284	319297	758337	0
Chak Jan	4	581	255198	849216	0
Chak Janab	4	136	258364	857463	0
Chak Janisar	27	3	304955	743427	0
Chak Janki	33	561	254840	824658	0
Chak Jasu	13	690	324716	749148	0
Chak Jattan	27	647	308995	756538	0
Chak Jawaharsingh	13	559	325597	749000	0
Chak Jawahir	13	690	324966	749032	0
Chak Jhankarrai	33	584	255695	818858	0
Chak Jhao	33	451	279425	800489	0
Chak Jhawalpura	19	322	263894	783720	0
Chak Jhori	33	196	252031	829674	0
Chak Jia	4	581	253979	851361	0
Chak Jitrai	33	561	255083	823803	0
Chak Jiunarayan	33	479	260820	831087	0
Chak Jiurani	33	561	254324	824861	0
Chak Jiwajipur	19	208	235723	778192	0
Chak Jiwan Dih	33	584	254184	823222	0
Chak Johai	33	654	261153	810564	0
Chak Johia	33	479	258839	831516	0
Chak Jot Barkat	33	532	264754	824089	0
Chak Jujhari	33	561	253422	823800	0
Chak Jujhari	33	479	260888	828262	0
Chak Julaha	4	581	254006	851318	0
Chak Juned	33	532	265178	826984	0
Chak Jura	33	561	253942	824402	0
Chak Jurawan	33	561	253057	825140	0
Chak ka Purwa	33	710	260261	798386	0
Chak Ka Purwa	33	645	265011	796886	0
Chak Kairua	19	465	257703	781006	0
Chak Kala Tibba	27	3	301107	742511	0
Chak Kalal	27	283	311779	759742	0
Chak Kalan	33	654	260822	810639	0
Chak Kalan	27	284	320641	756215	0
Chak Kalan	27	355	311784	755352	0
Chak Kalan	27	355	311297	758731	0
Chak Kalan	14	379	240509	849061	0
Chak Kale Khan	13	76	340471	747307	0
Chak Kali	33	280	272370	825972	0
Chak Kalilet	33	464	288710	786153	0
Chak Kalka	33	479	260745	831450	0
Chak Kaluti	33	561	253849	824463	0
Chak Kalwaria	33	479	262542	832285	0
Chak Kalyan	33	561	253011	824170	0
Chak Kamaluddin	33	479	260225	829254	0
Chak Kamar Ali	33	479	261162	829118	0
Chak Kamasin	33	626	256554	813530	0
Chak Kami	33	312	279629	801696	0
Chak Kamlapur	33	312	278709	807795	0
Chak Kanari	19	395	246862	775470	0
Chak Kanethua	33	33	256884	826211	0
Chak Kanhan	13	477	323738	753574	0
Chak Kanjran	19	465	257250	781298	0
Chak Kankanheru	19	324	240804	770009	0
Chak Kanku	33	492	287458	789445	0
Chak Kantant	33	479	258755	830780	0
Chak Kantutawa	33	33	255040	826960	0
Chak Karahi	33	526	271191	776174	0
Chak Karam Ali	33	451	280859	798038	0
Chak Karaunda	33	451	280941	799361	0
Chak Kare Khan	27	250	314791	751321	0
Chak Karent	33	619	252682	808719	0
Chak Kari Bhit	33	575	264083	818748	0
Chak Karim	33	584	254096	820503	0
Chak Karimabad	33	31	270381	810772	0
Chak Karimnagar	33	654	260342	813739	0
Chak Karpal	13	559	328473	746332	0
Chak Karta	33	479	260398	827769	0
Chak Kasaundhan	33	584	253684	822188	0
Chak Kasaundhan	33	584	253243	821799	0
Chak Kasba	33	479	260531	830524	0
Chak Kashi	33	488	277563	811567	0
Chak Kashipur	19	465	258405	782772	0
Chak Kashiram	33	584	255467	819741	0
Chak Kasim	27	284	318480	756532	0
Chak Kathar	33	584	254680	822010	0
Chak Kather	33	269	273595	824515	0
Chak Kathwari	33	479	259159	831605	0
Chak Katoghan	33	698	257501	811316	0
Chak Kaulapat	33	561	253219	825016	0
Chak Kauro	13	1	337552	741835	0
Chak Kawadapur	20	110	204424	790467	0
Chak Kazi	28	113	271252	775360	0
Chak Kazi	33	479	260212	829150	0
Chak Kazipur	33	698	258594	807058	0
Chak Kazipur	33	488	277468	807571	0
Chak Kazipura	33	698	257779	807658	0
Chak Keri Singh	33	659	274374	801280	0
Chak Kerman	27	704	310043	766003	0
Chak Keryari	14	541	232743	858292	0
Chak Kewat Ali	33	584	255098	819331	0
Chak Khairullah	33	479	260206	831340	0
Chak Khaje	4	687	257778	854727	0
Chak Khajuha	33	282	275178	814630	0
Chak Khan	34	413	295164	797622	0
Chak Khandwala	27	3	305355	741571	0
Chak Khaneta	19	459	264538	779738	0
Chak Khaniahan	33	314	264585	832230	0
Chak Khanpur	19	395	247299	781752	0
Chak Khapur	33	654	262913	813562	0
Chak Kharak Singh	27	542	299710	747293	0
Chak Khejra	19	324	246075	773648	0
Chak Khejra	19	208	236452	779025	0
Chak Khela	27	284	316786	757576	0
Chak Kheowala	27	3	304147	741728	0
Chak Khera	33	685	267387	807521	0
Chak Khewa	27	3	305630	741132	0
Chak Khirsa	33	450	263047	802760	0
Chak Khiru	33	479	261322	828268	0
Chak Khoa	33	561	254561	824667	0
Chak Khordia	33	531	290458	789673	0
Chak Khori	19	323	254883	770947	0
Chak Khudaganj	33	626	255908	813490	0
Chak Khuranj	27	3	304767	743056	0
Chak Khurd	27	355	311831	755389	0
Chak Khurdi	4	687	257124	854928	0
Chak Khurdpar	19	465	259811	781518	0
Chak Khurram	33	479	259703	829788	0
Chak Khushalpur	19	324	246177	774253	0
Chak Khushhal	33	561	254948	824445	0
Chak Khushhal	33	561	254517	824571	0
Chak Khwaja Ali	33	584	253201	818631	0
Chak Kigam	13	0	344676	743125	0
Chak Kima	13	559	325444	748417	0
Chak Kirkira	19	208	235277	780431	0
Chak Kishandas	33	561	253766	824636	0
Chak Kishandaspur	33	698	259152	811639	0
Chak Kishangir	33	561	253919	824519	0
Chak Kishanpura	19	323	255544	771866	0
Chak Kora Sadat	33	698	258182	809413	0
Chak Korion Panjhhazari	33	626	257347	812985	0
Chak Kot	33	479	260322	829290	0
Chak Kothia	33	479	260214	831259	0
Chak Kowus	13	76	341082	746551	0
Chak Kulahal Patti	33	532	261689	828681	0
Chak Kulhauli	33	450	262846	803147	0
Chak Kumarjati	33	561	253961	824566	0
Chak Kundesri	33	531	290599	789754	0
Chak Kundi	33	269	273316	824690	0
Chak Kusahi	33	561	254983	824414	0
Chak Kutwa	33	605	266751	816390	0
Chak Lachchhi	4	675	264421	841085	0
Chak Lachhman	13	559	326706	747609	0
Chak Lachhmanpur	33	33	258252	826842	0
Chak Ladian	27	284	317316	758307	0
Chak Ladian	27	284	317211	758288	0
Chak Ladipur	33	698	259576	810886	0
Chak Ladpur	33	531	290348	789354	0
Chak Laharchha	19	324	241643	770542	0
Chak Lahauri	27	704	309737	763260	0
Chak Lahsua	33	479	260558	827989	0
Chak Laihara	33	561	254222	824519	0
Chak Lakhangawan	19	420	254824	777448	0
Chak Lakhipur	33	312	279733	811794	0
Chak Lal Bihari	33	31	272282	812193	0
Chak Lalaha	33	33	256626	826226	0
Chak Laldhar	33	479	259809	831621	0
Chak Lalial	13	559	328064	747120	0
Chak Lalman	33	584	254340	822350	0
Chak Lalman	33	33	260062	826126	0
Chak Lalmuhammad Befikar	33	584	253918	818837	0
Chak Lalsahi	4	136	257104	856393	0
Chak Laltora	19	324	246882	774463	0
Chak Lalwa	4	687	256832	853272	0
Chak Lamochar	27	3	305587	741876	0
Chak Lamochar	27	545	309707	745146	0
Chak Largan	13	559	327641	749455	0
Chak Latif	33	479	261411	828167	0
Chak Latif	33	479	260332	829015	0
Chak Latif	33	479	260616	829622	0
Chak Latif	4	687	256767	852710	0
Chak Lilkanth	33	539	267313	836313	0
Chak Lodipur	33	654	262042	813396	0
Chak Lodipur	4	495	252392	852494	0
Chak Lohargawan	33	451	282184	798558	0
Chak Loharra	33	492	291221	789738	0
Chak Lohat	27	647	309357	763206	0
Chak Lohrahar	33	654	262901	812367	0
Chak Loka	33	561	253142	824533	0
Chak Lola	33	242	253430	827459	0
Chak Luddan	13	477	324102	755244	0
Chak Luddan	13	477	323756	755431	0
Chak Lunla	33	479	260481	831162	0
Chak Luqman	4	136	256621	858290	0
Chak Mada	33	584	253628	822163	0
Chak Madan	35	268	229278	880031	0
Chak Madar	33	196	251348	830397	0
Chak Madari	33	698	259017	811609	0
Chak Madariha	33	584	254023	821703	0
Chak Madarsa	27	592	304735	743794	0
Chak Madarsa	33	33	257224	827692	0
Chak Madarullah	33	623	267913	830318	0
Chak Madho Singh	27	665	323080	756570	0
Chak Madhopur	19	322	263828	783574	0
Chak Madhopur	19	322	263665	783501	0
Chak Madhopur	19	465	259764	782738	0
Chak Madhopur	33	532	263587	830805	0
Chak Madhopur	19	309	235443	764212	0
Chak Madhpuri	33	492	289277	786845	0
Chak Madhukar	33	584	254417	821592	0
Chak Madna	33	312	278882	807930	0
Chak Mahan	33	33	257243	826440	0
Chak Mahan Bhadar	27	592	304084	744340	0
Chak Mahdud	33	464	288890	783844	0
Chak Mahesh	33	314	263831	834034	0
Chak Maheta	33	33	257166	824651	0
Chak Mahmud Chisti	4	687	256675	852355	0
Chak Mahmuda	4	615	260751	845766	0
Chak Mahni	33	33	255394	826263	0
Chak Maholi	33	479	260412	830510	0
Chak Mahpur	33	626	255334	815030	0
Chak Mahr	27	250	313545	750508	0
Chak Mahsi	4	136	259989	857693	0
Chak Mahtab	33	27	256917	833925	0
Chak Mahtab	4	507	251354	848693	0
Chak Mahua	33	623	266512	831212	0
Chak Mahuari	33	479	260004	829463	0
Chak Mahuli	4	136	257466	860955	0
Chak Maidas	27	283	311918	758717	0
Chak Maigar	33	33	254615	826111	0
Chak Majdaha	33	314	268353	834839	0
Chak Majhauna	33	654	261910	811605	0
Chak Majhi	4	581	255221	850382	0
Chak Majhiladih	35	347	241331	876514	0
Chak Majhlipatti	33	196	252177	825160	0
Chak Majnu	33	479	260757	830576	0
Chak Majra	13	559	325431	748395	0
Chak Makhan	4	381	259388	853812	0
Chak Makhdumpur	33	685	268257	810146	0
Chak Makhdumpur	33	532	265381	826483	0
Chak Makhna	33	532	263793	830185	0
Chak Makna	33	31	271944	812108	0
Chak Maksud Jahan	33	479	261371	828091	0
Chak Maksudan	33	479	262517	827011	0
Chak Maksur	20	110	204587	790334	0
Chak Mala	13	559	328357	745395	0
Chak Malahtha	33	33	256849	822242	0
Chak Malai	33	33	255074	824632	0
Chak Malhauri	33	685	268594	810392	0
Chak Mali	33	584	255197	820341	0
Chak Mali	33	479	260919	829764	0
Chak Mali	33	314	264286	834137	0
Chak Malsi	33	242	255177	827330	0
Chak Maluk	33	27	257386	834317	0
Chak Maluk	33	479	261283	831617	0
Chak Malwana	13	358	332170	756393	0
Chak Mamha	33	637	262402	815028	0
Chak Mamrez	33	451	278501	798347	0
Chak Man	4	520	258731	849126	0
Chak Mana	33	561	252570	824423	0
Chak Mandari	33	312	279228	800457	0
Chak Mandhata	33	561	253178	824204	0
Chak Mandher	27	283	312084	758559	0
Chak Mangri	33	605	265384	821222	0
Chak Mangu	13	559	326562	747838	0
Chak Manhasan	12	-1	321717	756631	0
Chak Mani Raghunath Singh	33	553	294089	787355	0
Chak Manian	33	654	261526	808669	0
Chak Manika	4	520	258003	850611	0
Chak Manikpur Saiyid Razi	33	626	256493	813380	0
Chak Manirai	33	561	253195	824633	0
Chak Manjhan	33	688	259743	820574	0
Chak Manjhan	4	675	263299	845477	0
Chak Manohar	33	584	254734	822985	0
Chak Manohar	33	561	253416	824225	0
Chak Manohar	33	312	278507	802495	0
Chak Manpur Marauri	33	656	281872	797646	0
Chak Mansahri	33	654	261031	812532	0
Chak Mansingh	33	561	253831	824700	0
Chak Mansinghpur	27	665	322996	754450	0
Chak Mansur	33	522	269416	824542	0
Chak Mansur	4	687	259677	851023	0
Chak Mansur	4	136	258839	856632	0
Chak Manu	33	564	261865	836256	0
Chak Manwar	4	569	260822	862263	0
Chak Maruf	4	687	259670	852769	0
Chak Maruri	33	152	269185	822556	0
Chak Masena	33	532	264211	829902	0
Chak Maseni	33	661	273833	796149	0
Chak Mastam	33	479	260780	828574	0
Chak Masti	4	520	258714	850427	0
Chak Masud	33	561	252913	825204	0
Chak Masud	33	584	255397	819879	0
Chak Masud	4	687	256559	853284	0
Chak Masum	33	584	253433	823174	0
Chak Mataldai	33	242	252520	828704	0
Chak Matali	33	27	256623	833789	0
Chak Matera	33	479	262001	829402	0
Chak Math	4	117	249398	848600	0
Chak Math Sankot	33	33	257489	824539	0
Chak Mathia	33	33	256337	821551	0
Chak Mathia	33	532	264189	830509	0
Chak Mawai Radha	33	619	252245	812713	0
Chak Mawaiya	33	575	263661	818759	0
Chak Maya Pande	33	479	261298	828256	0
Chak Mazhai	33	31	271508	812288	0
Chak Mazrawala	12	-1	309120	768191	0
Chak Mehra	27	284	318362	756851	0
Chak Mehra	27	284	318283	756862	0
Chak Mehrukheri	19	208	236170	779280	0
Chak Memdiar da	13	559	325887	747609	0
Chak Meola Dharu	33	492	290743	789500	0
Chak Meuwan	33	479	259710	830837	0
Chak Mian	33	479	260159	829608	0
Chak Mianpur	33	698	259111	811377	0
Chak Mianpur	33	31	268740	815544	0
Chak Milkan	33	516	261568	838215	0
Chak Milki	4	136	259114	858435	0
Chak Milki	4	569	260330	861932	0
Chak Mir	33	698	259068	811878	0
Chak Mir Baqi	4	687	258584	855904	0
Chak Miranpur	33	698	258233	807618	0
Chak Mirfazal Ali	33	584	253295	818611	0
Chak Mirmirapur	33	33	258323	826045	0
Chak Mirpur	33	698	258324	806838	0
Chak Mirpur	27	284	319672	758457	0
Chak Mirpur	33	31	271252	811279	0
Chak Mirshat	13	477	324151	754835	0
Chak Mirzapatti	33	654	259993	814979	0
Chak Mirzapur	33	33	257436	826381	0
Chak Mirzapur	27	665	323446	755612	0
Chak Misran	33	584	252785	819189	0
Chak Misri Khan	27	214	317460	746472	0
Chak Miyan	33	584	254957	821987	0
Chak Mochanwala	27	3	305507	741582	0
Chak Mochara Yad Ali	33	626	256580	813412	0
Chak Moghlani	33	33	258274	826103	0
Chak Mognal	33	698	259035	808658	0
Chak Mohandas	33	584	256105	818144	0
Chak Mohbano	33	152	270910	826689	0
Chak Mohib Ali	4	581	253849	850826	0
Chak Mohiuddin	4	687	257185	855193	0
Chak Mohiuddinpur	4	495	253307	851932	0
Chak Mohtmid	33	605	265824	822403	0
Chak Moinuddin	4	687	259313	852097	0
Chak Moiuddinpur	33	698	258946	811878	0
Chak Mola	4	687	256296	854248	0
Chak Molanpur	33	698	259636	811009	0
Chak Momanha	33	33	260165	825483	0
Chak Mosaha	33	654	262773	813297	0
Chak Motiram	33	584	256142	816231	0
Chak Motliwala	27	592	305634	746962	0
Chak Muafi	27	647	307467	761907	0
Chak Muazam	33	698	259756	810797	0
Chak Muazzam	33	479	261341	831337	0
Chak Mubarak	33	33	256908	824362	0
Chak Mubarak	33	152	266960	829700	0
Chak Mubarakpur	33	688	259686	820734	0
Chak Mughlani	27	355	311377	755200	0
Chak Muhammad	33	584	255192	820929	0
Chak Muhammad	33	584	256751	819760	0
Chak Muhammad	4	687	259498	852633	0
Chak Muhammad	4	687	255853	853589	0
Chak Muhammad	4	687	255496	854489	0
Chak Muhammad Amin	33	584	254437	821295	0
Chak Muhammad Panah	33	584	254387	820362	0
Chak Muhammad Rafi	33	584	253202	818282	0
Chak Muhammad Saleh	33	314	264392	832550	0
Chak Muhammadewala	27	3	305470	741551	0
Chak Muhammadewala	27	3	305522	741700	0
Chak Muhammadnagar	33	553	292999	785432	0
Chak Muhammadpur	33	33	255114	824666	0
Chak Muhli	19	338	233151	788990	0
Chak Muinuddinpur	33	479	263118	830075	0
Chak Mukand	27	214	316062	747253	0
Chak Mulnapur	33	33	258908	825172	0
Chak Munanwali	11	563	297554	747530	0
Chak Munauwar	33	479	260140	829172	0
Chak Munawwar	33	479	260634	831445	0
Chak Mund Minjni	33	479	260572	828647	0
Chak Munda	4	615	260768	846702	0
Chak Mundi	33	584	253917	818509	0
Chak Munni	4	510	255335	859290	0
Chak Munsubdar Khan	13	477	324210	754493	0
Chak Murad	33	479	260337	832035	0
Chak Murlidhar	33	479	259487	831328	0
Chak Musa	4	581	255474	850207	0
Chak Musaha	33	561	252555	823236	0
Chak Musahi	33	584	251552	822489	0
Chak Musapur	33	698	258654	811955	0
Chak Musi	33	575	264026	819332	0
Chak Mustafa	33	522	268700	822129	0
Chak Mustafapur	33	698	258572	810771	0
Chak Mustafapur	33	464	289604	783281	0
Chak Mustafapur	33	431	301587	775223	0
Chak Muzaffar	33	479	261340	828141	0
Chak Muzaffar	4	510	255211	862214	0
Chak Muzammil	33	584	254314	820595	0
Chak Muzani	33	479	257285	829873	0
Chak Nagla Dusadh	33	661	272732	793274	0
Chak Nahar	33	479	259137	831988	0
Chak Naik	33	479	263335	831158	0
Chak Najabat	33	688	256635	816000	0
Chak Nakdah	33	314	266168	832879	0
Chak Nanak	13	477	323859	754678	0
Chak Nandabir	33	561	252584	824825	0
Chak Nandabir	33	561	252522	824816	0
Chak Nandu	33	584	254052	821907	0
Chak Nanhu	33	561	253525	826219	0
Chak Nannanpur	33	605	265186	820128	0
Chak Narainian	12	-1	321650	756642	0
Chak Naran Das	13	289	341010	745153	0
Chak Narayan	33	152	269143	824190	0
Chak Narayanpur	33	33	256121	825252	0
Chak Narayansingh	19	324	242630	771263	0
Chak Narinjan	33	575	264407	821432	0
Chak Narkunda	33	329	287372	794574	0
Chak Naroli	13	477	323511	754968	0
Chak Nashopur	33	694	250205	832887	0
Chak Naso	4	520	258762	850507	0
Chak Natha	33	605	266482	820613	0
Chak Nathanpur	33	698	258494	809594	0
Chak Naudar	33	694	254467	832364	0
Chak Nawab	27	545	308408	743419	0
Chak Nawadah	4	495	252052	852853	0
Chak Nawar	12	267	318248	769464	0
Chak Nawaz	33	479	260587	831505	0
Chak Nazar	13	690	325264	748861	0
Chak Neknampur	33	654	260124	814040	0
Chak Netapur	33	479	259333	832691	0
Chak Newanipar	33	698	256919	811325	0
Chak Niamat	33	532	264784	824210	0
Chak Niamatpur	33	626	255418	814380	0
Chak Nibhera	19	465	259010	783852	0
Chak Nimbala	20	110	200434	794557	0
Chak Niranjan	33	561	252551	824376	0
Chak Nirpur	4	495	251462	854193	0
Chak Niwazi	33	561	254074	824622	0
Chak Niwazi	33	561	254317	824956	0
Chak Nizam	33	654	261318	812656	0
Chak Nizam	4	136	257455	857794	0
Chak Nizamat	4	136	258371	858373	0
Chak Nizamuddin	27	545	309427	746351	0
Chak Nizani	4	581	254934	849818	0
Chak Nohar	33	33	260292	825747	0
Chak Nohri Bari	19	420	254743	776662	0
Chak Nonari	33	479	258714	830441	0
Chak Number Eleven	34	692	297135	797457	0
Chak Number Nine	34	413	296802	797200	0
Chak Number Seven	34	413	296804	797291	0
Chak Number Ten	34	413	296977	797464	0
Chak Nur	33	152	269178	824163	0
Chak Nur	33	584	253443	818866	0
Chak Nur	4	136	258736	857602	0
Chak Nur	4	687	257740	852036	0
Chak Nur	4	687	257331	852036	0
Chak Nurai	35	347	241938	877173	0
Chak Nurali	27	284	317145	757929	0
Chak Nurbaf	33	314	264579	832100	0
Chak Nurganj	33	698	259084	810593	0
Chak Nuri	33	479	260849	828620	0
Chak Nurpur	33	626	256583	812908	0
Chak Nuruddin	4	136	259036	857878	0
Chak Nutnus	13	0	344262	743224	0
Chak One B B	28	360	297479	738064	0
Chak One K K	28	360	297264	738020	0
Chak One P P	28	360	296993	737843	0
Chak Pachhkhara	33	654	262429	813178	0
Chak Pachokra	33	492	289686	786540	0
Chak Padri	33	33	254772	826477	0
Chak Pagara	19	324	246428	774455	0
Chak Pahar	33	654	260610	815112	0
Chak Pahar	4	136	257986	856218	0
Chak Pahara	33	593	275980	791486	0
Chak Paharpur	4	675	262279	848445	0
Chak Pahna	33	626	253120	815050	0
Chak Paighambarpur	33	698	257958	806090	0
Chak Painti	33	464	288315	786069	0
Chak Pali	33	584	253029	822875	0
Chak Pali	33	605	264592	821583	0
Chak Pali	33	654	261787	813195	0
Chak Palkinhar	33	654	260490	812271	0
Chak Pampapur	19	395	245885	774811	0
Chak Panahi	33	479	261386	828147	0
Chak Pandari	33	282	271923	815391	0
Chak Pande	33	312	278919	811238	0
Chak Pandri	33	561	254147	824633	0
Chak Parariya	19	208	236201	778221	0
Chak Paras	13	690	324758	749663	0
Chak Parasin	33	619	249593	809689	0
Chak Parawan	33	654	263144	811225	0
Chak Paron	27	665	322235	753840	0
Chak Parsodi	20	110	205027	792267	0
Chak Pataila	33	33	257742	826030	0
Chak Paterwa	33	637	262523	818382	0
Chak Patharian	27	665	322264	755284	0
Chak Patti	33	33	260395	826454	0
Chak Pauha	33	33	256269	824363	0
Chak Paulang	35	-1	231344	859170	0
Chak Paune Band	13	559	327336	747837	0
Chak Pawai	33	479	260186	829235	0
Chak Payag	33	564	261011	835289	0
Chak Payagdas	33	561	253474	823259	0
Chak Petha Shatgund	13	0	343419	742530	0
Chak Phatak Sahab	19	465	259816	783352	0
Chak Pheri	33	531	287150	788782	0
Chak Phulapur	33	278	268607	790194	0
Chak Phullu	27	284	311773	761855	0
Chak Phulwaria	33	532	265197	826963	0
Chak Phutohi	33	561	253614	825410	0
Chak Piaran	33	584	256744	820211	0
Chak Piaran	33	584	256557	820353	0
Chak Pihani	33	698	260475	809233	0
Chak Pihani	33	282	272660	815550	0
Chak Pihani	33	595	276208	819452	0
Chak Pihani	33	312	277926	802296	0
Chak Piparia	33	637	261999	817450	0
Chak Pipri	33	532	265244	825817	0
Chak Piproda Gird	19	324	246165	774126	0
Chak Pir	4	520	260553	847056	0
Chak Pir Muhammad	33	584	255781	820001	0
Chak Pira Shah	33	654	262861	813039	0
Chak Pirthipur	33	685	270550	809100	0
Chak Pitambar	4	687	259687	850781	0
Chak Ponanwala	27	3	305076	741584	0
Chak Prayag	4	727	253142	867614	0
Chak Prema	27	544	312701	758032	0
Chak Premgir	33	561	253445	823491	0
Chak Punjabi	28	113	271167	775399	0
Chak Pura	19	465	259822	782163	0
Chak Pura Khurd	33	584	253410	818811	0
Chak Purai	33	561	254767	823617	0
Chak Purn	13	0	343363	742868	0
Chak Purwa	33	370	245812	786796	0
Chak Purwa	33	488	275200	811537	0
Chak Purwa	33	31	269259	810680	0
Chak Purwa	33	575	264764	818251	0
Chak Purwa	33	282	271642	815181	0
Chak Purwa	33	532	264488	829714	0
Chak Purwa	33	654	261306	812825	0
Chak Purwa	33	654	260221	813686	0
Chak Purwa	33	605	268123	815819	0
Chak Purwa	33	31	269109	816334	0
Chak Purwa	33	659	276052	801810	0
Chak Purwa	33	659	271862	800773	0
Chak Pyau	19	395	245153	776603	0
Chak Qadirpur	33	626	256654	813523	0
Chak Qasba	33	33	255990	825868	0
Chak Qasimpur	33	672	288990	779030	0
Chak Qazi	33	584	256395	818579	0
Chak Qazi	4	520	258577	845772	0
Chak Qazi Aulia	33	584	255760	821280	0
Chak Qazi Nizam	4	687	257961	853914	0
Chak Qazipur	33	31	271828	812128	0
Chak Qudus	13	76	339232	746043	0
Chak Qudusi	13	76	339182	746308	0
Chak Qutbuddinpur	33	584	254057	819770	0
Chak Qutbul Zaman	33	584	255950	820673	0
Chak Rabia	33	33	256074	825896	0
Chak Rabia	4	687	257430	852124	0
Chak Racha	33	659	276139	797717	0
Chak Radhunath	33	584	254582	819691	0
Chak Raghodas	33	314	264778	831727	0
Chak Raghu	13	477	324610	752680	0
Chak Raghunath	33	584	253981	818774	0
Chak Raghunathpur	19	208	236825	779420	0
Chak Raghunathpur	19	208	236943	779577	0
Chak Raham	33	27	257220	834388	0
Chak Rahetgir	33	561	254030	824496	0
Chak Rahi Maniyari	4	381	259674	856087	0
Chak Rahia	4	136	256886	863125	0
Chak Rahim	4	581	253770	857930	0
Chak Rahim	4	581	254175	851780	0
Chak Rahman	33	33	256694	823891	0
Chak Rahmat	33	33	260296	825787	0
Chak Rahramau	33	31	269520	813419	0
Chak Raipur	4	569	259968	859920	0
Chak Raipur	35	347	241013	876467	0
Chak Raj Ali	4	136	256045	856246	0
Chak Raja	33	479	260801	831283	0
Chak Raja	27	468	321206	753206	0
Chak Rajai	33	479	262017	829663	0
Chak Rajapur	33	33	257069	826399	0
Chak Rajaram	33	561	252485	824363	0
Chak Rajaram	33	561	252840	825303	0
Chak Raje	4	569	262335	861485	0
Chak Rajo	4	687	257336	853496	0
Chak Rajpur	33	314	265908	831940	0
Chak Raju Sahdani	33	479	260106	828625	0
Chak Raju Singh	27	284	315311	758070	0
Chak Rakra	19	465	259639	781063	0
Chak Rakwalan	13	559	327861	749250	0
Chak Ram Charan	33	314	264705	832481	0
Chak Ram Manorath	33	564	261027	836224	0
Chak Ram Sahai	27	468	321803	753687	0
Chak Ram Singhwala	27	542	301820	751129	0
Chak Rama Nand	13	119	342966	746315	0
Chak Raman	4	136	256412	856144	0
Chak Ramchand Patti	33	688	260100	820939	0
Chak Ramdas	13	559	325208	748181	0
Chak Ramdas	4	687	259984	851093	0
Chak Ramdaspur	4	520	261154	848962	0
Chak Ramgharib	33	479	261176	827037	0
Chak Ramnagar	33	479	263044	831212	0
Chak Rampur	33	31	267378	814596	0
Chak Rampura	19	420	256251	773494	0
Chak Ranbergad Partapgad	13	289	341347	746595	0
Chak Ranberpor	13	36	335930	749138	0
Chak Rani	33	654	260264	811434	0
Chak Raotan	27	284	312210	762053	0
Chak Rar	33	654	261826	813568	0
Chak Rasul	33	522	268872	821720	0
Chak Rasul	33	516	258123	840263	0
Chak Rasul	4	687	259328	851054	0
Chak Rasul	4	687	259018	852320	0
Chak Rasul	4	495	250386	854023	0
Chak Rasulabad	33	698	258236	809598	0
Chak Rasulabad	4	687	258387	856087	0
Chak Rasulpur	33	698	258483	806824	0
Chak Rasulpur	4	495	251824	855045	0
Chak Rawan	33	479	260006	830470	0
Chak Raza	33	698	259813	810396	0
Chak Raza	33	654	260699	815216	0
Chak Raza	4	581	254305	852655	0
Chak Rehra	33	698	259803	810500	0
Chak Roranwala	27	3	304916	743049	0
Chak Roranwala	27	3	304456	742715	0
Chak Roranwala	27	545	308181	745632	0
Chak Roshan	4	687	258080	852678	0
Chak Roshan Ali	33	312	278712	808227	0
Chak Roshanhaidri	33	479	259886	828482	0
Chak Roti Tore	4	381	262631	849309	0
Chak Rudarpur	14	673	242019	841464	0
Chak Ruhela	4	687	259414	851099	0
Chak Rukwal	13	690	324958	749550	0
Chak Ruldu Singhwala	27	542	300083	747832	0
Chak Rupai Patti	33	532	265178	827352	0
Chak Rupaiya	33	314	264249	832206	0
Chak Rusallihat	19	208	242222	778943	0
Chak Rustampur	33	553	290310	782924	0
Chak Rustampur	33	464	288291	784405	0
Chak Sabzpur	33	479	260631	827511	0
Chak Sada	33	561	252598	823304	0
Chak Sadat	4	510	255527	859546	0
Chak Sadhuwala	27	545	308040	745337	0
Chak Sadr	33	27	257066	832574	0
Chak Safaura	33	451	282154	798484	0
Chak Sahab	33	561	253364	824076	0
Chak Sahibu	27	355	310807	758795	0
Chak Sahja	33	479	259238	833580	0
Chak Saho	4	136	255898	856222	0
Chak Sahu	27	665	322260	754510	0
Chak Sahu	27	700	307712	746089	0
Chak Said	4	687	258781	854807	0
Chak Saidapur	33	685	270143	807101	0
Chak Saidkhan	4	687	257403	853126	0
Chak Sainian	27	283	310464	759578	0
Chak Saiyad	33	564	261183	835880	0
Chak Saiyad Ashraf	33	564	260730	835416	0
Chak Saiyid Alipur	33	626	254800	814729	0
Chak Sakta	13	477	324337	754155	0
Chak Salarian	13	690	325416	749949	0
Chak Saleh	4	687	257172	852765	0
Chak Salehriyan	13	690	325292	749333	0
Chak Salehriyan	13	690	325597	749986	0
Chak Salempur Goli	33	698	257464	812222	0
Chak Salim	4	136	256411	855818	0
Chak Salim Jot	33	532	265585	825379	0
Chak Salimpur	4	567	252223	862377	0
Chak Samad Rather	13	36	335871	749018	0
Chak Samaya	4	581	253499	858178	0
Chak Samda	4	615	262307	843669	0
Chak Samon	27	647	309644	762044	0
Chak Sanath	33	561	253583	826165	0
Chak Sand	33	522	270995	820674	0
Chak Sand	33	152	268921	824293	0
Chak Sanderi	33	33	258090	825766	0
Chak Sanga	13	559	329017	747710	0
Chak Sangatdas	33	584	252747	818245	0
Chak Sangria	33	654	261983	811306	0
Chak Sangwani	19	443	222028	776269	0
Chak Sara	33	688	258341	820386	0
Chak Sarai	27	647	307986	760888	0
Chak Saraiya	33	314	264138	832842	0
Chak Sarang	33	584	254480	822825	0
Chak Sarauli	33	698	259245	811688	0
Chak Sarawan	33	479	258238	829475	0
Chak Sardar	13	477	323809	755185	0
Chak Sardar Atar Singh	13	477	323633	753442	0
Chak Sardar Attar Singh	13	559	327056	748014	0
Chak Sardar Desa Singh	13	559	326714	747682	0
Chak Sardaran	13	690	325403	749649	0
Chak Sardarpura	28	467	291649	747965	0
Chak Sari	33	196	252001	825575	0
Chak Saria	33	595	275898	818764	0
Chak Saripur	33	584	253250	818068	0
Chak Sarira	33	654	261275	812877	0
Chak Sarkauli	33	31	270704	814445	0
Chak Sarnath	4	520	258432	850187	0
Chak Sarwanath	27	647	308604	760505	0
Chak Sarwani	27	284	319954	756624	0
Chak Sarwar	4	581	254517	856149	0
Chak Satan	35	397	254604	878503	0
Chak Satialta	13	359	330023	752246	0
Chak Sattapur	33	686	265759	793290	0
Chak Sattarganj	33	626	253712	814300	0
Chak Sawad Shahr	33	526	271389	780140	0
Chak Sehora	33	33	256272	826807	0
Chak Sehrai	19	465	259010	783495	0
Chak Seleh	4	520	258824	849878	0
Chak Sembhu	14	673	239655	842170	0
Chak Semra	33	584	253068	818039	0
Chak Sena	33	654	261194	814565	0
Chak Seoban	33	584	253794	822840	0
Chak Seoraha	33	522	268776	821941	0
Chak Serwa	33	561	254399	825906	0
Chak Seventy Eight L N P	28	467	295197	737741	0
Chak Seventy L N P	28	360	295330	737699	0
Chak Seventy Nine L N P	28	360	295004	737854	0
Chak Sewa	33	561	254300	824439	0
Chak Sewa	33	479	261980	827085	0
Chak Shadinagar	33	531	287769	790318	0
Chak Shadipur Hafizpur	33	626	256741	813471	0
Chak Shah Chayas	33	33	259395	826667	0
Chak Shah Husain	33	314	267770	833679	0
Chak Shah Kabir	33	698	258737	811409	0
Chak Shah Kafi	33	479	261298	828727	0
Chak Shah Zahid	33	698	258492	809582	0
Chak Shah Zainuddin	33	584	255256	817969	0
Chak Shahabuddinpur	33	654	262119	812296	0
Chak Shahanpur	33	626	254988	814027	0
Chak Shahbaz	4	520	258951	850724	0
Chak Shahbuddinpur	33	626	254860	814912	0
Chak Shahghulam Ali	33	584	253172	818641	0
Chak Shahjahani	33	553	293303	785015	0
Chak Shahmuhmad	33	280	271497	825887	0
Chak Shahwali	4	687	257236	855966	0
Chak Shaikh Ahmad	33	584	256451	821179	0
Chak Shakur	33	623	265424	829523	0
Chak Shakur	27	355	316025	756301	0
Chak Shakur	4	687	259684	851147	0
Chak Sham	33	584	256568	819232	0
Chak Sham	33	584	256518	819488	0
Chak Shama	13	477	323649	753520	0
Chak Shaman	13	559	328276	747412	0
Chak Shankargarh	19	420	252326	775498	0
Chak Sharida Muku	13	588	341278	747169	0
Chak Sharif	27	468	319168	754981	0
Chak Sharifpur	33	31	271542	811906	0
Chak Shavan	33	584	255381	819816	0
Chak Shekh	4	687	256761	852125	0
Chak Sheopur	33	575	264349	818497	0
Chak Sheoramgir	33	33	257233	824732	0
Chak Sherewala	27	592	305721	746299	0
Chak Shikra	33	575	264203	818702	0
Chak Shiughulam	33	479	262994	831223	0
Chak Shiurajpur Koh	33	626	255949	814942	0
Chak Shri Datt	33	561	253462	824484	0
Chak Shura	33	575	263649	823075	0
Chak Shutalu	13	289	342585	743288	0
Chak Shyorawali	28	113	271387	775324	0
Chak Sihod	19	208	235496	780402	0
Chak Sihod	19	208	235363	780660	0
Chak Sikandar	4	687	256824	853600	0
Chak Sikandar	33	27	255390	832813	0
Chak Sikandar	33	584	254435	820720	0
Chak Sikandar	27	214	318416	749164	0
Chak Sikandar	27	250	314093	747738	0
Chak Sikandar	4	136	257807	856248	0
Chak Sikha	27	284	311621	761754	0
Chak Sikhari	33	561	253772	824723	0
Chak Silawati	19	324	247645	771586	0
Chak Sima	4	136	259741	857086	0
Chak Simra	33	488	277025	811552	0
Chak Simrah	33	33	259291	825087	0
Chak Singhar	4	687	255529	854201	0
Chak Singhewala	27	3	305096	741832	0
Chak Singwasa	19	324	246601	773584	0
Chak Sinian	33	522	270870	818145	0
Chak Siria	4	581	253772	851772	0
Chak Siriram	33	605	264524	821639	0
Chak Sirsi	33	626	253442	814172	0
Chak Sitalpur	19	465	259912	781189	0
Chak Sitalpur	19	395	244643	781267	0
Chak Sithwal	33	479	260027	830980	0
Chak Sodiwala	27	592	304694	745370	0
Chak Soentha	33	33	260121	826025	0
Chak Soharamau	33	301	266349	807705	0
Chak Sohelewala	27	3	305162	743641	0
Chak Sohna Sandar	27	3	305901	741919	0
Chak Sohna Sandar	27	3	305778	742081	0
Chak Solapur	33	282	274227	814777	0
Chak Son	33	561	252617	824477	0
Chak Sondhi	33	479	260461	829605	0
Chak Sri Ram	33	488	276526	812342	0
Chak Suar	33	531	287950	791743	0
Chak Subhan Mir	17	-1	346171	750672	0
Chak Subhan Mir	13	119	346139	750583	0
Chak Sucher	33	584	253022	816170	0
Chak Sudama	33	561	253092	825132	0
Chak Sudarshan	33	584	254184	822570	0
Chak Sugahnan	33	282	273345	815250	0
Chak Sukali	33	561	252538	824594	0
Chak Sukhera	27	3	305615	741999	0
Chak Suleman	4	687	259065	854102	0
Chak Sultan	35	650	225299	877591	0
Chak Sultan	4	687	255878	853577	0
Chak Sultan Khan	13	289	342904	744133	0
Chak Sultan Muhammad	33	584	256211	820903	0
Chak Sultanpur	33	27	257187	832429	0
Chak Sultanpur	4	615	260923	842864	0
Chak Sumesharpur	33	33	255366	826339	0
Chak Sunda	33	654	263070	811078	0
Chak Sundar	33	561	253432	824282	0
Chak Supni	33	282	273940	816226	0
Chak Surat	4	581	254684	852467	0
Chak Suratpur	33	464	288074	785488	0
Chak Sutaria	27	3	305245	741890	0
Chak Suwakheri	19	208	236223	780045	0
Chak Tahhwala	27	3	305758	741217	0
Chak Taki	33	479	260196	829325	0
Chak Takia	33	196	251687	830324	0
Chak Tala	33	33	256694	826355	0
Chak Tamkot	27	592	303498	744521	0
Chak Tamoiya	19	395	245312	777028	0
Chak Tara	33	31	266626	814248	0
Chak Tara	33	532	264334	829588	0
Chak Tara	33	479	262143	828769	0
Chak Tarewal	27	480	309833	753239	0
Chak Tari	33	33	256397	828418	0
Chak Tatar	33	564	260890	837021	0
Chak Teju Dikshit	33	584	253968	818833	0
Chak Teki	33	561	254846	824279	0
Chak Tendwa	33	575	264356	819282	0
Chak Tepkhar	33	479	259730	828800	0
Chak Teton	19	322	264985	782751	0
Chak Thakurain	33	584	255114	823300	0
Chak Thakurram	33	584	255365	819074	0
Chak Thanesar	33	479	262332	827170	0
Chak That	4	136	257347	860340	0
Chak Thirty Eight L N P	28	360	296677	738197	0
Chak Thirty Nine L N P	28	360	296604	737899	0
Chak Thirty One GB	28	360	292235	735253	0
Chak Thirty Seven GB	28	360	292118	735125	0
Chak Thirty Six L N P	28	360	297105	738072	0
Chak Thirty Two GB	28	360	292260	735085	0
Chak Three K K	28	360	297366	737807	0
Chak Three P P	28	360	297091	737624	0
Chak Tikar	33	479	258622	829635	0
Chak Tiketganj	33	531	287603	790173	0
Chak Tilaswan	33	564	259582	833130	0
Chak Tingnahar	33	654	262205	815224	0
Chak Tirwanja	20	110	200402	792613	0
Chak Tiwari	33	605	266410	817052	0
Chak Todarwal	27	544	313242	752570	0
Chak Torar	33	561	253398	824680	0
Chak Tsulyand	13	651	336940	749474	0
Chak Tuhfapur	33	479	261645	832301	0
Chak Tukera	19	322	264187	783284	0
Chak Tumen	19	395	244994	777030	0
Chak Turant	33	564	262117	835121	0
Chak Twenty Eight GB	28	360	292408	735390	0
Chak Twenty Five GB	28	360	292405	735466	0
Chak Twenty Five M L	28	360	297297	738199	0
Chak Twenty Three M L	28	360	297472	738569	0
Chak Twenty Two GB	28	360	292425	735825	0
Chak Twnenty Nine M L	28	360	296541	737738	0
Chak Two B B	28	360	297423	737986	0
Chak Two K K	28	360	297196	737870	0
Chak Udar	33	688	259643	815790	0
Chak Ukawal	19	420	251599	775850	0
Chak Umar	4	687	257703	854772	0
Chak Umar	4	136	256371	857374	0
Chak Umar Khan	4	687	258247	854363	0
Chak Umra	13	559	325639	749056	0
Chak Umri	33	488	276595	807534	0
Chak Unchia	19	484	258146	785605	0
Chak Uphraul	4	687	256777	853470	0
Chak Wahab	33	522	268802	822072	0
Chak Wahangaon	20	110	204930	792112	0
Chak Wahidpur	33	698	259096	811489	0
Chak Walayat	33	564	261843	836226	0
Chak Walid	33	314	264541	832424	0
Chak Warir Laobju	13	477	323979	753573	0
Chak Warispur	33	464	288929	785707	0
Chak Wazidpur	33	33	256896	827026	0
Chak Wendal	27	355	311985	755444	0
Chak Yaqub	27	468	318935	754594	0
Chak Yeari	4	687	257025	852826	0
Chak Zabti	33	278	269038	787931	0
Chak Zafarpur	33	626	256968	813395	0
Chak Zagwali	33	492	289344	786753	0
Chak Zain	33	27	257093	833706	0
Chak Zainuddin Ahmad	33	698	258899	810212	0
Chak Zamin	33	33	256633	829349	0
Chak Zamin	33	532	265036	825819	0
Chak Zamin Lilari	33	564	260770	835702	0
Chak Zamin Mahjuban	33	626	256886	813352	0
Chak Zanuddinpur	33	479	258843	831246	0
Chak Zohra	33	584	254365	819644	0
Chak Zohra	4	495	252753	852647	0
Chak Zulekha	33	584	255227	819963	0
Chak-i-Badri Nath	13	412	338128	748004	0
Chak-i-Chandar	13	573	341704	748102	0
Chak-i-Dara	13	588	341828	749155	0
Chak-i-Hanjan	13	36	337025	749674	0
Chak-i-Jamil Singh	13	76	339861	748846	0
Chak-i-kalilan	13	0	345512	741864	0
Chak-i-Kutwar	13	146	336707	751218	0
Chak-i-Lalman	13	412	339246	749173	0
Chak-i-Lalman	13	412	339064	749463	0
Chak-i-Nagarad	13	36	335830	751449	0
Chak-i-Rajbai	13	146	336614	751351	0
Chak-i-Razaq Khan	13	289	341376	746694	0
Chak-i-Sangran	13	651	337337	749203	0
Chak-i-Sardar Desa Singh	13	412	339196	748487	0
Chak-i-Shanzarod	13	146	336753	751818	0
Chak-i-sher Khan	13	76	339651	746860	0
Chak-i-Shera	13	76	339269	746238	0
Chak-i-Shirmal	13	651	337741	748467	0
Chak-i-Sirijmut	13	76	339923	748894	0
Chak-i-twlasar	13	289	343968	745014	0
Chak-i-Wangund	13	146	335742	751799	0
Chak-i-Watalbagh	13	573	342517	747653	0
Chak-i-Wazir Subaram	13	146	337467	750916	0
Chaka	35	400	233566	866989	0
Chaka	19	420	250641	780107	0
Chaka	33	282	273851	817998	0
Chaka	33	605	268544	817634	0
Chaka	33	605	266311	822204	0
Chaka	33	532	262750	827472	0
Chaka	13	529	333430	751714	0
Chaka	19	337	238865	803916	0
Chaka	33	584	253848	818578	0
Chaka	33	329	287421	796339	0
Chaka	33	656	286933	796873	0
Chaka	4	569	261280	862310	0
Chaka	25	281	216433	856540	0
Chaka	33	605	267529	816829	0
Chaka ka Bas	28	288	280915	752382	0
Chaka ka Purwa	33	605	267830	817764	0
Chaka Mazra	20	141	208935	785146	0
Chakabupur	19	208	238260	781395	0
Chakadahi	19	497	248134	811446	0
Chakadai	4	641	261062	874134	0
Chakadihi	25	683	214871	849095	0
Chakadoba	35	639	227668	866586	0
Chakagaon	33	575	262100	823401	0
Chakagenh	34	413	297738	792425	0
Chakahan	4	520	260345	848458	0
Chakahat	19	313	245328	807438	0
Chakaheti	19	142	216494	797166	0
Chakahi	33	645	264190	795881	0
Chakai	33	694	254644	832117	0
Chakai	4	363	255205	844219	0
Chakai	4	641	260884	876154	0
Chakai Purwa	33	659	276263	801241	0
Chakain	4	510	255279	859306	0
Chakaipur	33	196	251368	830567	0
Chakaipur	33	33	255050	826695	0
Chakaipur	35	347	242096	877342	0
Chakaipur	35	347	242060	877226	0
Chakaipura	33	33	258757	823401	0
Chakaiwa	33	605	266401	821932	0
Chakaiya	4	687	257913	855370	0
Chakajyyapura	28	599	265604	773564	0
Chakakhalia	25	478	210739	831465	0
Chakal	12	653	314838	774457	0
Chakal	13	640	333432	747489	0
Chakalakonda	1	6	149576	795169	0
Chakalapalem	1	195	153244	795720	0
Chakalapalem	1	6	152166	798988	0
Chakalapalli	1	6	143414	794705	0
Chakalapalli	1	45	139688	796519	0
Chakalavandlapalli	1	207	136369	790309	0
Chakaldara	10	170	230211	743249	0
Chakaldi	19	648	227897	773692	0
Chakalgara	34	692	299216	796801	0
Chakali	11	565	307331	770715	0
Chakali Pathar	3	709	262789	939228	0
Chakalia	3	366	271350	948235	0
Chakalia	10	170	230522	743059	0
Chakalia	10	170	230373	742885	0
Chakalia	35	587	260238	879596	0
Chakalipeta	1	307	163777	815687	0
Chakalivandlapalli	15	422	137743	780934	0
Chakalmunda	14	434	245606	860797	0
Chakalpet	20	134	199482	798528	0
Chakalta	14	738	240269	868930	0
Chakalutene	15	97	133144	755425	0
Chakalvanipalli	31	272	168552	775508	0
Chakalwatola	14	678	237535	842888	0
Chakalya	19	129	221312	745876	0
Chakamar	6	374	223015	828228	0
Chakambarpur	33	31	269070	815756	0
Chakamtodang	14	276	227549	852722	0
Chakamunda	25	292	205366	849601	0
Chakamunda	25	546	210653	840822	0
Chakan di Bag	13	1	337543	740270	0
Chakanahalli	15	652	129251	760165	0
Chakanahalli	15	93	126977	768799	0
Chakand	4	117	248907	849761	0
Chakandal	13	529	332837	750693	0
Chakandara	4	663	250991	858952	0
Chakanhalli	15	603	125470	774637	0
Chakanhalli	15	47	129808	780164	0
Chakani	4	597	256152	841605	0
Chakani	4	597	256408	843207	0
Chakanian	33	282	279985	814766	0
Chakankatte	15	652	134214	762547	0
Chakankere	15	93	127337	770642	0
Chakanpuri	33	553	292486	785950	0
Chakantoli	14	476	225476	843527	0
Chakanwala	33	464	289009	781296	0
Chakanwala	33	464	288978	781574	0
Chakanwali	27	468	319996	750564	0
Chakapaju	25	527	202141	846336	0
Chakapalli	15	47	134632	782731	0
Chakapath	13	0	342973	741508	0
Chakapathar	25	527	202486	850482	0
Chakapendra	6	681	219419	817405	0
Chakapur	33	561	252668	826056	0
Chakapur	33	282	275758	815645	0
Chakapur	13	36	336599	750578	0
Chakapur	33	282	276914	813920	0
Chakapur	33	656	286936	798913	0
Chakapur	15	91	149721	752481	0
Chakar	13	640	331811	745981	0
Chakar	19	313	248283	806390	0
Chakar	19	568	225774	784579	0
Chakar	27	647	306428	753965	0
Chakar	33	314	269337	832100	0
Chakar Bhandar	33	595	275095	820430	0
Chakar Gohan	19	313	246779	805838	0
Chakar Purwa	33	694	252635	832181	0
Chakar Purwa	33	488	274939	808561	0
Chakara	13	1	337842	742251	0
Chakara	19	325	216552	789771	0
Chakara	20	390	209378	796879	0
Chakarahi	4	636	258171	868057	0
Chakarajuvemula	1	224	152247	784357	0
Chakaralapalle	1	426	139927	775807	0
Chakarapalle Agraharam	1	194	186583	835190	0
Chakarasanhalli	15	47	131426	779683	0
Chakarbali	14	377	235648	857876	0
Chakarbanpur	33	584	249825	822705	0
Chakarbera	6	279	218935	822692	0
Chakarbhanpur	33	584	256442	819322	0
Chakarbhata	19	512	240290	801745	0
Chakarbhata	6	279	220029	821238	0
Chakarbhata	6	723	220216	816104	0
Chakarda	19	502	242046	796106	0
Chakarda	19	142	221714	809450	0
Chakarda	6	611	216411	829611	0
Chakarda	6	393	213684	830072	0
Chakardah	4	363	254386	846360	0
Chakardaha	4	410	261640	869843	0
Chakardaha	4	641	263219	872001	0
Chakardaha	14	434	242641	863939	0
Chakardasa	4	136	256796	856556	0
Chakardewa	33	479	259892	831543	0
Chakardewa	33	564	259869	834491	0
Chakardhai	19	338	242818	782163	0
Chakardharpur	33	637	261146	818399	0
Chakarghata	19	512	243171	799944	0
Chakarghati	4	510	255573	862708	0
Chakarghatta	33	694	247453	832174	0
Chakarhl	4	363	255483	843958	0
Chakari	33	102	244641	829652	0
Chakaria	19	-1	244768	832750	0
Chakaria	33	694	253266	832191	0
Chakaria	33	102	245861	830713	0
Chakariya	33	102	245204	827770	0
Chakariya	19	607	242818	827198	0
Chakariyadand	19	607	242844	827160	0
Chakarka	4	727	252969	867560	0
Chakarkend	25	478	213071	835109	0
Chakarman	33	242	254862	829601	0
Chakarnagar	33	278	265793	791081	0
Chakarpan	4	675	265862	841656	0
Chakarpanpur	33	561	253446	824211	0
Chakarpanpur	33	242	252710	827724	0
Chakarpanpur	33	553	295179	783903	0
Chakarpanpur	33	575	262087	823129	0
Chakarpanpur	33	479	258946	832014	0
Chakarpatti	33	539	267704	839492	0
Chakarpur	33	697	287671	774494	0
Chakarpur	33	593	277046	790173	0
Chakarpur	33	661	274429	797236	0
Chakarpur	33	389	271028	784414	0
Chakarpur	19	509	252945	785194	0
Chakarpur	19	338	238415	783682	0
Chakarpur	33	553	292133	784632	0
Chakarpur	13	76	339541	745668	0
Chakarpur	33	575	262164	820675	0
Chakarpur	33	492	288991	788202	0
Chakarpur	34	617	291510	791537	0
Chakarpur	33	329	282299	793306	0
Chakarpur	33	329	282746	796720	0
Chakarpur	33	278	266240	792785	0
Chakarpur Gahi	33	329	283792	790813	0
Chakarpur Kadim	33	531	285677	789640	0
Chakarpur Memri	33	622	284188	785096	0
Chakarpur Ramnagar	33	329	282161	792539	0
Chakarpura	33	329	282839	792007	0
Chakarpura	19	322	265495	786638	0
Chakarpura	19	311	228608	764961	0
Chakarpurra	33	278	264894	792372	0
Chakarsen	4	457	272574	846274	0
Chakarsenpur Khurd	33	458	289901	773810	0
Chakarwa	33	515	263944	836744	0
Chakarwa	4	675	264328	841355	0
Chakarwa	33	515	263270	841702	0
Chakarwa Khas	4	675	264432	840814	0
Chakarwahi	19	142	220483	807442	0
Chakarwahitola	19	142	220435	807545	0
Chakarwai	6	365	217547	817079	0
Chakarwai	6	365	216181	824035	0
Chakarwai	6	681	218454	818813	0
Chakarwar	14	379	242429	851051	0
Chakasi	33	531	284968	789714	0
Chakatepalem	30	220	132626	798746	0
Chakatta	33	522	271326	818767	0
Chakauli	33	102	247428	828930	0
Chakaulia	33	27	255511	833257	0
Chakaundi	33	575	263143	818825	0
Chakaunra	33	561	252793	826304	0
Chakaur	33	619	253330	813173	0
Chakaura	33	370	247426	787617	0
Chakaura	33	445	273122	792563	0
Chakaura	33	451	280700	799304	0
Chakaura	4	597	254445	842066	0
Chakauth Usar	33	564	262210	836053	0
Chakauti Kalan	33	659	274525	797574	0
Chakauti Khurd	33	659	274456	797491	0
Chakava	20	127	204322	773856	0
Chakavalasa	1	194	188824	835074	0
Chakavel	15	422	138258	780972	0
Chakaya	33	282	279938	812786	0
Chakbadera	19	395	247788	782021	0
Chakbadtoli	14	434	243821	859101	0
Chakbahal	25	478	213447	833597	0
Chakbakwara	19	208	240081	780053	0
Chakbal	4	510	254328	859967	0
Chakbali	4	510	253920	860785	0
Chakbana	33	637	261196	818197	0
Chakband	4	602	254724	875790	0
Chakbandi	33	672	291783	776760	0
Chakbarabir	19	334	236407	761433	0
Chakbasuriya	19	208	237813	780090	0
Chakbawri	28	120	269902	756839	0
Chakbhartinagar	19	338	241192	788379	0
Chakbir	4	381	259604	852974	0
Chakbura	25	290	219846	840789	0
Chakchai	33	280	271552	825918	0
Chakchaki	6	393	209675	824334	0
Chakchaki	4	491	262637	877762	0
Chakchera	33	31	269894	812597	0
Chakchoka	35	720	264724	898092	0
Chakchuian	33	694	248015	832144	0
Chakchundra	28	428	260996	747346	0
Chakda	11	439	297709	767114	0
Chakda	6	723	224648	815571	0
Chakdah	33	314	270497	831960	0
Chakdah	4	535	263429	860790	0
Chakdah	4	495	252037	852683	0
Chakdaha	35	508	230756	885287	0
Chakdaha	35	4	222617	883226	0
Chakdaha	33	451	279151	794860	0
Chakdaha	33	621	256592	800275	0
Chakdaha	33	152	266401	826922	0
Chakdaha	33	314	268447	835288	0
Chakdaha	33	329	285710	793898	0
Chakdaha Khurd	33	152	266347	826894	0
Chakdahi	19	313	245032	808832	0
Chakdahi	33	102	245422	828602	0
Chakdahi	33	623	267525	830444	0
Chakdahi	33	623	267488	830480	0
Chakdahwa	33	314	266183	835612	0
Chakdand	6	598	234285	824401	0
Chakdar	4	581	253067	858682	0
Chakdarpara	6	725	226908	820223	0
Chakdeh	4	520	260355	846184	0
Chakdeh	4	590	257660	876222	0
Chakdeia	33	314	266330	835919	0
Chakdha	4	602	255758	878652	0
Chakdhana	19	443	219659	774316	0
Chakdhari	33	710	260769	790882	0
Chakdhawa	4	457	269805	841088	0
Chakdhi	4	495	251541	856860	0
Chakdi	19	153	224388	745111	0
Chakdi	15	59	145476	746916	0
Chakdih	19	461	228815	805207	0
Chakdiha	33	282	274353	816652	0
Chakdihi	25	683	215816	849704	0
Chakdipa	35	538	220840	880213	0
Chakdoli	20	139	212837	787614	0
Chakdumra	33	102	242557	832937	0
Chake	4	582	248075	870507	0
Chakedehra	4	718	249661	836511	0
Chakedhi	33	688	258508	815352	0
Chakela	33	688	256284	816594	0
Chakenahalli	15	652	130004	762409	0
Chakenahalli	15	652	128834	762449	0
Chakenahalli	15	93	129889	766895	0
Chakepalli	31	346	190945	781254	0
Chakera	33	479	256830	831334	0
Chakera	19	313	243988	809485	0
Chakera	13	358	331271	757771	0
Chakeral	31	75	189843	783897	0
Chakeri	19	338	241120	784981	0
Chakeri	19	338	240666	790809	0
Chakeri	19	338	237300	786763	0
Chakeri	19	395	246189	780980	0
Chakeri	33	593	278916	785958	0
Chakeri	19	338	239911	788575	0
Chakeri	33	450	263741	804126	0
Chakeri	6	695	228483	829065	0
Chakeri	6	695	228706	828950	0
Chakerighat	19	502	239887	793502	0
Chakerlappalli	15	47	133975	781667	0
Chakerpatti	33	661	273754	794701	0
Chakesar	33	33	261205	826432	0
Chakesar	33	564	262170	835887	0
Chakesna	10	170	230734	740163	0
Chakeswari	14	570	248556	872034	0
Chaketimmanadinne	15	47	132219	783322	0
Chakhabama	24	736	256698	941951	0
Chakhal	12	514	308886	772675	0
Chakhal	12	460	309362	775948	0
Chakhalli	15	652	127882	757395	0
Chakhan	12	460	309803	774693	0
Chakhandia	33	694	253367	834459	0
Chakhani	33	515	264385	836872	0
Chakhanu	12	267	314192	773684	0
Chakhapura	13	76	340112	745448	0
Chakhar	13	359	329435	749932	0
Chakhar	12	604	312819	769340	0
Chakhata	33	698	259981	805591	0
Chakhata	33	698	259897	805766	0
Chakhathal	33	523	281302	783386	0
Chakhaura	33	532	263904	828000	0
Chakhendi	33	698	259898	807253	0
Chakhla	19	325	225189	787663	0
Chakhla	12	348	325500	761655	0
Chakhlapara	6	374	223203	823140	0
Chakhnar	12	348	324629	765858	0
Chakhni	33	539	266881	842107	0
Chakhni	4	675	264258	840332	0
Chakhni Misir	33	539	266843	842331	0
Chakhoria	12	514	309522	773616	0
Chakhotar	12	348	327654	760179	0
Chakhra	12	460	310501	771625	0
Chakhri	12	348	327530	760134	0
Chakhu	28	331	274050	727787	0
Chakhundia	33	654	263936	811615	0
Chakhwa Bir Purwa	33	31	268066	812038	0
Chaki	33	710	262020	792722	0
Chaki	27	647	309487	761380	0
Chaki	12	348	324204	760959	0
Chaki	6	269	237982	835073	0
Chaki	14	276	227730	854053	0
Chaki Dih	33	479	256969	830607	0
Chaki Hajipur	33	479	263030	833664	0
Chakia	33	531	288004	791358	0
Chakia	33	584	256339	820093	0
Chakia	33	27	255518	831973	0
Chakia	33	694	252725	830726	0
Chakia	33	694	252590	831056	0
Chakia	33	694	254894	832047	0
Chakia	33	694	254989	831865	0
Chakia	33	694	253428	831736	0
Chakia	33	694	252473	832423	0
Chakia	19	648	228080	776565	0
Chakia	33	27	255009	834190	0
Chakia	33	694	253519	833277	0
Chakia	33	694	254017	834194	0
Chakia	33	564	259367	835984	0
Chakia	4	718	250491	836300	0
Chakia	33	27	257054	838419	0
Chakia	4	394	252990	838628	0
Chakia	33	33	258383	825457	0
Chakia	33	33	259476	826699	0
Chakia	33	626	256310	813018	0
Chakia	33	626	256361	813760	0
Chakia	33	584	254707	822499	0
Chakia	33	584	254741	822749	0
Chakia	33	196	251766	823028	0
Chakia	33	242	254172	827229	0
Chakia	33	196	252486	827664	0
Chakia	33	584	254758	821230	0
Chakia	33	561	252576	822401	0
Chakia	33	33	255704	823536	0
Chakia	33	33	256754	827720	0
Chakia	33	516	258612	837772	0
Chakia	33	516	258220	839566	0
Chakia	4	394	249188	839145	0
Chakia	33	622	287440	784266	0
Chakia	33	464	289297	785905	0
Chakia	33	605	266396	821395	0
Chakia	33	605	265819	821854	0
Chakia	33	575	264128	821215	0
Chakia	33	605	264556	821723	0
Chakia	33	152	267776	822841	0
Chakia	33	152	269359	824152	0
Chakia	33	522	269589	824531	0
Chakia	33	479	258891	831641	0
Chakia	33	532	265600	826010	0
Chakia	33	532	265655	826321	0
Chakia	33	532	263606	826337	0
Chakia	33	532	264292	826747	0
Chakia	33	532	264417	827026	0
Chakia	33	575	262182	826597	0
Chakia	33	623	267795	829494	0
Chakia	33	152	265983	828418	0
Chakia	33	623	265772	829144	0
Chakia	33	623	265400	829447	0
Chakia	33	479	259547	832777	0
Chakia	33	479	259392	833214	0
Chakia	33	564	259098	833788	0
Chakia	33	532	262637	828618	0
Chakia	33	532	262057	827815	0
Chakia	33	479	261700	827680	0
Chakia	33	314	267561	831740	0
Chakia	33	623	265095	831707	0
Chakia	33	479	261184	831830	0
Chakia	33	479	261164	830045	0
Chakia	33	479	262041	830134	0
Chakia	33	314	268386	832929	0
Chakia	33	314	265450	832793	0
Chakia	33	496	269251	835472	0
Chakia	33	314	268916	835006	0
Chakia	33	539	268857	836524	0
Chakia	33	688	257081	815032	0
Chakia	33	314	266102	836161	0
Chakia	33	584	256125	816627	0
Chakia	33	539	268891	838124	0
Chakia	33	516	261259	838565	0
Chakia	33	27	256682	835916	0
Chakia	33	584	253501	818854	0
Chakia	33	584	253012	818363	0
Chakia	33	584	252893	818359	0
Chakia	33	31	271046	810279	0
Chakia	19	303	234697	760966	0
Chakia	33	282	277412	813413	0
Chakia	33	688	261041	815866	0
Chakia	4	615	260818	842944	0
Chakia	4	520	258668	845635	0
Chakia	4	520	257167	847934	0
Chakia	33	539	268532	840273	0
Chakia	33	539	266029	840268	0
Chakia	4	675	265467	840762	0
Chakia	4	675	265436	841511	0
Chakia	33	515	262806	840016	0
Chakia	4	675	264572	841208	0
Chakia	33	515	263656	841367	0
Chakia	4	615	262303	841384	0
Chakia	4	615	261796	840986	0
Chakia	4	615	260917	846056	0
Chakia	4	520	260981	848894	0
Chakia	4	520	262148	848768	0
Chakia	33	516	259475	840295	0
Chakia	33	516	257886	844583	0
Chakia	4	520	259582	850120	0
Chakia	4	520	258868	850963	0
Chakia	4	581	256638	850033	0
Chakia	14	416	229914	851489	0
Chakia	33	532	264820	829534	0
Chakia	33	479	260397	827873	0
Chakia	33	516	258699	840274	0
Chakia Bazar	4	363	256547	848061	0
Chakia Bazar	4	363	256459	848037	0
Chakia Dube Rampur	33	479	261155	829598	0
Chakia Girdkot	33	584	254192	823188	0
Chakia Jagir	33	522	272321	821232	0
Chakia ki Mandaiyan	33	622	287440	784242	0
Chakia Mafi	33	522	272322	821198	0
Chakia Matia	4	615	262152	840907	0
Chakia Newaz	33	27	255865	831626	0
Chakia Nurpur	33	479	259952	827938	0
Chakia Pura	33	33	255275	823673	0
Chakia Rampur	33	584	253242	822396	0
Chakia Sarai Pitha	33	584	253471	821698	0
Chakia Tal	33	531	289857	791974	0
Chakia Tola	4	615	260968	846082	0
Chakiaghat	33	584	255287	818814	0
Chakialgaon	3	501	271566	947293	0
Chakiapita	14	476	224509	843857	0
Chakiatola	4	581	256607	849967	0
Chakiatola	4	510	253968	860179	0
Chakiatola	4	581	255601	851861	0
Chakiatola	4	581	255672	852101	0
Chakiaz	4	687	256333	854826	0
Chakicherla	1	6	151127	800366	0
Chakidi	33	479	259567	830871	0
Chakikarvarapalle	1	207	131273	786371	0
Chakilpura	6	384	224729	840074	0
Chakipalle	1	219	177695	829321	0
Chakirala	31	241	170875	798934	0
Chakiras	6	577	187112	817748	0
Chakivalasa	1	176	180085	834993	0
Chakivan	13	485	331889	743167	0
Chakiwa	33	698	258931	810903	0
Chakiwa	33	605	266688	821138	0
Chakiwa	33	605	266971	821441	0
Chakiya	33	698	256004	811377	0
Chakiya	33	33	256242	821454	0
Chakiya	33	479	259037	829884	0
Chakiya	33	626	254445	813256	0
Chakiya	33	584	253942	819660	0
Chakiya	4	615	262357	843667	0
Chakiya	4	363	255263	846568	0
Chakiya	4	363	255744	846425	0
Chakiya	4	734	251907	845754	0
Chakiya	4	734	251408	845901	0
Chakiya	4	581	253173	847638	0
Chakiya	4	581	252622	848528	0
Chakiya	4	581	254190	849498	0
Chakiya	4	581	254026	849281	0
Chakiya	4	581	253535	849695	0
Chakiya	4	581	253281	849230	0
Chakiya	4	394	249300	841380	0
Chakiya	4	597	253504	840386	0
Chakiya	4	363	253112	844419	0
Chakiya	4	687	259381	853116	0
Chakiya Katiari	33	584	254038	819827	0
Chakiyan	13	485	331583	743333	0
Chakiyana	12	460	311367	772611	0
Chakka	33	242	253952	828659	0
Chakka	4	136	258529	859322	0
Chakka	4	510	256258	858637	0
Chakka	4	510	256356	858787	0
Chakka	4	569	261532	861335	0
Chakka	4	136	257704	862045	0
Chakka	4	510	257288	860836	0
Chakka	4	510	256708	860379	0
Chakkabandh	33	27	253871	835339	0
Chakkachampakka	16	234	94882	764851	0
Chakkaguda	25	349	191687	834279	0
Chakkaguda	25	349	193188	836133	0
Chakkaluru	15	603	125938	771567	0
Chakkan da Basa	12	39	323254	759752	0
Chakkan da Basa	12	39	323558	759727	0
Chakkanahalli	15	97	136214	760951	0
Chakkanhalli	15	652	128194	762115	0
Chakkar	11	664	304445	770232	0
Chakkar	27	665	323343	757721	0
Chakkaralla	1	228	153886	775697	0
Chakkaranallur	30	435	84464	772685	0
Chakkathur	30	180	124903	784595	0
Chakkatola	14	712	243392	837931	0
Chakkavaripalem	1	212	159451	807160	0
Chakkekonam	16	211	85730	769907	0
Chakkekonam	16	211	85537	769867	0
Chakkepilappatti	30	223	112081	783639	0
Chakkeri	15	603	126103	771711	0
Chakki	33	516	259359	842461	0
Chakki	4	520	259004	844807	0
Chakki	4	727	254995	863419	0
Chakki Dhab	4	136	257284	860345	0
Chakki Khamariya	19	354	219760	793886	0
Chakki Purwa	33	444	253171	806398	0
Chakki Sultanpur	33	516	259692	842380	0
Chakkian	27	545	311110	750434	0
Chakkichi	30	114	115347	764697	0
Chakkili	25	305	189418	827438	0
Chakkilianvayal	30	436	98373	788447	0
Chakkilikkudi	30	427	108254	782351	0
Chakkilikkudi	30	427	108168	782467	0
Chakkilipalaiyam	30	192	126138	791440	0
Chakkiliteruvu	30	51	118078	778645	0
Chakkiliyavalasu	30	227	107557	776299	0
Chakkodagi	15	97	130447	757134	0
Chakkodi	15	333	135922	752805	0
Chakkonahalli	15	97	137122	758443	0
Chakkonsi	19	208	240200	781017	0
Chakkuppallam	16	249	96503	771512	0
Chakkupur	33	278	268517	789972	0
Chakkupur	33	593	279396	787186	0
Chakkupur	4	718	252875	836373	0
Chakkur	15	74	120927	764077	0
Chakkuvarakal	16	528	89950	768666	0
Chakkuvarakkal	16	528	90602	768681	0
Chakla	35	432	227560	886904	0
Chakla	12	514	307485	776635	0
Chakla	19	638	252562	803063	0
Chakla	33	444	257580	805387	0
Chakla	13	477	326977	757483	0
Chakla	6	723	222218	815990	0
Chakla	20	182	213205	743075	0
Chakla	33	619	251697	806583	0
Chakla	4	569	260524	860699	0
Chakla	4	410	261891	867590	0
Chakla	4	632	259473	866528	0
Chakla	4	636	258796	866882	0
Chakla	4	727	255578	865530	0
Chakla	4	636	256640	866004	0
Chakla	4	636	257398	867467	0
Chakla	4	632	258673	867730	0
Chakla	4	632	258468	869178	0
Chakla	4	641	263326	871810	0
Chakla	4	641	260352	871372	0
Chakla	4	641	260902	871274	0
Chakla	4	491	261166	879093	0
Chakla	4	590	258938	871904	0
Chakla	4	602	255374	872620	0
Chakla	4	602	255187	872821	0
Chakla	4	590	258908	877721	0
Chakla	4	136	255618	857102	0
Chakla	14	541	234628	854712	0
Chakla	14	379	243687	847500	0
Chakla	14	678	237435	847943	0
Chakla	4	410	261542	865864	0
Chakla Hanuman	4	636	257813	866076	0
Chakla Purwa	33	444	253053	806897	0
Chakla Waini	4	136	259082	856836	0
Chaklabasa	14	476	226593	849446	0
Chaklabbi	15	655	152667	753401	0
Chaklaberatoli	14	498	235133	859195	0
Chaklad	33	479	257516	830505	0
Chakladanga	14	633	243431	877179	0
Chaklah Khera	33	659	270754	806783	0
Chaklaira	19	208	242000	781058	0
Chaklakunda	6	681	219179	815844	0
Chaklala	33	698	259745	802549	0
Chaklan	27	704	308301	764492	0
Chaklan	27	704	308791	765542	0
Chaklapura	19	325	225618	789769	0
Chaklas	13	640	332880	749274	0
Chaklasi Muwara	10	164	230034	732140	0
Chaklavani Bhavi	31	100	168661	789776	0
Chaklehl	12	653	314810	774491	0
Chakli	13	485	332930	742367	0
Chakli	13	485	332345	742100	0
Chakli	13	485	330974	743936	0
Chakli	13	485	332542	744105	0
Chakli	12	460	314278	777265	0
Chakli	12	604	309408	770412	0
Chakli	12	604	308202	770346	0
Chakli	12	604	307995	770766	0
Chakli	12	514	307727	770833	0
Chakli	12	514	307611	771677	0
Chakli	11	565	307058	771096	0
Chakli	12	514	306638	772116	0
Chakli	12	514	307143	771452	0
Chakli	12	514	307377	771483	0
Chakli	12	514	307433	772297	0
Chakli	12	514	307224	772441	0
Chakli	11	565	306828	770959	0
Chakli	12	514	306247	773347	0
Chakli	13	359	330953	750873	0
Chakli	12	604	312752	769024	0
Chakli	25	478	213795	838166	0
Chakli	25	546	213578	839623	0
Chakli	13	485	332605	742897	0
Chakli Adal	27	647	309441	762251	0
Chakli Banlog	12	514	307465	770994	0
Chakli Got	12	39	323226	762786	0
Chakli Kharuni	13	485	333228	744228	0
Chakli Manga	27	647	309607	762238	0
Chakli Shujat	27	283	310223	761937	0
Chaklia	19	239	214128	752894	0
Chakliamuja	35	-1	262914	897817	0
Chakloniguda	31	62	170741	780399	0
Chakmaka	4	636	257824	865427	0
Chakmaka	4	590	259431	870755	0
Chakmakpara	19	-1	224786	814376	0
Chakmakpur	33	27	257694	834376	0
Chakmaliyakheri	19	208	241838	781062	0
Chakman	33	152	267235	825151	0
Chakme	14	541	235829	851554	0
Chakmi	19	449	225615	815204	0
Chakmujafarpur	19	208	237911	780955	0
Chakmukha	4	675	264842	840619	0
Chakna	19	208	241798	776726	0
Chakna Maruf	4	687	259771	851007	0
Chaknaha	4	394	248594	841324	0
Chaknali	12	267	315524	770816	0
Chaknandpur	33	659	270603	801799	0
Chaknandpur	33	659	271836	801635	0
Chaknar	6	490	216333	810832	0
Chakni	4	560	266149	857995	0
Chaknot	12	460	311552	775621	0
Chaknoti	12	460	311661	775841	0
Chaknui	12	460	315666	777449	0
Chako	25	281	216008	857302	0
Chako Bhindi	4	136	258115	856728	0
Chakoan Chhidar	12	39	319702	762824	0
Chakoangla	19	208	237931	780748	0
Chakodahalli	15	74	120992	762913	0
Chakoh	11	565	307350	770861	0
Chakohi	27	647	307005	761377	0
Chakohi	33	152	267066	824666	0
Chakoke	27	544	315422	753797	0
Chakol	12	39	320208	766440	0
Chakol Beru	12	39	320376	766196	0
Chakoli	20	127	199528	766814	0
Chakoli	34	413	295714	799313	0
Chakond	33	619	252689	809428	0
Chakondbera	14	476	224680	846019	0
Chakora	19	484	257599	786274	0
Chakora	20	132	207100	776628	0
Chakora	19	443	218912	779259	0
Chakora	19	443	215669	780518	0
Chakora	33	451	281112	797988	0
Chakora	12	348	324969	763524	0
Chakori	33	464	287364	783449	0
Chakoriya	33	102	244389	827795	0
Chakorwa	4	112	246115	845494	0
Chakorwa	4	641	263891	871985	0
Chakot Got	12	348	330630	764431	0
Chakothi	33	621	259540	799851	0
Chakotoli	14	310	227678	846227	0
Chakowal	27	284	315438	758397	0
Chakowal	27	284	315399	757832	0
Chakpan	33	522	268955	821527	0
Chakpar	4	495	251268	856637	0
Chakpar	4	581	253692	851109	0
Chakpar	4	495	252342	852583	0
Chakpara	35	347	241194	877586	0
Chakparaswar	19	497	246213	816503	0
Chakpheri	33	464	285258	783427	0
Chakpi Karong	21	658	242061	939017	0
Chakpul	4	581	255598	851428	0
Chakpur	13	0	344333	742333	0
Chakpura Kalan	13	76	340060	748556	0
Chakra	10	137	214594	736224	0
Chakra	13	559	325793	748982	0
Chakra	13	289	341026	739421	0
Chakra	19	462	247619	788434	0
Chakra	12	267	313590	771454	0
Chakra	33	593	278360	789040	0
Chakra	19	420	251808	776451	0
Chakra	33	584	256724	821385	0
Chakra	33	694	254781	831655	0
Chakra	19	322	264506	789345	0
Chakra	33	564	259925	836567	0
Chakra	19	202	216948	770158	0
Chakra	33	102	248136	830444	0
Chakra	19	313	246527	805342	0
Chakra	19	512	240324	801020	0
Chakra	33	242	254960	828528	0
Chakra	33	196	250348	828669	0
Chakra	33	196	250367	828854	0
Chakra	33	33	256428	829780	0
Chakra	33	479	260101	827432	0
Chakra	33	314	267853	832588	0
Chakra	33	516	260704	838022	0
Chakra	13	358	330947	756069	0
Chakra	13	477	324188	752602	0
Chakra	12	460	310369	771947	0
Chakra	4	615	262087	842905	0
Chakra	4	615	260243	842377	0
Chakra	4	117	249632	853277	0
Chakra	33	516	259763	840107	0
Chakra Dangoda	14	442	250375	876637	0
Chakra Dogri	12	83	316601	783850	0
Chakra Kolhua	33	516	259619	839441	0
Chakra Number One	33	314	267342	833536	0
Chakra Number Three	33	314	267192	833580	0
Chakra Number Two	33	314	267229	833580	0
Chakrabera Garh	35	538	219744	880032	0
Chakrabhatta	25	349	192396	836855	0
Chakrabhavi	15	603	128821	771546	0
Chakrada	25	405	217055	871311	0
Chakradhar	33	539	269579	839061	0
Chakradharpur	6	17	219688	834962	0
Chakradharpur	25	399	209915	849649	0
Chakragaon	34	413	299029	791524	0
Chakragara	25	292	204837	849915	0
Chakrahatola	19	497	247733	817827	0
Chakrahr	12	267	313854	770049	0
Chakraila	12	267	315647	770928	0
Chakrajpur	19	208	241558	774861	0
Chakrakund	6	279	221743	820577	0
Chakral	12	514	306568	773914	0
Chakral	27	665	322816	755112	0
Chakram	35	26	251945	888059	0
Chakramal	25	478	216520	836345	0
Chakramal	25	290	218677	839139	0
Chakramal	25	478	215818	837748	0
Chakramalluru	30	220	131169	797698	0
Chakran	12	348	323952	760680	0
Chakrana	19	420	255565	774150	0
Chakranhalli	15	47	129438	781913	0
Chakrapai	25	349	191126	833580	0
Chakrapali	25	683	215493	849562	0
Chakrapur	33	686	268442	795303	0
Chakrar	12	267	314463	770935	0
Chakrareth	33	33	256238	829260	0
Chakrarharpur	25	527	203168	848708	0
Chakras	13	640	332724	748993	0
Chakrasainpur	33	566	284847	776003	0
Chakrasar	14	732	243562	852262	0
Chakraudi	27	647	308256	761668	0
Chakraur	19	646	242994	816693	0
Chakraut	33	522	270932	817306	0
Chakravalam Tanda	31	100	166666	793474	0
Chakravaram	30	192	123653	794946	0
Chakravatulapalle	1	224	150616	785986	0
Chakrayagudem	1	25	168608	811596	0
Chakrayapalem	1	10	163403	796913	0
Chakrayapalem	1	212	158568	799529	0
Chakrayapeta	1	99	147756	777572	0
Chakrehi	33	444	254098	808692	0
Chakri	14	712	240558	836708	0
Chakri	20	138	195927	775262	0
Chakri	13	358	331826	756041	0
Chakri	27	468	321397	753120	0
Chakri	4	615	260694	842809	0
Chakri	4	615	261591	840881	0
Chakri	34	692	297962	799820	0
Chakri	4	615	260582	845312	0
Chakri	14	276	221800	858613	0
Chakriach	12	267	314230	771532	0
Chakrial	31	32	176771	780918	0
Chakrial	27	284	319696	757815	0
Chakribari	19	324	243183	774169	0
Chakringia	25	373	202451	843173	0
Chakrobasa	14	276	225557	857767	0
Chakrod	19	16	236656	766966	0
Chakrodha	19	338	238067	786592	0
Chakrota	12	348	326657	761212	0
Chakroth	12	460	311053	775111	0
Chakrsenpur	33	605	266282	821857	0
Chakrsenpur	33	532	263925	824080	0
Chakrupur	33	575	264768	819837	0
Chaks Colony	20	139	211811	791078	0
Chaksabir Md	33	564	260801	835115	0
Chaksadullah	4	581	254153	849904	0
Chaksah	33	479	258015	831511	0
Chaktai Purwa	33	659	274525	802003	0
Chaktalao	19	153	220951	741746	0
Chaktawali	27	214	318756	747717	0
Chakti	12	460	313372	776054	0
Chaktola	4	581	253205	849632	0
Chaktola	4	363	253861	843291	0
Chaktoli	4	518	253452	864630	0
Chaktori	19	324	241814	770743	0
Chaku	33	659	277045	797389	0
Chaku Jot	33	282	274827	816305	0
Chakua	4	590	258118	876610	0
Chakujot	33	282	276352	815375	0
Chakulia	33	196	250081	827058	0
Chakulia	33	451	280743	797961	0
Chakulia	25	281	218348	856389	0
Chakulia	25	683	215874	848827	0
Chakuna	12	460	311127	774794	0
Chakunda	33	516	260284	840617	0
Chakunda	14	416	229057	852589	0
Chakundamra	25	527	200772	848411	0
Chakundamunda	25	399	209561	846919	0
Chakundapal	25	399	209979	849033	0
Chakundapalli	25	527	200772	848844	0
Chakundapalli	25	423	200496	846304	0
Chakundapalli	25	423	200373	847092	0
Chakundapara	25	281	216695	857772	0
Chakung	29	594	271506	882440	0
Chakur	20	156	185060	768733	0
Chakur	20	48	179714	766520	0
Chakur	20	138	185226	775250	0
Chakur	20	141	207271	788793	0
Chakur	20	132	208746	775951	0
Chakur	20	127	201663	775715	0
Chakuriapal	25	399	207388	852034	0
Chakurwadi	20	156	184740	768889	0
Chakuwar	19	607	242894	822875	0
Chakuwar	19	607	241950	825459	0
Chakva	20	78	209774	750866	0
Chakwa	33	116	278873	794318	0
Chakwa	28	428	260084	749733	0
Chakwa	33	33	258378	827425	0
Chakwa	33	595	276831	819640	0
Chakwa	33	269	274870	820841	0
Chakwa	33	269	274575	822726	0
Chakwa	33	619	252206	812917	0
Chakwa	33	282	278359	813346	0
Chakwa	4	112	246690	842355	0
Chakwa	4	363	255196	844261	0
Chakwa	4	569	259736	859305	0
Chakwa	4	569	259622	859347	0
Chakwa	14	570	249204	871523	0
Chakwa	4	687	256511	854619	0
Chakwa	4	687	259025	855346	0
Chakwa	4	136	257187	857354	0
Chakwa Buzurg	33	278	268551	790608	0
Chakwa Ghandel	33	561	253096	824773	0
Chakwa Ghanshiam	33	561	253018	824839	0
Chakwa Khurd	33	278	268129	790809	0
Chakwahl	12	267	318331	769058	0
Chakwai	4	106	250543	856620	0
Chakwal	33	479	259280	831782	0
Chakwal	27	284	319082	755670	0
Chakwal	27	284	317497	756681	0
Chakwali	34	589	302300	788573	0
Chakwalian	27	250	311472	746247	0
Chakwall	33	431	298153	773032	0
Chakwapur	33	532	266094	825181	0
Chakwar	33	688	257416	817526	0
Chakwara	33	479	259186	831652	0
Chakwath	4	363	255420	844132	0
Chakwe	6	299	213486	820302	0
Chakwi	28	428	260161	749644	0