Chamrajnagar	15	69	119231	769395	69875
Champa	6	669	220353	826423	45256
Chamba	12	348	325553	761265	21502
Chammanad	16	294	124802	750073	14323
Chamkor	27	704	308975	764154	13920
Champua	25	281	220673	856646	10394
Champawat	34	533	293350	800778	4668
Cham	12	348	324404	760235	0
Cham Chak	4	520	257841	847083	0
Cham Jana	12	83	314196	782639	0
Chama	12	267	313032	771383	0
Chama	34	530	293862	797549	0
Chama	14	541	235917	850172	0
Chama	14	541	234759	853050	0
Chama	14	673	239582	841934	0
Chama	14	678	239248	843754	0
Chama	14	310	233231	845100	0
Chama Katanti	12	39	318287	762504	0
Chama Khera	33	685	270884	807666	0
Chamachenibayalu	1	426	140412	782318	0
Chamadevanahalli	15	652	131306	758748	0
Chamadihalli	15	652	128981	764243	0
Chamagah	12	604	308605	770083	0
Chamaguttapalli	1	207	127679	783599	0
Chamahn	12	39	318085	763654	0
Chamahrli	12	653	313925	774498	0
Chamaini	4	636	256807	864661	0
Chamainian	33	515	263683	836738	0
Chamak Buzurg	20	132	212087	774728	0
Chamak Khurd	20	132	212076	774754	0
Chamakhandi	25	423	193299	849233	0
Chamakpur	25	281	220213	854826	0
Chamakurapalem	1	307	163776	816470	0
Chamakurivaripalle	1	190	140838	785273	0
Chamal Kalan	27	284	313642	759880	0
Chamal Khurd	27	284	313618	759875	0
Chamala	12	460	312939	773707	0
Chamala	16	252	114643	759466	0
Chamaladivi Agraharam	1	176	179970	830348	0
Chamalaguduru	1	228	158633	776148	0
Chamalan	34	589	298135	790461	0
Chamalapalle	1	176	180325	830900	0
Chamalapalle	1	176	180960	832106	0
Chamalapalle	1	426	139604	776818	0
Chamalapur	15	86	160545	762953	0
Chamalapura	15	74	124772	764205	0
Chamalapura	15	74	121882	764520	0
Chamalapura	15	93	129590	767129	0
Chamalapura	15	74	121299	766734	0
Chamalapura	15	93	125969	769250	0
Chamalapura	15	66	154877	762352	0
Chamalapura	15	93	127080	770657	0
Chamalavalasa Agraharam	1	176	182312	833289	0
Chamalavaripalem	1	212	160004	802394	0
Chamalavaripalli	1	190	141733	791051	0
Chamaledu	31	100	168791	791057	0
Chamalguda	31	300	175238	785658	0
Chamali	34	589	299680	791661	0
Chamali	34	589	299990	788262	0
Chamali	34	530	292755	797383	0
Chamaliyur	16	253	110743	766806	0
Chamallamudi	1	308	162122	804291	0
Chamalpur	4	117	248747	846971	0
Chamalta	12	514	305904	773379	0
Chamaluru	1	99	147611	777728	0
Chamaluru	1	221	148613	781463	0
Chamalwas	13	529	333868	752097	0
Chamamal	25	372	207193	843782	0
Chaman	19	646	244869	820848	0
Chaman	4	382	265064	849357	0
Chaman	4	602	253035	877614	0
Chaman Bigha	4	112	250118	843561	0
Chaman Chak	4	581	255843	851677	0
Chaman Ka Nagla	33	174	274645	777420	0
Chaman ka Pura	19	459	261841	775070	0
Chaman Khaira	4	495	250540	853308	0
Chaman Mahatotola	4	510	254513	864507	0
Chaman Nagaria	33	116	277495	792892	0
Chaman Nagaria	33	682	274555	790315	0
Chaman Nagaria	33	548	270021	795808	0
Chaman Nagaria	33	329	285868	795271	0
Chaman Nagdria	33	451	277465	794007	0
Chaman Nagla	33	523	277000	778965	0
Chaman Shah	33	31	268956	814002	0
Chaman Tola	33	522	270018	824399	0
Chamanahalli	15	97	136772	760223	0
Chamanahalli	15	97	134699	761200	0
Chamanahalli	15	74	121571	763834	0
Chamanahalli	15	74	123392	768805	0
Chamanahalli	15	93	126101	770410	0
Chamanaikanahalli	15	47	130662	784195	0
Chamanapalli	31	557	185146	791891	0
Chamandemad	16	294	121945	751348	0
Chamandha	33	626	255637	814804	0
Chamandi	4	734	251193	847691	0
Chamandih	4	581	253443	851765	0
Chamandih	4	495	253137	852014	0
Chamandpur	34	430	301609	781829	0
Chamanhalli	15	603	127410	771948	0
Chamanhalli	15	47	128286	781914	0
Chamania	4	663	250525	858355	0
Chamaniapur	33	605	265860	823746	0
Chamanpalle	1	25	172830	814123	0
Chamanpalli	31	717	186947	792254	0
Chamanpara	28	493	234417	739860	0
Chamanpur	12	267	313576	771581	0
Chamanpur	19	443	216134	782532	0
Chamanpur	11	586	286972	766353	0
Chamanpur	4	112	249542	846191	0
Chamanpura	33	431	297823	772354	0
Chamanpura	33	278	268556	790463	0
Chamanpura	28	120	268247	755326	0
Chamanpura	28	679	265069	762439	0
Chamanpura	28	298	254463	746208	0
Chamanpura	28	120	272332	757054	0
Chamanpura	28	120	271191	757057	0
Chamanpura	4	675	262448	846925	0
Chamanpura	4	581	254720	852193	0
Chamanwan	33	479	260824	828314	0
Chamaon	33	242	253595	829281	0
Chamapur	31	128	175327	791326	0
Chamar	19	313	241203	810449	0
Chamar	19	313	241219	810566	0
Chamar	34	413	296235	791355	0
Chamar	4	675	265104	840242	0
Chamar	4	615	262624	842106	0
Chamar	4	615	262284	841203	0
Chamar	4	510	255219	861314	0
Chamar Bamhori	19	326	231422	784840	0
Chamar Bhari Purwa	33	654	263768	812316	0
Chamar Bigha	4	663	251516	857174	0
Chamar Bigha	4	495	252245	852080	0
Chamar Bigha	4	495	250458	852765	0
Chamar Bigha	4	495	251723	854093	0
Chamar Bojhia	33	269	274951	824352	0
Chamar Chak	33	516	260300	840739	0
Chamar Dehri	4	394	251771	843569	0
Chamar Dih	33	522	272940	821571	0
Chamar Dih	33	269	273557	821691	0
Chamar Duhi	33	451	277946	795997	0
Chamar Galu	12	348	324545	761751	0
Chamar Gauntia	33	451	278694	795559	0
Chamar Gauntia	33	329	282304	796064	0
Chamar Gauntia	33	329	281489	796195	0
Chamar Jol	12	39	318165	763533	0
Chamar ka Nagla	33	523	280568	778312	0
Chamar Khanna	33	621	256173	800485	0
Chamar Kherwa	33	488	271696	809136	0
Chamar Kherwa	33	488	271900	809126	0
Chamar Kuali	12	39	319088	764042	0
Chamar Lahi	12	315	317746	759778	0
Chamar Lahri	12	39	319482	762050	0
Chamar Majra	11	88	301692	772734	0
Chamar Majra	11	88	301518	772671	0
Chamar Majra	11	664	303850	767643	0
Chamar Mazra	27	704	309191	763949	0
Chamar Nagalia	33	523	280844	778317	0
Chamar Nagari	33	682	274864	791728	0
Chamar Nagaria	33	682	274600	790809	0
Chamar Nagaria	33	661	275779	793555	0
Chamar Nagla	33	523	279114	779465	0
Chamar Nagla	33	523	279571	783612	0
Chamar Nasi	4	363	254205	845694	0
Chamar Palru	12	39	318963	765631	0
Chamar Patti	33	464	286209	783454	0
Chamar Pattian Da Khu	27	283	310283	760987	0
Chamar Purwa	33	548	271194	798189	0
Chamar Purwa	33	488	277356	810742	0
Chamar Purwa	33	488	276740	810234	0
Chamar Purwa	33	488	275499	811194	0
Chamar Purwa	33	488	276733	811670	0
Chamar Purwa	33	488	276746	812416	0
Chamar Purwa	33	488	274732	810643	0
Chamar Purwa	33	488	274457	810969	0
Chamar Purwa	33	488	274003	810795	0
Chamar Purwa	33	488	274239	811198	0
Chamar Purwa	33	488	274228	811485	0
Chamar Purwa	33	488	274200	811069	0
Chamar Purwa	33	488	274731	811312	0
Chamar Purwa	33	488	274072	812228	0
Chamar Purwa	33	282	276092	815694	0
Chamar Purwa	33	282	275262	815740	0
Chamar Purwa	33	654	265422	811434	0
Chamar Purwa	33	654	265523	812255	0
Chamar Purwa	33	488	272174	808456	0
Chamar Purwa	33	488	271517	808507	0
Chamar Purwa	33	488	271380	808248	0
Chamar Purwa	33	659	271306	807742	0
Chamar Purwa	33	488	271683	808564	0
Chamar Purwa	33	488	271466	808998	0
Chamar Purwa	33	488	272156	808923	0
Chamar Purwa	33	31	271706	809655	0
Chamar Purwa	33	282	271477	815202	0
Chamar Purwa	33	282	271459	815320	0
Chamar Purwa	33	282	273962	818253	0
Chamar Purwa	33	282	274442	818102	0
Chamar Purwa	33	654	260037	811158	0
Chamar Purwa	33	522	268730	817543	0
Chamar Purwa	33	522	270339	823343	0
Chamar Purwa	33	152	269247	823368	0
Chamar Purwa	33	152	268937	824117	0
Chamar Purwa	33	522	269638	823621	0
Chamar Purwa	33	522	269983	824757	0
Chamar Purwa	33	31	270649	810937	0
Chamar Purwa	33	31	271171	812009	0
Chamar Purwa	33	282	279249	814385	0
Chamar Purwa	33	282	278658	814665	0
Chamar Purwa	33	282	276343	813351	0
Chamar Purwa	33	282	277045	813679	0
Chamar Purwa	33	31	269573	815272	0
Chamar Purwa	33	31	268153	815176	0
Chamar Purwa	33	31	267577	815170	0
Chamar Purwa	33	659	273016	800921	0
Chamar Purwa	33	659	270547	800338	0
Chamar Purwa	33	488	272965	808971	0
Chamar Purwa	33	31	271290	810401	0
Chamar Sarayan	33	31	271185	811174	0
Chamar Shat	12	39	321837	760796	0
Chamar Sukutia	33	329	280872	795415	0
Chamar Tola	33	522	270181	823799	0
Chamar Tola	33	522	270238	823939	0
Chamar Tola	33	522	270018	823883	0
Chamar Tola	33	522	271005	824568	0
Chamar Tola	33	152	270282	828156	0
Chamar Tola	33	280	270506	828422	0
Chamar Tola	33	605	266502	820525	0
Chamar Tola	33	605	266594	820516	0
Chamar Tola	33	605	266159	822796	0
Chamar Tola	33	605	265642	822594	0
Chamar Tola	33	605	265649	823176	0
Chamar Tola	33	605	265501	822984	0
Chamar Tola	33	605	265098	822637	0
Chamar Tola	33	605	265037	823051	0
Chamar Tola	33	605	266141	823812	0
Chamar Tola	33	605	266086	823546	0
Chamar Tola	33	605	265850	823803	0
Chamar Tola	33	605	265916	823967	0
Chamar Tola	33	532	265349	823803	0
Chamar Tola	33	532	265089	824098	0
Chamar Tola	33	575	262635	824463	0
Chamar Tola	33	532	263282	824885	0
Chamar Tola	33	152	268991	825199	0
Chamar Tola	33	152	268762	825634	0
Chamar Tola	33	152	267573	824992	0
Chamar Tola	33	152	267425	826664	0
Chamar Tola	33	152	266942	827477	0
Chamar Tola	33	152	266666	827301	0
Chamar Tola	33	152	266592	827300	0
Chamar Tola	33	152	266408	827195	0
Chamar Tola	33	152	269982	827771	0
Chamar Tola	33	152	269263	827535	0
Chamar Tola	33	152	269182	827606	0
Chamar Tola	33	152	268953	827658	0
Chamar Tola	33	152	268901	827765	0
Chamar Tola	33	152	269317	828283	0
Chamar Tola	33	152	269398	828146	0
Chamar Tola	33	152	269519	828363	0
Chamar Tola	33	152	269658	828699	0
Chamar Tola	33	623	269271	828676	0
Chamar Tola	33	623	268761	828623	0
Chamar Tola	33	623	268787	829642	0
Chamar Tola	33	152	267441	827914	0
Chamar Tola	33	152	267011	827661	0
Chamar Tola	33	152	266254	828016	0
Chamar Tola	33	152	266178	828020	0
Chamar Tola	33	152	266071	827989	0
Chamar Tola	33	152	266175	828186	0
Chamar Tola	33	152	266760	828243	0
Chamar Tola	33	152	267279	828107	0
Chamar Tola	33	152	267381	828097	0
Chamar Tola	33	152	267180	828367	0
Chamar Tola	33	152	267211	828752	0
Chamar Tola	33	152	266958	828476	0
Chamar Tola	33	152	267033	828636	0
Chamar Tola	33	152	266943	828728	0
Chamar Tola	33	152	267021	828824	0
Chamar Tola	33	152	266706	828420	0
Chamar Tola	33	152	266564	828452	0
Chamar Tola	33	152	266501	828780	0
Chamar Tola	33	152	266630	828895	0
Chamar Tola	33	152	266361	828486	0
Chamar Tola	33	152	266428	829046	0
Chamar Tola	33	152	266489	828969	0
Chamar Tola	33	152	266850	829115	0
Chamar Tola	33	152	266989	828937	0
Chamar Tola	33	152	267154	828968	0
Chamar Tola	33	152	267307	829392	0
Chamar Tola	33	152	267445	829338	0
Chamar Tola	33	623	267260	829665	0
Chamar Tola	33	152	266917	829358	0
Chamar Tola	33	152	266653	829183	0
Chamar Tola	33	623	266502	829234	0
Chamar Tola	33	152	266675	829273	0
Chamar Tola	33	623	266388	829347	0
Chamar Tola	33	623	266340	829518	0
Chamar Tola	33	623	266422	829731	0
Chamar Tola	33	623	266263	829764	0
Chamar Tola	33	623	266252	829695	0
Chamar Tola	33	623	266655	829898	0
Chamar Tola	33	623	266404	829826	0
Chamar Tola	33	623	267139	829918	0
Chamar Tola	33	623	267082	829785	0
Chamar Tola	33	314	267904	833712	0
Chamar Tola	33	488	274225	808441	0
Chamar Tola	33	31	270387	810893	0
Chamar Tola	33	31	267573	815101	0
Chamar Tola	33	516	260544	840231	0
Chamar Tola	33	329	286861	795912	0
Chamar Tolah	33	659	271978	806774	0
Chamar Toli	33	532	263064	825936	0
Chamar Toli	33	314	267949	833824	0
Chamara	12	460	313019	776364	0
Chamara	34	589	296731	789990	0
Chamara	12	348	328372	761462	0
Chamara	15	188	124988	754664	0
Chamara da Drar	13	477	325016	757076	0
Chamaraha	4	394	248487	838785	0
Chamarahalli	15	47	130833	781584	0
Chamarahalli	15	47	130775	782305	0
Chamarahia	33	450	267787	799627	0
Chamarajapura	15	74	122975	766448	0
Chamarajupalle	1	207	132592	787265	0
Chamaran	33	593	276281	790821	0
Chamaran	33	593	276009	790692	0
Chamaran	33	682	275292	790352	0
Chamaran	33	682	275241	790109	0
Chamaran	33	661	276295	792206	0
Chamaran	33	661	276394	791761	0
Chamaran	33	445	273227	791924	0
Chamaran	33	682	273542	792732	0
Chamaran	33	445	272988	792819	0
Chamaran	33	661	274559	795561	0
Chamaran	33	661	274225	795492	0
Chamaran	33	661	273599	795543	0
Chamaran	33	661	272888	795304	0
Chamaran	33	661	274934	796507	0
Chamaran	33	661	274896	795971	0
Chamaran	33	661	274441	796959	0
Chamaran	33	661	273054	796874	0
Chamaran	33	488	277644	811730	0
Chamaran	33	282	273053	816755	0
Chamaran	33	116	281271	788711	0
Chamaran	33	522	270088	820463	0
Chamaran	33	522	270328	823053	0
Chamaran	33	522	270675	824822	0
Chamaran	33	312	279589	807772	0
Chamaran	33	31	269275	816038	0
Chamaran	33	116	281097	791916	0
Chamaran	33	116	280767	792687	0
Chamaran	33	548	270555	795152	0
Chamaran di Ghar	27	665	323974	757171	0
Chamaran ka Pura	28	429	264995	771941	0
Chamaran ka Purwa	33	659	273445	798176	0
Chamaran Khera	33	526	272707	781884	0
Chamaran Khera	33	301	263218	809457	0
Chamaran Nagaria	33	548	270936	795302	0
Chamaran Nagla	33	548	271467	795417	0
Chamaran Nagla	33	548	271855	795149	0
Chamaran Purwa	33	659	272897	798769	0
Chamaran Purwa	33	312	279958	810196	0
Chamaran Purwa	33	312	279230	811844	0
Chamaran Purwa	33	488	276980	810554	0
Chamaran Purwa	33	488	275864	810129	0
Chamaran Purwa	33	488	275220	810776	0
Chamaran Purwa	33	488	275027	811589	0
Chamaran Purwa	33	488	276456	811262	0
Chamaran Purwa	33	312	277353	812473	0
Chamaran Purwa	33	488	275860	812427	0
Chamaran Purwa	33	488	275167	812395	0
Chamaran Purwa	33	488	275951	812137	0
Chamaran Purwa	33	282	275892	815585	0
Chamaran Purwa	33	282	275976	815542	0
Chamaran Purwa	33	282	276158	815321	0
Chamaran Purwa	33	282	276631	815673	0
Chamaran Purwa	33	282	276437	815812	0
Chamaran Purwa	33	282	275161	815707	0
Chamaran Purwa	33	282	275816	816110	0
Chamaran Purwa	33	282	276697	816189	0
Chamaran Purwa	33	282	276115	816541	0
Chamaran Purwa	33	282	276060	816387	0
Chamaran Purwa	33	595	276447	819548	0
Chamaran Purwa	33	595	275530	818405	0
Chamaran Purwa	33	522	272327	817550	0
Chamaran Purwa	33	522	272080	817655	0
Chamaran Purwa	33	522	272059	818092	0
Chamaran Purwa	33	522	272025	818374	0
Chamaran Purwa	33	522	272113	817601	0
Chamaran Purwa	33	685	268724	810617	0
Chamaran Purwa	33	685	267285	811076	0
Chamaran Purwa	33	654	263751	810998	0
Chamaran Purwa	33	654	264874	811237	0
Chamaran Purwa	33	522	271348	817114	0
Chamaran Purwa	33	522	271318	817035	0
Chamaran Purwa	33	522	270789	820632	0
Chamaran Purwa	33	522	270149	824664	0
Chamaran Purwa	33	575	261419	823734	0
Chamaran Purwa	33	31	270808	811502	0
Chamaran Purwa	33	488	274311	813100	0
Chamaran Purwa	33	488	274368	813101	0
Chamaran Purwa	33	488	274081	813310	0
Chamaran Purwa	33	282	273969	814833	0
Chamaran Purwa	33	654	260615	814840	0
Chamaran Purwa	33	659	276225	800861	0
Chamaran Purwa	33	659	276418	802228	0
Chamaran Purwa	33	659	271289	801472	0
Chamaran Tola	33	522	270301	818829	0
Chamaranpura	19	459	266470	783015	0
Chamaranwali Dhani	28	120	275566	761177	0
Chamarasikuppam	30	184	128564	787739	0
Chamarayanakote	15	74	125566	760004	0
Chamarbadha	4	136	257841	859808	0
Chamarbegra	19	153	223829	745486	0
Chamarbigha	4	112	247452	843533	0
Chamardag	35	400	233830	859081	0
Chamardah	19	646	244535	820840	0
Chamardar	12	267	314068	772827	0
Chamardhana	19	502	234266	793362	0
Chamardhori	14	673	239947	840537	0
Chamardi	10	165	218359	719068	0
Chamardih	4	117	245652	852143	0
Chamardih	4	106	249902	855409	0
Chamardih	4	117	248846	849937	0
Chamardih	4	117	248563	849666	0
Chamardih	4	117	245559	848716	0
Chamardih	4	581	254707	851910	0
Chamardih Bargaon	4	457	272549	842513	0
Chamardiha	4	495	250331	855183	0
Chamardiha	4	112	247334	844830	0
Chamardiha	14	678	238526	841030	0
Chamareddihalli	15	47	131544	784403	0
Chamaren Purwa	33	659	274250	802379	0
Chamargangti	4	495	250898	851925	0
Chamargara	14	678	237948	849042	0
Chamargarhi	33	174	277888	776917	0
Chamargarhi	33	523	279355	780796	0
Chamargarhi	33	282	275675	815739	0
Chamargawan	19	459	263085	776809	0
Chamargudem	1	68	162677	808667	0
Chamargura	6	365	218119	821169	0
Chamarha	33	444	253957	801859	0
Chamarha	33	33	255339	824396	0
Chamarhan	33	623	268020	830964	0
Chamarheri	27	543	303839	765004	0
Chamarhi Chak	33	516	258697	837570	0
Chamari	33	710	260222	795618	0
Chamari	11	689	289654	766014	0
Chamari	6	365	216875	819987	0
Chamari	6	681	218339	815424	0
Chamari	6	681	218398	817309	0
Chamari	33	659	273135	798447	0
Chamari	33	710	258788	791383	0
Chamari	19	338	243143	783341	0
Chamari	19	338	239671	788768	0
Chamari	6	517	219548	808399	0
Chamari	6	723	221195	815553	0
Chamari	6	723	220549	815932	0
Chamari	6	723	221140	816063	0
Chamari	6	723	220934	817212	0
Chamari	19	16	238875	765953	0
Chamari	19	16	239418	769083	0
Chamari Chak	4	581	256191	850345	0
Chamari Kalan	19	354	224648	794458	0
Chamari Khera	33	431	300141	777152	0
Chamari Khurd	19	354	224690	794367	0
Chamari Mahuabandh	19	646	245688	820690	0
Chamari Purwa	33	659	271891	800823	0
Chamari Sonbarsa	19	646	245365	820635	0
Chamaria	4	718	249625	833889	0
Chamaria	34	574	298244	783213	0
Chamaria	10	170	230520	739489	0
Chamaria	4	520	260858	847627	0
Chamaria	10	140	230690	736127	0
Chamaria	3	612	260683	911505	0
Chamariana	33	682	275663	785026	0
Chamariaon	33	564	258967	835869	0
Chamariawan	4	718	249748	837137	0
Chamaridol	19	607	240135	821290	0
Chamaripur	33	584	250713	818460	0
Chamariya	19	638	241732	790960	0
Chamariya	33	553	297017	782624	0
Chamariyah	19	497	247592	817620	0
Chamariyakhera	28	298	253014	742100	0
Chamark	34	413	296148	799044	0
Chamarka	12	348	325117	762678	0
Chamarkari	12	348	324148	764068	0
Chamarkarj	12	348	325348	764551	0
Chamarkhera	34	430	303867	779706	0
Chamarkhera	11	327	295125	758113	0
Chamarkhera	28	360	299529	741214	0
Chamarkho	14	434	241456	862442	0
Chamarkho	14	434	241506	862519	0
Chamarkhoh	19	607	242170	826330	0
Chamarla	12	653	315545	775721	0
Chamarlapadu	1	219	174441	828582	0
Chamarlinaraparazukhandrika	1	45	135088	798888	0
Chamarmaratoli	14	678	238222	844660	0
Chamarnagaria	33	445	272438	792624	0
Chamarnagaria	33	445	271524	793779	0
Chamarnagaria	33	682	275417	789790	0
Chamaro ki Jhupriyan	28	298	252065	746380	0
Chamaron Ka Bas	28	463	275613	767009	0
Chamaron ka Mazra	33	622	284551	787425	0
Chamaron ka Nagla	33	526	271449	776803	0
Chamaron ka Pura	19	459	262395	777710	0
Chamaron ke Jhonpare	28	302	259647	756177	0
Chamaron ki Dhani	28	519	287645	749800	0
Chamarpara	35	340	225825	881310	0
Chamarpara	6	80	187758	805445	0
Chamarpara	25	546	217095	842076	0
Chamarpur	33	445	270317	792607	0
Chamarpur	33	451	277264	796233	0
Chamarpur	33	174	273726	776100	0
Chamarpur	33	682	275572	786585	0
Chamarpur	33	523	277836	783497	0
Chamarpur	33	682	275319	783844	0
Chamarpur	19	638	250881	802263	0
Chamarpur	33	31	272152	810297	0
Chamarpur	33	724	288432	780183	0
Chamarpur	33	523	281278	783409	0
Chamarpur	4	363	256558	844519	0
Chamarpur Rudarpur	33	278	269541	792716	0
Chamarpura	33	278	267848	791266	0
Chamarpura	28	429	262126	766720	0
Chamarpura	28	429	262207	766326	0
Chamarpura	33	531	287831	790773	0
Chamarpura	33	724	287254	779393	0
Chamarpura	33	526	271189	777488	0
Chamarpura	33	644	274517	780170	0
Chamarpura	33	644	273429	780690	0
Chamarpura	33	526	271984	781031	0
Chamarpura	33	526	271230	781530	0
Chamarpura	33	526	271206	781894	0
Chamarpura	33	682	274568	784854	0
Chamarpura	33	389	272609	783043	0
Chamarpura	33	174	275719	778158	0
Chamarpura	33	523	276056	779940	0
Chamarpura	33	644	275557	779522	0
Chamarpura	33	682	275360	786773	0
Chamarpura	33	445	270029	788382	0
Chamarpura	33	174	273120	778389	0
Chamarpura	19	459	267197	784068	0
Chamarpura	33	526	271571	778188	0
Chamarpura	33	526	271269	778258	0
Chamarpura	33	526	270168	779465	0
Chamarpura	19	459	263595	775815	0
Chamarpura	19	459	262467	775387	0
Chamarpura	28	599	268268	778909	0
Chamarpura	19	420	251734	775908	0
Chamarpura	33	644	276906	781781	0
Chamarpura	33	644	275055	781508	0
Chamarpura	33	389	272051	784976	0
Chamarpura	33	526	270157	783354	0
Chamarpura	33	526	270180	782894	0
Chamarpura	33	526	269708	780996	0
Chamarpura	28	599	269379	781419	0
Chamarpura	33	526	269590	781513	0
Chamarpura	19	459	266152	780814	0
Chamarpura	33	526	269921	783138	0
Chamarpura	33	526	268066	786081	0
Chamarpura	33	445	271254	790338	0
Chamarpura	33	492	291181	788646	0
Chamarpura	33	622	283342	783322	0
Chamarpura	33	116	283733	787669	0
Chamarpura	19	309	236902	763109	0
Chamarpura	34	617	289754	793812	0
Chamarpura	33	531	287939	792937	0
Chamarpura	33	686	267655	794468	0
Chamarpura Dan	33	492	288208	788562	0
Chamarpura Kalan	33	451	278245	796046	0
Chamarpura Khurd	33	451	278287	795978	0
Chamarra	33	591	253412	793698	0
Chamarru	1	10	166434	801310	0
Chamarsan	33	623	268726	830235	0
Chamarsand	33	623	267489	829908	0
Chamarsar	33	623	266926	829965	0
Chamarsayo	12	83	315950	780532	0
Chamarsena	33	710	260090	792230	0
Chamartalia	33	685	267629	811699	0
Chamartoia	33	605	264261	822081	0
Chamartola	33	682	273693	792220	0
Chamartola	33	682	273782	792333	0
Chamartola	33	661	274310	793351	0
Chamartola	4	718	246969	835044	0
Chamartola	4	718	246741	835607	0
Chamartola	4	718	246592	835528	0
Chamartola	4	394	248739	837714	0
Chamartola	4	394	248601	838040	0
Chamartola	4	394	248527	837749	0
Chamartola	4	394	248588	838395	0
Chamartola	33	31	271007	811673	0
Chamartola	14	712	238901	837405	0
Chamartola	4	363	254447	845586	0
Chamartola	4	734	252143	847588	0
Chamartola	4	734	250937	848205	0
Chamartola	4	507	252341	849522	0
Chamartola	4	507	251002	849857	0
Chamartola	14	673	245026	840220	0
Chamartola	14	673	240386	840590	0
Chamartola	4	106	249251	855334	0
Chamartola	4	106	249588	856453	0
Chamartola	4	112	245891	843041	0
Chamartola	4	602	255243	874032	0
Chamartoli	14	712	240983	836483	0
Chamartoli	14	712	245014	835082	0
Chamartoli	4	718	246652	835968	0
Chamartoli	4	394	249302	838444	0
Chamartoli	4	394	249693	838872	0
Chamartoli	33	314	268451	834054	0
Chamartoli	4	363	254449	845049	0
Chamartoli	4	112	250987	845281	0
Chamartoli	4	581	256781	848305	0
Chamartoli	4	615	261732	841480	0
Chamartoli	4	615	261491	840420	0
Chamartoli	4	597	255762	840483	0
Chamartoli	4	597	255762	842341	0
Chamartoli	4	117	250053	848078	0
Chamartoli	4	507	251450	849105	0
Chamartoli	4	394	248115	840376	0
Chamartoli	4	394	247423	840322	0
Chamartoli	4	597	256147	843305	0
Chamartoli	4	363	255775	844658	0
Chamartoli	4	106	246933	854170	0
Chamartoli	4	106	247568	855239	0
Chamartoli	4	106	249774	856318	0
Chamartoli	4	505	249741	862112	0
Chamartoli	4	117	246445	849939	0
Chamartoli	4	136	255444	856312	0
Chamartoli	14	310	229374	845041	0
Chamartoli	14	310	229937	846482	0
Chamartoli	4	505	247373	864169	0
Chamaru	12	460	311042	776552	0
Chamaru	27	543	303366	766569	0
Chamaru	27	543	304790	766444	0
Chamaru	12	348	326125	762422	0
Chamaru	12	267	317689	768962	0
Chamarua	19	338	242012	783375	0
Chamarua	33	644	275358	779880	0
Chamarua	33	492	288168	788773	0
Chamarwah	6	388	220873	829585	0
Chamarwah	19	354	227758	799932	0
Chamarwah	19	461	228141	802428	0
Chamarwahi	19	354	219771	799113	0
Chamarwahi	19	461	223913	802178	0
Chamarwahi	19	142	222148	800986	0
Chamarwala	12	514	304670	773799	0
Chamarwara	28	463	275311	769958	0
Chamarya	19	420	249479	782186	0
Chamaryana	33	370	250950	785782	0
Chamasari	34	430	304248	781157	0
Chamasia	4	727	255992	865313	0
Chamat	12	604	309555	770430	0
Chamat Tara	33	659	271909	801657	0
Chamatanr	14	678	237655	843659	0
Chamathi	19	202	217689	762591	0
Chamatoli	14	476	225534	843000	0
Chamatoli	14	476	225256	842740	0
Chamatu	14	678	238373	849224	0
Chamaura	12	514	307245	771980	0
Chamavaram	1	259	173249	825161	0
Chamavila	16	528	90276	765788	0
Chamb	27	545	310591	750233	0
Chamb	12	279	312384	766763	0
Chamba	13	485	334223	742212	0
Chamba	13	640	329838	749537	0
Chamba	34	481	303438	783929	0
Chamba	12	514	305729	773869	0
Chamba	12	514	306578	773567	0
Chamba	13	640	332771	749438	0
Chamba	12	39	318315	762436	0
Chamba	12	270	317707	763897	0
Chamba	12	604	312295	767277	0
Chamba	12	604	312791	769182	0
Chamba Bas	11	563	294263	747375	0
Chamba Kalan	27	250	312077	750103	0
Chamba Khas	12	39	318248	762623	0
Chamba Khurd	27	250	313396	750228	0
Chambad	16	256	117473	755734	0
Chambadipalem	1	6	147497	800994	0
Chambagapara	16	233	118557	760976	0
Chambagha	12	604	309250	771006	0
Chambahalli	15	422	135163	777501	0
Chambakuru	1	190	134324	784083	0
Chambal	12	460	310530	774052	0
Chambal	27	250	313747	749350	0
Chambal Baroda	19	129	226053	755199	0
Chambal Colony	19	459	264875	779833	0
Chambal Colony	19	459	263486	778118	0
Chambang	2	40	277765	937789	0
Chambannur	16	173	101841	763623	0
Chambarasanhalli	15	47	128739	783017	0
Chambarga	20	156	184103	768636	0
Chambe	15	47	130183	780580	0
Chambeli	27	700	306714	748500	0
Chambenhalli	15	43	128802	777629	0
Chambenhalli	15	47	128743	781266	0
Chambhai	20	127	203498	773125	0
Chambharda	20	134	203020	801093	0
Chambhardatola	20	134	203072	801127	0
Chambhardi Budrukh	20	78	204681	751180	0
Chambhardi Khurd	20	78	204647	751254	0
Chambharvadi	20	112	200318	750796	0
Chambhu	33	688	260472	820008	0
Chambi	12	267	318129	767080	0
Chambi	12	460	310108	774920	0
Chambi	12	653	314587	775590	0
Chambi	12	460	309763	772215	0
Chambi	12	514	306684	774568	0
Chambi	12	348	326017	761718	0
Chambi	12	348	325746	761123	0
Chambi	12	39	320336	763956	0
Chambi	12	267	316616	769115	0
Chambi	12	279	313031	768961	0
Chambi Tarar	13	485	334108	744006	0
Chambiara	12	279	312875	768792	0
Chambidipalem	1	6	145992	801598	0
Chambio	12	348	326384	760073	0
Chambol	15	167	180259	775178	0
Chambubera	35	347	240957	875167	0
Chamchi	12	514	309070	773092	0
Chamchon	19	503	229645	787719	0
Chamda	14	628	230239	859980	0
Chamdal	34	589	299064	787691	0
Chamdera	12	39	322035	761470	0
Chamdi	14	442	250322	876815	0
Chamdi Bedo	14	442	251737	877276	0
Chamdi Mako	14	442	251763	877179	0
Chamdoli	34	413	296741	793642	0
Chamdoli Puranian	34	413	296992	793488	0
Chameda	28	113	275029	773747	0
Chameda	6	627	203529	819232	0
Chameda	6	627	200758	820168	0
Chamedapara	6	627	200880	820213	0
Chamehra	4	495	252518	852510	0
Chameji	12	514	307935	772514	0
Chamel Andraru	12	348	325907	761756	0
Chamel Majra	11	664	303910	771846	0
Chamela	34	430	304955	779150	0
Chamela	33	605	265526	820481	0
Chamela	4	597	254113	840716	0
Chameli	20	139	211352	786798	0
Chameli	34	589	299181	788140	0
Chameli	34	589	298593	787750	0
Chameli	19	153	220568	744356	0
Chameli	4	597	254143	840689	0
Chameli Khapa	19	338	233265	787405	0
Chameli Khapa	19	338	233165	787531	0
Chameliang	2	121	280789	965343	0
Chameliha	33	659	276343	801828	0
Chamelikund	19	503	227872	791222	0
Chamelitoli	14	310	233142	845076	0
Chamelwa	4	410	262419	866473	0
Chamena	12	460	312041	775281	0
Chamend	33	710	260016	791011	0
Chamendi	33	613	281375	783251	0
Chamenhalli	15	333	140513	754392	0
Chameola	12	460	313364	775101	0
Chamer	33	694	247935	831030	0
Chamera	12	460	311545	775140	0
Chamera	12	348	324752	762042	0
Chamera	34	589	301857	788232	0
Chameri	12	267	314522	769707	0
Chamerwa	19	503	229059	791209	0
Chametha	34	589	298158	787298	0
Chameti	19	648	226190	772831	0
Chameti	12	39	318070	762742	0
Chamgaon	20	78	211071	753503	0
Chamgara	14	434	242451	863794	0
Chamghara	4	567	251119	860597	0
Chamghatitoli	14	541	233820	855683	0
Chamgudo Kalan	14	454	243889	855350	0
Chamgudo Khurd	14	454	243962	855357	0
Chamguru	14	541	234678	852647	0
Chamhech	12	460	310917	773688	0
Chamhiana	12	460	310889	772021	0
Chami	34	589	299673	787453	0
Chami	34	413	296449	791093	0
Chami	34	692	298341	797330	0
Chami	34	413	296063	798212	0
Chami	34	533	294448	799861	0
Chamian	34	589	298497	785716	0
Chamiar	12	267	316936	767591	0
Chamiara	12	39	322491	762601	0
Chamiari	27	214	318540	748223	0
Chamiari	27	355	315924	756596	0
Chamididepadu	1	6	150700	799291	0
Chamierganj	33	31	268035	815386	0
Chamila	33	174	275785	778223	0
Chamilia	33	522	272022	817225	0
Chaminda	27	647	307664	757398	0
Chamiyana	12	514	306388	774167	0
Chamjhar	19	129	224737	747783	0
Chamka	33	659	271754	807168	0
Chamka	12	348	326564	761640	0
Chamkali	14	712	240333	835557	0
Chamkana	34	413	296577	791822	0
Chamkani	33	686	266801	793314	0
Chamkari	33	682	275464	786254	0
Chamkha	11	565	306753	770977	0
Chamkhana	12	267	313244	772569	0
Chamkoduria	14	276	226357	858660	0
Chamkoni	4	457	270145	842581	0
Chamkuni	33	242	254512	830663	0
Chamla	12	514	306308	775061	0
Chamla	20	141	211911	782390	0
Chamla	12	348	327673	761601	0
Chamla	12	348	326555	761314	0
Chamlai	33	488	273077	813591	0
Chamlapur	15	74	119889	764809	0
Chamlasa	28	321	246977	762517	0
Chamlavarigadda	1	207	132096	785982	0
Chamlial	13	690	324737	748910	0
Chamlog	12	279	313688	768223	0
Chamluk	29	85	272055	883360	0
Chamma	14	712	241084	837351	0
Chamma Chak	4	518	250759	865593	0
Chamma Chak	4	396	251058	871266	0
Chamma ka Dera	33	444	255529	802863	0
Chammachinta	1	219	175942	824673	0
Chammantata	16	148	113351	763277	0
Chammanur	16	232	106757	760214	0
Chammanur	16	253	108856	763541	0
Chammapur	33	575	262960	818678	0
Chammatola	19	354	219997	797355	0
Chammatola	19	142	217575	797429	0
Chammo	11	482	301364	766645	0
Chammu	21	693	250610	946511	0
Chammutola	19	354	220976	797960	0
Chamna	33	659	274830	799670	0
Chamna	34	413	296969	794715	0
Chamnal	12	514	306583	776321	0
Chamnal	12	39	318072	761704	0
Chamnau	34	589	299481	788853	0
Chamni	33	659	274901	799696	0
Chamni	34	413	297093	793855	0
Chamnur	15	71	170077	769222	0
Chamog	12	267	313715	772005	0
Chamohti	12	267	314446	773312	0
Chamol	12	267	313706	771938	0
Chamola	12	514	306161	775430	0
Chamoli	34	179	304027	793330	0
Chamoli	19	317	214972	755711	0
Chamoli	12	39	321919	758888	0
Chamoli	34	413	296007	794413	0
Chamoli	34	692	299109	795580	0
Chamoli	34	692	297899	798287	0
Chamoli	34	533	292683	799038	0
Chamoligaon	34	589	299439	786870	0
Chamon Got	12	348	329485	761276	0
Chamon Mazra	33	431	297183	774595	0
Chamon Nagaria	33	661	272371	796565	0
Chamor	12	460	313357	773555	0
Chamori	34	413	296294	791983	0
Chamorkhil	14	633	244958	877445	0
Chamoroda	25	423	200389	846285	0
Chamot	12	460	311109	775445	0
Chamot	13	477	324894	757585	0
Chamotha	4	112	247256	845161	0
Chamotha	4	106	247105	854145	0
Chamotha	4	117	245549	853154	0
Champa	6	384	232151	837522	0
Champa	6	365	215887	820903	0
Champa	6	374	223059	829984	0
Champa	14	673	242378	842265	0
Champa	4	535	264856	860240	0
Champa	14	570	251847	873811	0
Champa Khera	19	334	237550	762357	0
Champa Singh	33	522	271700	817585	0
Champaba	14	276	227733	853012	0
Champabigha	4	394	247364	840287	0
Champad	14	628	228571	857653	0
Champadali	25	527	204243	848795	0
Champadanga	35	268	228377	879758	0
Champadangal	14	633	246542	878457	0
Champadhi	25	281	218814	854805	0
Champadih	14	732	241895	854034	0
Champadih	14	541	231446	850269	0
Champadih	25	281	215347	857026	0
Champadipalaiyam	30	220	133066	803450	0
Champadu	1	258	181124	824118	0
Champaduli	25	297	210352	834897	0
Champagarh	19	497	250443	814057	0
Champaguda	1	258	182899	828848	0
Champaguda	25	305	184903	828900	0
Champahati	35	4	224003	884921	0
Champai	6	393	211175	822002	0
Champajod	25	349	192917	831233	0
Champajor	25	281	215810	853027	0
Champakhera	19	325	225028	789558	0
Champakheri	19	208	242637	773854	0
Champakhol	25	546	213301	844977	0
Champallapati	16	233	117686	760126	0
Champalli	15	47	133915	782638	0
Champalpur	10	205	240431	729532	0
Champamal	25	297	208745	840576	0
Champan	13	358	331219	757072	0
Champanagar	4	590	259066	873273	0
Champanagar	4	632	260558	868060	0
Champanagar	4	410	262310	868606	0
Champanagar	4	410	261282	869797	0
Champanagar	4	567	251543	862090	0
Champanagar	14	434	241087	862450	0
Champanagar Nawadih	14	732	240940	853111	0
Champaner	10	177	224833	735500	0
Champaner	33	278	268168	790960	0
Champaner	19	326	231085	778349	0
Champaneri	28	428	259664	748474	0
Champapalli	30	114	115813	763542	0
Champapara	25	546	215572	839769	0
Champapara	25	546	215292	839419	0
Champapet	31	62	173438	785173	0
Champaposi	25	281	214202	857067	0
Champapukur	35	432	226632	888112	0
Champapur	4	382	268881	848340	0
Champapur	33	451	277477	799314	0
Champapur	33	584	255163	822929	0
Champapur	33	515	266858	837146	0
Champapur	4	457	271155	845577	0
Champapur	4	581	254675	855035	0
Champapur	14	434	241463	864330	0
Champapur	25	372	207406	843342	0
Champapur Bali	4	632	259955	866598	0
Champapura	28	120	269773	756338	0
Champara Kanikkudi	30	435	83612	773512	0
Champaranpatti	33	27	257174	835757	0
Champarapur	33	605	266005	820421	0
Champasar	28	331	272640	730671	0
Champasara	25	262	219966	838590	0
Champat	13	358	330651	759715	0
Champat Nagla	33	450	267932	799817	0
Champati	35	432	225786	888051	0
Champatimunda	25	399	207828	850150	0
Champatipur	25	292	205837	862427	0
Champatipur	25	527	201668	851538	0
Champatisahi	25	277	206100	851947	0
Champatola	6	490	216045	810039	0
Champatola	14	678	238330	846517	0
Champatoli	14	541	231524	850236	0
Champatoli	14	310	233243	843332	0
Champatoli	14	541	231559	849754	0
Champatoli	14	310	229742	844462	0
Champatptha	25	292	204034	851793	0
Champatpur	33	329	283166	791354	0
Champatpur	33	661	274927	795367	0
Champatpur	19	208	240828	775471	0
Champatpur	33	686	266837	795967	0
Champatpur	33	645	263852	798179	0
Champatpur	33	698	259771	807227	0
Champatpur	19	512	249686	803990	0
Champatpur	33	654	261440	808736	0
Champatpur	33	698	259255	810513	0
Champatpur	33	688	257959	815791	0
Champatpur	33	584	255375	817932	0
Champatpur	33	584	253441	818456	0
Champatpur	33	584	253478	818386	0
Champatpur	33	329	282278	793385	0
Champatpura	33	710	260411	792525	0
Champawasi	28	519	281046	745300	0
Champawati	4	590	258044	872656	0
Champaya	33	522	271218	818453	0
Champdani	35	432	227978	883658	0
Champe	25	349	192050	834912	0
Champeli	10	140	231097	735404	0
Champelia	19	335	229839	748970	0
Champeswar	25	292	204300	851598	0
Champha	34	413	296044	795505	0
Champi	19	630	244108	749297	0
Champi	25	349	192577	835899	0
Champi	25	349	190266	835340	0
Champi	14	498	237346	858760	0
Champikota	25	349	190835	832476	0
Champikota	25	349	190349	833602	0
Champila	14	276	221558	859488	0
Champili	13	35	331373	758952	0
Champion Reef	15	47	129366	782581	0
Champlawat Muwara	10	124	231647	733561	0
Champrai	25	368	219032	859441	0
Champsi	28	519	281058	745317	0
Champti Bagan	35	347	242706	878363	0
Chamr	33	531	286917	789252	0
Chamra	12	514	307531	774667	0
Chamra Baraili	4	590	258995	876570	0
Chamra Barpali	6	388	220684	828506	0
Chamra Bigha	4	495	253185	852484	0
Chamra Dih	33	479	260839	829075	0
Chamra Kondar	19	208	240449	773402	0
Chamra Thakurpur	33	710	259852	791008	0
Chamradihi	25	478	211364	828240	0
Chamradihi	25	290	219384	841941	0
Chamradol	19	646	241248	815251	0
Chamraehi	14	712	242408	838394	0
Chamraha	33	242	254284	830063	0
Chamraha	4	394	252732	839535	0
Chamraha	4	394	250076	839123	0
Chamraha	19	313	246243	807187	0
Chamraha	33	575	263016	824197	0
Chamraha	4	394	248215	840404	0
Chamraha	4	394	250038	840604	0
Chamrahi	33	31	268065	811872	0
Chamrahi	33	654	265130	811116	0
Chamrahi	33	31	268692	814133	0
Chamrahi	33	654	264716	811756	0
Chamrahi	33	623	270684	830373	0
Chamrahi	33	282	279374	814143	0
Chamrahi	4	510	255189	862969	0
Chamrahi	4	632	258652	867238	0
Chamrahi Rampur	33	694	251123	831651	0
Chamrahia	33	152	268710	827799	0
Chamrahia	4	520	259556	846151	0
Chamrahia	33	659	273026	801952	0
Chamrahitola	4	112	246212	840587	0
Chamrahiya	19	638	252469	803103	0
Chamrahlya	33	450	267088	799827	0
Chamrahra	4	687	256600	855082	0
Chamrahwan Kalan	33	619	250232	811971	0
Chamrahwan Khurd	33	619	250256	812070	0
Chamrai	19	395	243951	777927	0
Chamrai	12	348	322933	760383	0
Chamrail	35	340	226391	883040	0
Chamrajapalaiyam	30	227	112095	774560	0
Chamrajpet	15	43	129604	775673	0
Chamrakha	33	532	264878	824386	0
Chamrakkattur	16	148	112144	760439	0
Chamral	12	39	321529	758936	0
Chamral	12	270	317851	763999	0
Chamrali	12	267	314421	772027	0
Chamran	34	617	289872	796594	0
Chamrana	19	323	257725	766614	0
Chamranga	14	541	235777	850042	0
Chamranga	14	541	235829	849842	0
Chamrapara	6	681	216435	813365	0
Chamrapara	6	517	219775	813149	0
Chamrapara	6	723	218427	819419	0
Chamrapur	33	312	279784	804285	0
Chamrara	11	286	292221	768970	0
Chamrara	1	212	160080	800555	0
Chamrat	12	409	327892	767227	0
Chamratan	12	267	314971	770902	0
Chamratola	6	620	205816	808751	0
Chamratola	6	620	204420	808164	0
Chamratoli	14	541	231585	850401	0
Chamratoli	14	416	227585	851003	0
Chamratoli	14	416	229779	852781	0
Chamratoli	14	310	230926	846337	0
Chamratoli	14	310	232314	847848	0
Chamratoli	14	476	226128	849012	0
Chamratwa	4	535	265819	863073	0
Chamraua	33	531	287827	791114	0
Chamraua	33	686	265775	795861	0
Chamraua	33	645	264428	795724	0
Chamraua	19	420	250609	782025	0
Chamraua	33	417	253820	784652	0
Chamraua	33	329	285504	793840	0
Chamraua	33	329	285561	795223	0
Chamraua Buzurg	33	710	260285	790658	0
Chamraua Khurd	33	710	259823	790297	0
Chamrauda	33	526	268300	785481	0
Chamrauda	19	512	249204	803817	0
Chamrauda	33	659	270882	800874	0
Chamraudha	33	659	273151	798186	0
Chamraudha	33	659	273583	798989	0
Chamraudha	33	659	273262	799862	0
Chamraudha	33	450	268371	799538	0
Chamraudha	33	548	268216	798844	0
Chamraudha	33	312	278206	801502	0
Chamraudha	33	312	278241	801663	0
Chamraudha	33	312	278128	802168	0
Chamraudha	33	312	278524	802988	0
Chamrauha	19	646	245396	821279	0
Chamrauhan	33	152	268650	826819	0
Chamrauhi	19	646	240982	818167	0
Chamraul	33	531	286235	789808	0
Chamraul	33	280	270504	828500	0
Chamraula	33	553	296333	781947	0
Chamraula	33	370	243391	788209	0
Chamraula	33	553	295825	783564	0
Chamraula	33	553	294951	783958	0
Chamraula	33	553	291804	782608	0
Chamraula	33	637	262352	817812	0
Chamrauli	33	526	271404	780548	0
Chamrauli	33	389	270879	785087	0
Chamrauli	33	526	269868	782039	0
Chamrauli	12	348	325841	760617	0
Chamrauli	33	31	268511	816583	0
Chamrauli	33	515	262499	841112	0
Chamraulia	33	116	280793	792552	0
Chamraura	33	451	279161	798018	0
Chamrauri	33	688	260164	816532	0
Chamrauti	19	638	251896	802449	0
Chamrauti	33	584	248928	821418	0
Chamrauti	33	688	260011	819351	0
Chamrauti	33	532	265339	824193	0
Chamrauti	33	532	264387	823792	0
Chamrauti	33	532	264119	823767	0
Chamrauti	33	532	263947	823525	0
Chamrauti	33	575	262899	824085	0
Chamrauti	33	532	264296	824460	0
Chamrauti	33	532	264292	824878	0
Chamrauti	33	532	264473	824969	0
Chamrauti	33	532	263859	824483	0
Chamrauti	33	532	264014	824574	0
Chamrauti	33	532	263787	824613	0
Chamrauti	33	532	263519	824870	0
Chamrauti	33	532	263867	824859	0
Chamrauti	33	532	263045	824731	0
Chamrauti	33	532	262887	824951	0
Chamrauti	33	575	262257	824935	0
Chamrauti	33	532	263919	827471	0
Chamrauti	33	479	262630	827499	0
Chamrauti	33	532	262930	827699	0
Chamrauti	33	532	262706	827873	0
Chamrauti	33	479	263575	828948	0
Chamrauti	33	314	267461	832014	0
Chamrauti	33	539	267120	841360	0
Chamrauti	33	515	263701	841395	0
Chamrauti	33	515	263641	840864	0
Chamrauti	33	515	263559	841007	0
Chamrauti	33	515	263072	841106	0
Chamrauti	33	539	267216	842803	0
Chamrauti	33	539	266296	843142	0
Chamrauti	34	617	289237	798173	0
Chamrauti	34	617	289487	798177	0
Chamrauti Alahipur	33	532	264090	823570	0
Chamrauti Bibi Talia	33	532	263813	826051	0
Chamrauti Makoha	33	575	262494	825938	0
Chamrauti Purwa	33	242	253660	829785	0
Chamrautia	33	605	264422	821596	0
Chamrautia	33	605	264902	822301	0
Chamrautitola	19	607	243082	825813	0
Chamrautitola	19	607	242587	825069	0
Chamrauwa	33	278	269178	792065	0
Chamrauwa	33	370	247891	782406	0
Chamrauwa	33	464	290106	783476	0
Chamrawa	33	622	285569	784582	0
Chamrawal	33	458	288758	773877	0
Chamrawala	33	525	293958	780182	0
Chamrawala	33	525	296249	779408	0
Chamrawala	33	553	294810	784582	0
Chamrawli Boraki	33	566	285064	775681	0
Chamrer	13	1	335802	743357	0
Chamreri	28	263	249425	731092	0
Chamreri	34	617	289749	799164	0
Chamri	12	460	309584	774598	0
Chamri	34	430	306297	778994	0
Chamri	33	724	287314	777622	0
Chamri	33	522	270887	816121	0
Chamri	4	507	250585	849866	0
Chamri	14	416	231365	853483	0
Chamria	12	514	307435	772070	0
Chamriawas	28	263	259976	736371	0
Chamriyah	19	497	247596	817419	0
Chamrod	33	672	292246	780515	0
Chamroda	33	312	279941	811358	0
Chamroda	33	488	277799	811020	0
Chamrodah	28	463	278826	767656	0
Chamrodah Ki Dhani	28	463	278810	767773	0
Chamrodkhera	33	672	292259	780687	0
Chamrog	12	460	310855	770353	0
Chamrogi ki Nahan	12	514	307439	771376	0
Chamrohi	12	348	323678	760322	0
Chamroin	19	638	246400	793016	0
Chamrokha	33	685	268902	810023	0
Chamrol	12	604	312851	769537	0
Chamrola	33	526	273964	781944	0
Chamroli	33	644	276883	783355	0
Chamrom	14	377	235450	856155	0
Chamrora	34	533	294089	798673	0
Chamrori	11	88	300620	771327	0
Chamrorwala	12	514	304623	773886	0
Chamrot	12	460	311808	774064	0
Chamrot	33	584	256002	818274	0
Chamru	33	242	254843	829246	0
Chamru	33	269	271072	824294	0
Chamru	33	523	280583	784731	0
Chamru Chak	4	117	246184	852204	0
Chamru Kaprigangti	14	570	251298	874537	0
Chamru Nawada	33	553	295625	784326	0
Chamru Purwa	33	31	270130	815272	0
Chamrua	19	-1	251268	793587	0
Chamrua	33	451	281335	797859	0
Chamrua	4	602	255832	874281	0
Chamruda Purwa	33	488	277953	810888	0
Chamrudih	14	628	227556	858272	0
Chamrulitola	4	597	255302	841768	0
Chamrupatti	33	561	254246	824789	0
Chamrupur	33	269	273026	823370	0
Chamrupur	33	584	256906	820040	0
Chamrupur	33	522	270383	824189	0
Chamrupur	33	575	264599	820586	0
Chamrupur	33	575	262490	826752	0
Chamrupur	33	688	258879	818072	0
Chamrupur	33	688	258005	818089	0
Chamrupur	33	688	260140	816738	0
Chamrupur	4	687	257649	854216	0
Chamrutola	19	142	214889	805225	0
Chamrutola	6	620	207262	806456	0
Chamrutoli	14	476	227148	844456	0
Chamsain	34	589	296372	790032	0
Chamsul	34	589	299070	785210	0
Chamtapalli	1	6	144312	795699	0
Chamtha	4	510	255789	857734	0
Chamtola	33	280	270606	829187	0
Chamtola	34	489	297484	799229	0
Chamu	28	331	266545	725791	0
Chamu	33	584	252118	817452	0
Chamu	33	584	252229	817415	0
Chamu	10	205	239242	730999	0
Chamu Bigha	4	507	250733	849231	0
Chamu Khap	4	117	247358	851745	0
Chamua	4	457	271454	844059	0
Chamua	34	413	296458	798935	0
Chamuakol	14	570	251146	874686	0
Chamudohar	14	732	241451	856336	0
Chamuha	19	610	240998	810933	0
Chamuhan	33	196	250956	825162	0
Chamuhan	12	348	326129	761134	0
Chamuhi	27	284	318511	758766	0
Chamuioli	14	476	226263	842972	0
Chamukh	12	39	317882	762919	0
Chamukha	12	39	318562	763058	0
Chamukha	4	363	256257	846297	0
Chamundi	15	74	122667	766833	0
Chamundi Puram	15	74	122667	766833	0
Chamursi	20	134	199401	798909	0
Chamursi	20	134	204199	800383	0
Chamutoli	14	476	226798	844643	0
Chamwas	12	348	328257	760978	0
Chamyar	12	514	306365	772448	0
Chamyari	12	514	306701	777423	0
Chamyari Malli	34	413	299180	792273	0
Chamyari Talli	34	413	299124	792309	0