Chhe	13	477	327080	756419	0
Chhebar Singh Chohan	33	522	269070	817860	0
Chhechani	14	673	241046	844946	0
Chhechani	14	673	239296	841267	0
Chhechhanitola	14	673	240324	840888	0
Chhechhar	6	365	217137	824794	0
Chhechhauni	4	136	257261	862948	0
Chhechhudih	4	363	253108	843546	0
Chhechimanjhar	14	379	244532	848241	0
Chhechiyal	13	477	323796	754199	0
Chhechu Bigha	4	117	246807	848224	0
Chheda	33	451	279651	795339	0
Chheda	33	451	276598	793685	0
Chheda	33	31	273035	812773	0
Chheda	33	31	269250	815376	0
Chheda Dih	33	269	271848	824221	0
Chheda Jot	33	522	271523	821312	0
Chheda Purwa	33	659	271364	801251	0
Chhedak	25	674	206833	868500	0
Chhedak	25	703	208640	868659	0
Chhedalal ka Purwa	33	659	273719	798089	0
Chhedanagar	33	31	268887	811998	0
Chhedi	33	584	252836	817090	0
Chhedi Bankat	33	152	270010	828248	0
Chhedi Marain	33	645	264185	799356	0
Chhedi Purwa	33	282	275756	815646	0
Chhedi Purwa	33	522	271368	817827	0
Chhedi Purwa	33	654	265191	811796	0
Chhedi Purwa	33	282	274950	814246	0
Chhediatoli	14	310	232343	846411	0
Chhedidandwa	33	314	265429	833012	0
Chhedikhair	6	269	240171	834132	0
Chhedilal Purwa	33	654	262815	812647	0
Chhedimau	33	591	253871	796465	0
Chheditola	4	363	253837	843849	0
Chhedolia	6	669	219021	823797	0
Chhedupur	33	31	272031	812195	0
Chhedwari	33	575	262441	822710	0
Chhehr	12	267	316727	767991	0
Chhek	12	267	316774	767733	0
Chheka	4	636	256805	865860	0
Chhekabandha	6	279	222701	820837	0
Chhel	12	460	309962	772309	0
Chhelachheli	25	277	207054	851986	0
Chhelaji Muwara	10	164	230218	731355	0
Chhelbhata	6	611	214263	832962	0
Chhelia	25	399	210533	850479	0
Chheliamal	25	478	210023	828620	0
Chheliamendhia	25	683	216542	845884	0
Chheliapara	25	290	219476	841914	0
Chhelibahal	25	372	207896	840713	0
Chheliberuahn	25	580	199530	861780	0
Chheligada	25	243	191937	842438	0
Chhelikhai	25	546	211584	840696	0
Chhelikhai	25	372	208199	840707	0
Chhelkuthi	25	290	218786	839044	0
Chhelri	13	359	330381	752238	0
Chhelwa	33	488	277986	810479	0
Chhema	4	663	251334	857236	0
Chhemanda	25	546	215095	843660	0
Chhemar	33	688	259425	818546	0
Chhempani	34	589	296174	790580	0
Chhen	12	267	314869	770714	0
Chhenakachhar	19	503	227786	786747	0
Chhenakachhar	19	503	228377	788531	0
Chhencha	14	678	238468	840723	0
Chhenchanitoli	14	678	239141	842098	0
Chhenchhau	33	523	276955	778682	0
Chhendi	33	584	253265	822682	0
Chhendipada	25	399	210852	848720	0
Chhendiya	19	317	217176	760892	0
Chhendyapipal	19	129	221283	746046	0
Chhenra	34	530	292044	798100	0
Chhenri	19	576	232074	797676	0
Chhenvta	33	417	259113	789203	0
Chheodharra	6	374	225828	824030	0
Chheoki	33	584	253828	818610	0
Chheola	19	338	234385	790005	0
Chheolaha	19	646	243159	817823	0
Chheolaha	33	654	260798	808279	0
Chheolatola	19	461	227304	806889	0
Chheolatola	19	461	227240	808821	0
Chheoli Mighrodi	19	449	232527	809476	0
Chheolia	19	461	228316	799990	0
Chheonga	33	688	257161	816436	0
Chheonra	12	267	314517	773321	0
Chheoripara	6	279	222512	823077	0
Chheota	14	379	243308	849892	0
Chhepilipali	25	683	214558	848498	0
Chhepraguda	6	578	191028	820817	0
Chher	12	460	312883	774281	0
Chher	12	39	319250	763664	0
Chhera	33	637	260697	820297	0
Chhera	12	348	323924	760586	0
Chherahi	4	615	260454	844375	0
Chheran	12	460	312414	774487	0
Chherapur	33	242	254908	827459	0
Chherat	33	523	279655	780888	0
Chherdih	33	516	258088	843946	0
Chheri Basaik	33	621	258114	798901	0
Chheri Beni	33	621	257944	798037	0
Chheria	6	365	215590	822057	0
Chheria	4	718	252450	836728	0
Chheria	33	152	266437	828042	0
Chheria	6	642	207078	813674	0
Chherianar	25	368	220472	856815	0
Chheriha	33	515	266031	837294	0
Chheriha	33	515	262298	840782	0
Chheriha Khurd	33	619	250149	810006	0
Chherilenri	25	572	207766	826051	0
Chheripara	6	676	203529	810030	0
Chherkadih	6	365	215524	822024	0
Chherkapur	6	365	215863	822013	0
Chherkurwa	33	102	243630	828588	0
Chhermerhi	6	725	229856	821144	0
Chhet Khera	33	654	264304	811486	0
Chhetan Khera	19	638	251951	804033	0
Chhetauna	33	575	262394	821052	0
Chhetauni	33	539	267770	838079	0
Chhetepur	33	659	273351	799963	0
Chhetlahi	4	505	249001	863514	0
Chhetri	33	593	277211	791642	0
Chhetri	12	348	327782	761359	0
Chheula	12	-1	306606	771588	0
Chhevala	19	395	244683	779277	0
Chhevla	19	502	239874	795758	0
Chhevla	19	512	240599	797685	0
Chhevlai	19	395	244603	778467	0
Chhevlamata ka Khirk	19	509	251966	786358	0
Chhew Nadi	28	210	273985	713755	0
Chhewana	12	514	308022	773686	0
Chhewari	4	718	253175	836481	0
Chhewaripali	6	611	216251	833259	0
Chhewladube	19	502	240524	796859	0
Chhewlagangaram	19	502	241129	796317	0