Chidambaram	30	175	113993	796914	62153
Chidawa	28	288	282394	756404	43953
Chidiga	1	259	169630	822124	6365
Chida	27	480	305408	750432	0
Chidaguda	1	194	190168	836091	0
Chidaguda	1	194	191106	836447	0
Chidam	29	85	271234	884218	0
Chidamamidi	1	25	173153	814096	0
Chidambara Arasur	30	175	112614	796253	0
Chidambaranathanpettai	30	175	114019	797233	0
Chidambaranathapuram	30	254	111173	794599	0
Chidambaranathapuram	30	175	114277	797009	0
Chidambaranathapuram	30	198	112953	796949	0
Chidambarapakkam	30	198	111147	798426	0
Chidambarapalle	1	195	157048	796196	0
Chidambarappatti	30	254	106975	789114	0
Chidambarappatti	30	264	99962	782208	0
Chidambarappatti	30	223	112373	782121	0
Chidambarapperi	30	236	91178	773865	0
Chidambarapuram	30	236	91427	776118	0
Chidambarapuram	30	236	90736	776803	0
Chidambarapuram	30	186	85006	775473	0
Chidambarapuram	30	186	85306	775918	0
Chidambarapuram	30	186	82601	777498	0
Chidambarapuram	30	193	102415	789713	0
Chidambarapuram	30	118	94361	780834	0
Chidambarapuram	30	201	84283	778763	0
Chidarametta	1	10	163080	792700	0
Chidaran	13	651	338020	749226	0
Chidaravalli	15	97	134664	752886	0
Chidchikkanhalli	15	422	134008	777513	0
Chided	31	62	170698	787157	0
Chidella	31	241	170254	797793	0
Chidgal	15	55	127318	755743	0
Chidhari	31	271	195492	787088	0
Chidi	14	416	230157	850755	0
Chidiarn	13	477	324362	756313	0
Chidiguda	1	258	182626	830367	0
Chidigummala	1	219	176874	825730	0
Chidika	1	219	174364	826227	0
Chidikada	1	219	179280	828921	0
Chidikudda	1	219	176694	824118	0
Chidimanguda	1	194	189325	836378	0
Chidimi	1	194	186523	836169	0
Chidimidarisitaram Rajupeta	1	194	186665	836249	0
Chidipadu	25	305	184719	829856	0
Chidipalem	1	258	174359	819600	0
Chidipalem	1	258	176346	820075	0
Chidipalem	1	258	175468	821191	0
Chidipalem	1	258	176571	822345	0
Chidipalem	1	219	175225	824076	0
Chidipalem	1	176	181627	831668	0
Chidipalle	1	219	179332	829440	0
Chidipalle	1	194	189040	835032	0
Chidipeta	1	258	178738	823485	0
Chidirigudem	1	258	174826	816158	0
Chidivalasa	25	305	188271	833328	0
Chidivalasa	1	453	184981	838257	0
Chidivalasa	1	176	179018	831393	0
Chidpal	6	577	187280	818581	0
Chidrapal	6	80	189595	812017	0
Chidratoli	14	476	225805	843599	0
Chidrawa	33	278	267413	792810	0
Chidri Khurd	14	498	239255	857343	0
Chidumuru	31	46	177955	813816	0
Chidupotuvaripalem	1	10	161727	799029	0
Chiduravalli	15	74	123002	769499	0
Chiduru	1	25	174165	815746	0