Chikmagalur	15	97	133223	757740	121484
Chik Ballapur	15	422	134351	777279	63652
Chikhli	20	49	203505	762577	57889
Chika	11	614	300489	763430	38952
Chikodi	15	77	164290	745859	38307
Chiknayakanhalli	15	92	134161	766206	24292
Chik Banavar	15	43	130822	775019	14409
Chikiti	25	423	192023	846145	11645
Chikkabidarakallu	15	43	130516	774884	11554
Chikhli Kalan	19	325	222152	787430	9840
Chikhli	10	213	207575	730627	7480
Chikjajur	15	246	141267	761408	6236
Chikhlakasa	6	642	206000	810778	6160
Chikhaldara	20	132	214004	773187	5158
Chikhla	20	390	215529	797622	4352
Chik Adapur	15	86	160395	762120	0
Chik Avalli	15	333	144261	751476	0
Chik Badvadgi	15	86	160434	760408	0
Chik Bagevadi	15	77	157687	746871	0
Chik Bahadurdinne	15	50	161132	768887	0
Chik Bammasandra	15	43	130921	775798	0
Chik Banasvadi	15	43	130072	776469	0
Chik Basur	15	265	142048	757046	0
Chik Bellikatti	15	77	156281	749480	0
Chik Bemmatti	15	652	126776	759854	0
Chik Bendigeri	15	91	150809	752237	0
Chik Bennur	15	265	141643	759854	0
Chik Bettahalli	15	43	130912	775508	0
Chik Bhosga	15	71	171303	765386	0
Chik Bilagunji	15	333	141595	751641	0
Chik Budihal	15	91	149257	753000	0
Chik Budnur	15	77	159683	748540	0
Chik Chengani	15	97	136100	755617	0
Chik Dinasi	15	333	137932	753327	0
Chik Dinne	15	50	160258	768012	0
Chik Ettinahalli	15	265	141389	755809	0
Chik Gobur	15	71	172678	766882	0
Chik Gonagarh	15	66	158017	759621	0
Chik Gubbi	15	43	130802	776661	0
Chik Gunjal	15	655	152341	754086	0
Chik Halivana	15	265	143115	757690	0
Chik Handigol	15	583	154640	755268	0
Chik Handur	15	97	135984	755429	0
Chik Harkuni	15	655	151847	752664	0
Chik Havalgi	15	80	170829	763868	0
Chik Hebbirige	15	333	140469	750776	0
Chik Hejjur	15	74	121984	761781	0
Chik Honnur	15	74	124340	760202	0
Chik Hoshalli	15	47	129556	781319	0
Chik Hunkunti	15	86	160374	761488	0
Chik Igalur	15	47	129147	779707	0
Chik Jala	15	43	131721	776342	0
Chik Jambur	15	333	143716	753262	0
Chik Jeni	15	333	139579	751945	0
Chik Jogihalli	15	333	142177	753546	0
Chik Kabbar	15	91	143485	755979	0
Chik Kabbur	15	333	144720	751910	0
Chik Kadur	15	333	139254	755905	0
Chik Kalavatti	15	333	142626	752526	0
Chik Kalhalli	15	47	128750	782968	0
Chik Kalladiga	15	333	139554	752596	0
Chik Kallahalli	15	333	138509	752691	0
Chik Kallialli	15	47	129126	780009	0
Chik Kallugodu	15	333	145203	749576	0
Chik Kallur	15	71	170481	765452	0
Chik Kallur	15	652	128082	758282	0
Chik Kalvanchi	15	47	128216	782097	0
Chik Kamarhalli	15	74	125040	759678	0
Chik Kanagudi	15	97	135805	753244	0
Chik Kanavangala	15	97	138000	759779	0
Chik Kandur	15	652	127730	758207	0
Chik Karmanhalli	15	47	129611	782108	0
Chik Karpanhalli	15	47	129297	781730	0
Chik Kasavi	15	333	143381	752261	0
Chik Kavashi	15	91	146535	751146	0
Chik Kebri	15	603	125105	775248	0
Chik Kodagi	15	97	135824	755426	0
Chik Kolga	15	71	171569	767132	0
Chik Konati	15	91	145576	753136	0
Chik Kop	15	583	154681	756505	0
Chik Kop	15	66	156529	759999	0
Chik Koralahalli	15	333	141568	753969	0
Chik Kudali	15	333	139765	756783	0
Chik Kummi	15	77	157380	752122	0
Chik Kurbarhalli	15	265	142426	758227	0
Chik Mahnur	15	91	144675	755848	0
Chik Makoppa	15	333	144259	749831	0
Chik Malandur	15	97	136619	754246	0
Chik Mallapur	15	583	150569	755977	0
Chik Mallur	15	91	150068	752624	0
Chik Manati	15	333	139507	751121	0
Chik Mankatti	15	91	150544	752282	0
Chik Mannur	15	583	156742	756680	0
Chik Maralvadi	15	603	126106	775191	0
Chik Mattiga	15	333	138628	752877	0
Chik Morab	15	91	143992	754812	0
Chik Muchalgud	15	86	159871	756823	0
Chik Mugdur	15	91	148689	754590	0
Chik Mulageri	15	333	138942	750274	0
Chik Mulangi	15	77	159194	754050	0
Chik Mulkur	15	77	157480	748638	0
Chik Nagara	15	652	129587	757785	0
Chik Nalguthalli	15	47	129209	781839	0
Chik Nandihalli	15	77	156490	748065	0
Chik Nandur	15	71	172482	769009	0
Chik Nargund	15	583	157842	753429	0
Chik Narti	15	655	152943	753065	0
Chik Nasbi	15	86	158703	757326	0
Chik Nayakanhalli	15	43	130318	777430	0
Chik Nekkundi	15	43	129241	777625	0
Chik Nellur	15	91	149692	752720	0
Chik Sakuna	15	333	143865	751041	0
Chik Sandra	15	43	130929	777106	0
Chik Sandra	15	43	130673	775089	0
Chik Sanne	15	375	132310	776891	0
Chik Sanwan	33	479	258569	827910	0
Chik Saura	4	495	253354	852155	0
Chik Savanur	15	583	150767	756233	0
Chik Sindgi	15	80	168894	762172	0
Chik Tuppur	15	69	118140	767175	0
Chik Ulligeri	15	77	156623	750716	0
Chik Vadvatti	15	583	151755	757252	0
Chik Valagmadi	15	47	129472	782113	0
Chik Yalachimande	15	47	128719	782169	0
Chik-Banhalli	15	43	130192	777513	0
Chik-Biderkal	15	43	130496	774866	0
Chik-Gatiganabbe	15	375	130414	777949	0
Chik-Hoshalli	15	375	132023	777545	0
Chik-Hullur	15	375	131074	778257	0
Chik-Kadatur	15	47	130340	779734	0
Chik-Koliga	15	375	131620	778477	0
Chik-Kolliga	15	375	131570	778282	0
Chik-Korati	15	375	131953	779557	0
Chik-kuntanhalli	15	603	127938	774393	0
Chik-Kurubarhalli	15	375	132208	778434	0
Chik-Maranhalli	15	375	130907	773233	0
Chik-maskallu	15	603	129170	773247	0
Chik-Nallal	15	375	130971	778955	0
Chik-Nallurhalli	15	375	131238	778507	0
Chik-Sabenhalli	15	47	130397	779977	0
Chik-Shivara	15	47	130215	779809	0
Chik-sulikeri	15	603	128472	773042	0
Chik-Taggalli	15	375	130514	778860	0
Chik-Timmanhalli	15	375	131395	778870	0
Chika Ghat	34	617	289310	797297	0
Chikabari	4	491	262777	879277	0
Chikachiwadi	20	138	191103	774236	0
Chikajolla	25	349	191603	836745	0
Chikakottur	1	-1	129167	784306	0
Chikal Bhir	20	34	189036	759976	0
Chikala	20	138	191123	774651	0
Chikala Tanda	20	138	190999	774895	0
Chikaladinnepalle	1	207	133108	787136	0
Chikaladoddi	15	50	163495	769390	0
Chikalaguriki	1	99	149760	771990	0
Chikalahai	19	512	244298	801166	0
Chikalahalli	15	603	124325	773510	0
Chikalamanhalli	15	603	125769	774417	0
Chikalapalli	30	215	125965	780774	0
Chikalavalasa	1	194	186912	836623	0
Chikalda	19	129	220839	748867	0
Chikalda	19	443	222830	778185	0
Chikalda	19	443	222019	779034	0
Chikalda	19	239	216540	747204	0
Chikaldongri	20	187	194805	727859	0
Chikalgondoddi	15	603	124165	775470	0
Chikalgudem	1	103	170095	805956	0
Chikalkua	19	153	222243	744039	0
Chikalkuabadi	19	239	218408	747686	0
Chikalla	31	75	188244	780682	0
Chikalpandri	20	138	198539	780503	0
Chikalpani	19	648	229588	773766	0
Chikalpat	19	446	220047	769953	0
Chikalpat	19	311	228006	768780	0
Chikalsandra	15	43	129151	775521	0
Chikalthan	20	112	201967	752021	0
Chikalthan	20	112	198793	753824	0
Chikalthana Buzurg	20	151	195574	764857	0
Chikalthana Khurd	20	151	195527	764911	0
Chikalti	20	182	218312	742781	0
Chikalupadar	25	499	193078	822148	0
Chikalwas	28	22	240933	734020	0
Chikalwas	28	22	246518	736700	0
Chikalwas	19	317	218408	760513	0
Chikamharpur	33	697	286737	773298	0
Chikamput	25	305	185512	824796	0
Chikan	11	88	303841	774885	0
Chikan	11	88	303695	774802	0
Chikan	11	565	307625	769428	0
Chikana	20	67	204132	785649	0
Chikanahalli	15	188	127247	758654	0
Chikanajevadi	15	603	126346	773638	0
Chikanbadi	25	373	200463	841493	0
Chikandoddi	15	603	126677	775125	0
Chikandwa	33	522	270616	819079	0
Chikanhalli	15	375	133190	774428	0
Chikanhalli	15	652	131110	757447	0
Chikanhalli	15	43	129136	777882	0
Chikanhalli	15	603	123907	775895	0
Chikani	28	463	276738	766958	0
Chikania	4	641	260669	875370	0
Chikania	25	281	215548	857850	0
Chikanian	33	314	263504	833529	0
Chikankanhalli	15	603	126583	773068	0
Chikankhandi	25	292	205187	849330	0
Chikanpur	33	548	269157	794779	0
Chikanvalsi	15	603	126685	775399	0
Chikanwas	11	327	292798	756569	0
Chikapoti	19	129	223459	746596	0
Chikapur	33	31	269471	814947	0
Chikar	12	514	306554	776482	0
Chikara	28	402	245969	744101	0
Chikara	33	417	253138	792435	0
Chikarasanhalli	15	603	127339	773810	0
Chikarasinakere	15	93	125103	770401	0
Chikarbai	1	194	190665	835865	0
Chikariani	16	211	85483	769071	0
Chikarlagadda Tanda	31	272	167497	777123	0
Chikarvalasa	25	305	184788	829325	0
Chikasi	33	621	258035	794691	0
Chikasi	30	201	84571	780490	0
Chikatapeta	1	176	184598	836098	0
Chikatgaon	20	112	201408	747946	0
Chikatguda	31	100	171600	795206	0
Chikatguda	31	100	171523	795161	0
Chikati	1	258	177738	816805	0
Chikatia	33	116	279999	789361	0
Chikatigalapadu	1	10	160098	796943	0
Chikatimanipalle	1	426	138299	782381	0
Chikatipalli	1	207	127778	782849	0
Chikativandlapalle	1	190	141410	787791	0
Chikativaripalle	1	221	147341	788969	0
Chikatmal	25	546	215954	840459	0
Chikatmal	25	546	217367	845489	0
Chikatmamdi	31	100	170891	789340	0
Chikatmamdi	1	-1	170978	790208	0
Chikatmamidi	31	128	175995	787493	0
Chikatnali	25	262	217231	848822	0
Chikatpalli	31	75	185737	778619	0
Chikatriya	19	635	225961	760141	0
Chikatulova	25	305	188556	834016	0
Chikatvaya	6	80	189126	807384	0
Chikaura	33	31	266866	815884	0
Chikavolu	1	6	141264	796307	0
Chikayarhalli	15	93	124408	765744	0
Chikbairamangala	15	603	127470	774128	0
Chikballa	15	422	132698	778749	0
Chikballekere	15	97	136757	761356	0
Chikbargi	15	74	118282	764401	0
Chikbasur	15	97	135897	760674	0
Chikbedlatti	15	603	126376	775655	0
Chikbegur	15	69	119856	767463	0
Chikbellavi	15	92	134194	770270	0
Chikbelvangala	15	375	132869	774087	0
Chikbetta	30	215	122649	777085	0
Chikbettahalli	15	603	124944	774773	0
Chikbhairankuppa	15	74	118738	761451	0
Chikbothakere	15	603	126662	774781	0
Chikbyadagere	15	652	131786	758702	0
Chikbyadarhalli	15	375	133684	774369	0
Chikchimmanahalli	15	375	132535	776604	0
Chikda	10	245	215170	736462	0
Chikdanavalli	15	47	129001	780674	0
Chikdasandoddi	15	93	125535	770361	0
Chikdasarhalli	15	422	133456	778840	0
Chikdasarhalli	15	43	128906	777845	0
Chikdasenhalli	15	422	134228	779368	0
Chikdevarahalli	15	265	140867	759754	0
Chikdevarhalli	15	603	126430	774590	0
Chikdhaliya	19	202	222663	764164	0
Chikdi	15	248	133336	750391	0
Chikdodvadi	15	92	133685	772645	0
Chikeni	19	607	245195	825421	0
Chikgangur	15	265	140824	760253	0
Chikgolhalli	15	375	132984	776540	0
Chikgopahalli	15	603	127283	774016	0
Chikgundagal	15	92	134362	771425	0
Chikhachakarpat	19	325	227516	790996	0
Chikhal	20	139	207784	791612	0
Chikhal Dara	20	67	202143	784987	0
Chikhal Karanji	6	578	192684	820578	0
Chikhal Pada	20	182	212597	741931	0
Chikhal Saongi	20	132	213270	779584	0
Chikhalabori	20	139	210220	794351	0
Chikhalbhoshi	20	138	189340	772034	0
Chikhalchua	25	572	202296	825010	0
Chikhalda	19	443	219363	774006	0
Chikhalda	19	142	217971	807011	0
Chikhaldah	6	490	213999	809296	0
Chikhaldah	6	723	221568	816104	0
Chikhaldhokra	20	134	206323	803250	0
Chikhaldoh	20	67	199091	786428	0
Chikhale	15	77	156646	742596	0
Chikhalgadh	20	139	212056	784953	0
Chikhalgan	20	17	184530	729298	0
Chikhalgaon	20	67	200668	789399	0
Chikhalgaon	20	110	206337	799214	0
Chikhalgaon	20	110	203809	796415	0
Chikhali	20	57	164462	743163	0
Chikhali	20	150	188806	746949	0
Chikhali	20	139	210864	793047	0
Chikhali	19	239	216274	751761	0
Chikhalkhapa	19	443	217253	781844	0
Chikhalmau	19	325	222143	785970	0
Chikhalmau	19	325	222156	782711	0
Chikhalpadar	6	578	192849	820439	0
Chikhalronda	6	388	219237	829192	0
Chikhalvadi	20	206	158835	740650	0
Chikhalvahal	20	54	206051	746316	0
Chikhalwardha	20	67	199389	782628	0
Chikhalwari	20	616	196847	771685	0
Chikhar	12	460	311555	773619	0
Chikhar	12	460	309934	772948	0
Chikharohalli	15	93	124353	768405	0
Chikhatola	6	620	206187	808517	0
Chikhegdi	15	43	127353	777000	0
Chikhejjaji	15	375	132676	774323	0
Chikhesrur	15	50	161111	766377	0
Chikhi	20	78	210037	761534	0
Chikhi	19	239	214213	752091	0
Chikhla	6	275	213282	811920	0
Chikhla	6	681	216203	813576	0
Chikhla	19	325	227368	790881	0
Chikhla	19	354	219038	794582	0
Chikhla	19	142	216826	799059	0
Chikhla	19	337	239086	802113	0
Chikhla	19	337	238252	802680	0
Chikhla	19	142	217224	802240	0
Chikhla	19	512	242881	799275	0
Chikhlabori	20	390	211320	798018	0
Chikhlabori	20	139	211854	795319	0
Chikhlabuddi	19	142	219427	799243	0
Chikhlagad	20	127	202357	774342	0
Chikhlajhori	19	443	215022	775862	0
Chikhlajhori	19	142	219512	804000	0
Chikhlakasa	6	455	207836	808434	0
Chikhlakhar	20	616	197093	768150	0
Chikhlakhar Tanda	20	616	197263	768130	0
Chikhlamali	19	142	215252	803950	0
Chikhlapahla	20	390	210208	797045	0
Chikhlapali	25	290	217876	835745	0
Chikhlapani	19	354	218082	796216	0
Chikhlapani	6	517	224793	813719	0
Chikhlapar	20	110	205037	794197	0
Chikhlapar	20	139	206818	792480	0
Chikhlar	19	325	220471	783856	0
Chikhlar Kalan	19	443	220485	782730	0
Chikhlar Khurd	19	443	220413	782640	0
Chikhlatola	20	390	215533	797514	0
Chikhli	28	493	234302	739554	0
Chikhli	10	245	214667	739667	0
Chikhli	20	67	205685	780013	0
Chikhli	7	225	201836	730176	0
Chikhli	20	53	200219	757854	0
Chikhli	19	443	220248	779991	0
Chikhli	19	325	218360	786258	0
Chikhli	20	139	213428	786250	0
Chikhli	20	139	210967	786087	0
Chikhli	20	139	212234	786884	0
Chikhli	6	299	213686	821592	0
Chikhli	6	642	205453	811025	0
Chikhli	6	455	211087	810387	0
Chikhli	6	275	212341	812955	0
Chikhli	6	299	213639	816224	0
Chikhli	20	138	188946	773408	0
Chikhli	15	167	183901	772549	0
Chikhli	20	141	206019	785240	0
Chikhli	19	576	233568	797661	0
Chikhli	19	325	222980	791343	0
Chikhli	19	354	219702	794796	0
Chikhli	19	202	221371	767808	0
Chikhli	19	568	225021	779834	0
Chikhli	19	568	224842	779866	0
Chikhli	19	568	224738	779665	0
Chikhli	19	443	220526	778034	0
Chikhli	20	132	215019	771212	0
Chikhli	19	443	218925	776196	0
Chikhli	19	443	215157	776836	0
Chikhli	20	67	203802	776838	0
Chikhli	20	127	201834	776172	0
Chikhli	20	132	209619	779125	0
Chikhli	20	132	212657	775481	0
Chikhli	20	132	206299	778876	0
Chikhli	20	169	207336	773258	0
Chikhli	20	127	203587	772522	0
Chikhli	20	67	200558	779038	0
Chikhli	19	354	217212	795113	0
Chikhli	20	390	215498	796199	0
Chikhli	20	110	206051	793823	0
Chikhli	20	139	209820	796097	0
Chikhli	20	390	209357	797299	0
Chikhli	19	443	215364	780445	0
Chikhli	19	325	216493	787159	0
Chikhli	20	67	203853	786251	0
Chikhli	20	67	202828	786347	0
Chikhli	19	502	233323	793246	0
Chikhli	20	390	211762	795084	0
Chikhli	20	168	213918	799702	0
Chikhli	20	141	205004	790747	0
Chikhli	20	139	207268	795164	0
Chikhli	20	110	201524	796896	0
Chikhli	20	67	196355	779769	0
Chikhli	19	461	230876	802090	0
Chikhli	19	576	233089	804203	0
Chikhli	20	78	207229	750112	0
Chikhli	19	354	222331	800603	0
Chikhli	6	627	205378	814185	0
Chikhli	20	182	216297	744451	0
Chikhli	20	168	210544	801296	0
Chikhli	19	142	217927	804638	0
Chikhli	19	142	218324	806950	0
Chikhli	19	142	214163	805166	0
Chikhli	6	365	215038	825296	0
Chikhli	6	393	212415	826195	0
Chikhli	20	134	205663	800534	0
Chikhli	20	134	206356	801684	0
Chikhli	6	620	208191	807053	0
Chikhli	6	642	206773	809852	0
Chikhli	6	676	201354	807599	0
Chikhli	6	517	220676	812003	0
Chikhli	6	681	218178	814006	0
Chikhli	6	285	206490	820338	0
Chikhli	6	285	205803	821977	0
Chikhli	19	303	235073	760202	0
Chikhli	6	388	218570	830128	0
Chikhli	6	611	215830	831579	0
Chikhli	6	17	217738	833108	0
Chikhli	25	478	216442	834354	0
Chikhli	25	290	216746	834963	0
Chikhli	25	478	210834	833392	0
Chikhli	10	170	231715	739819	0
Chikhli	28	163	233073	740705	0
Chikhli	10	126	215317	740897	0
Chikhli	19	354	224744	793798	0
Chikhli	20	67	198497	790909	0
Chikhli Budrukh	20	78	211269	757573	0
Chikhli Buzarg	20	138	192439	772554	0
Chikhli Buzruk	20	78	208535	760429	0
Chikhli Buzurg	19	443	218394	784221	0
Chikhli Buzurg	20	127	201482	771434	0
Chikhli Kalan	19	325	219247	789010	0
Chikhli Kalan	19	325	219228	789104	0
Chikhli Khurd	19	443	217821	782849	0
Chikhli Khurd	20	138	192319	772577	0
Chikhli Khurd	19	325	219768	791341	0
Chikhli Khurd	20	78	208643	760519	0
Chikhli Khurd	20	127	201523	771509	0
Chikhli Khurd	20	182	216293	746151	0
Chikhli Khurd	20	78	211260	757528	0
Chikhli Pada	20	185	210116	740812	0
Chikhli Shegaon	20	78	208667	760490	0
Chikhli Tola	19	461	230769	802145	0
Chikhlibala	19	325	223045	792792	0
Chikhlikhapa	20	139	212422	790401	0
Chikhlitola	19	354	217343	795063	0
Chikhlitola	19	461	226063	805161	0
Chikhlitola	19	142	217961	804726	0
Chikhlitola	6	642	206735	809959	0
Chikhlod Budrukh	20	78	209700	751425	0
Chikhlod Khurd	20	78	209692	751442	0
Chikhonudaki	15	92	132078	771428	0
Chikhora	19	153	221559	742168	0
Chikhoshalli	15	43	127053	776448	0
Chikhparmar	19	334	237023	761144	0
Chikhri	12	460	313753	777191	0
Chikhri	33	654	262369	809484	0
Chikhri	33	605	265470	820044	0
Chikhri	33	488	273964	812633	0
Chikhuda	15	265	141322	759547	0
Chikhulikere	15	265	140320	759119	0
Chikhuria	4	394	248694	837909	0
Chikiapati	20	132	213256	772813	0
Chikilinta	1	258	174436	822268	0
Chikipalli	15	47	134014	782293	0
Chikirenupalli	1	45	140361	795387	0
Chikirevulapalle	1	426	138764	780346	0
Chikisettipalle	1	190	137204	783964	0
Chikivanipalle	1	426	138786	780257	0
Chikka	20	182	219477	741530	0
Chikka Abbagalu	15	93	122586	769738	0
Chikka Adaganahalli	15	74	124112	763504	0
Chikka Adanahalli	15	74	123489	765050	0
Chikka Agrahara	15	97	134668	754769	0
Chikka Aladahalli	15	652	129747	761554	0
Chikka Allahpur	15	80	168083	764002	0
Chikka Alur	15	71	169812	771536	0
Chikka Anaji	15	91	145877	753615	0
Chikka Ankondahalli	15	47	130364	781649	0
Chikka Aralihalli	15	91	147580	756691	0
Chikka Arikere	15	265	144758	762094	0
Chikka Arkalgud	15	652	127776	760338	0
Chikka Arur	15	422	135741	778006	0
Chikka Baganahalli	15	652	129180	760929	0
Chikka Banasavadi	15	93	126182	769254	0
Chikka Bandahalli	15	47	131696	784361	0
Chikka Bandaragatta	15	422	135224	779782	0
Chikka Bannihatti	15	265	146022	762845	0
Chikka Bannimatti	15	352	149158	756899	0
Chikka Basavanahalli	15	652	129655	761419	0
Chikka Basur	15	91	146492	753027	0
Chikka Belalu	15	74	123711	761477	0
Chikka Belathi	15	652	128403	764270	0
Chikka Benakal	15	66	154306	764373	0
Chikka Bennuru	15	246	143189	762408	0
Chikka Bherya	15	74	126085	763485	0
Chikka Bhogamhalu	15	66	152728	762610	0
Chikka Bhoganahalli	15	93	125461	766120	0
Chikka Bhuvanahalli	15	652	130308	761773	0
Chikka Bichanhalli	15	74	122944	764596	0
Chikka Bidare	15	265	146265	758156	0
Chikka Bidinahalu	15	66	154788	761501	0
Chikka Bilki	15	59	149061	748615	0
Chikka Biyalakondapalli	30	215	126741	777845	0
Chikka Budihal	15	91	145522	754337	0
Chikka Budihalu	15	265	145022	759096	0
Chikka Byadarahalli	15	93	125083	767324	0
Chikka Byagatavalli	15	652	127995	762078	0
Chikka Chavatti	15	333	145625	752018	0
Chikka Chinnappanahalli	15	422	135045	779776	0
Chikka Dalavatta	15	92	138107	774097	0
Chikka Devanur	15	97	134223	761073	0
Chikka Dolli	30	204	117758	775323	0
Chikka Ennegere	15	92	135474	764274	0
Chikka Gadduvalli	15	652	130964	760162	0
Chikka Gadiganahalli	15	93	125513	764908	0
Chikka Gangavadi	15	93	126665	767340	0
Chikka Gangavadi	15	603	128014	771874	0
Chikka Ganni	15	652	128450	763445	0
Chikka Gaudanahundi	15	74	122364	766852	0
Chikka Genagere	15	652	129878	761536	0
Chikka Gonigere	15	265	143065	756409	0
Chikka Guntanur	15	246	142244	762945	0
Chikka Hanasoge	15	74	125281	761787	0
Chikka Handaragalla	15	86	162687	760404	0
Chikka Haranhalli	15	93	127438	765414	0
Chikka Harvalli	15	59	148660	749964	0
Chikka Hasagavi	15	93	127407	769349	0
Chikka Hettur	15	652	127895	757845	0
Chikka Homma	15	74	120226	769053	0
Chikka Honakuni	15	50	163998	769859	0
Chikka Honnavalli	15	92	133574	763888	0
Chikka Honnenahalli	15	652	130288	761077	0
Chikka Honnenahalli	15	652	129819	761376	0
Chikka Horabail	15	333	136856	753569	0
Chikka Hosahalli	15	92	136399	773097	0
Chikka Hosahalli	15	93	126799	764893	0
Chikka Hosalli	15	69	121377	774684	0
Chikka Hullal	15	91	147451	752728	0
Chikka Hunsur	15	74	122965	762819	0
Chikka Idagodu	15	333	145234	751995	0
Chikka Iranna Malige	15	246	140399	765274	0
Chikka Jagarahalli	15	652	127594	762465	0
Chikka Jakkenahalli	15	652	130132	762412	0
Chikka Jantakallu	15	66	154166	765843	0
Chikka Jataka	15	93	129152	767828	0
Chikka Jogihalli	15	352	147183	764920	0
Chikka Kabballi	15	352	146433	760921	0
Chikka Kabbigere	15	246	143526	763013	0
Chikka Kadalur	15	652	130707	761917	0
Chikka Kadanur	15	652	127209	762882	0
Chikka Kalale	15	93	127313	764506	0
Chikka Kallukannu	15	74	123332	769742	0
Chikka Kallur	15	71	172646	773067	0
Chikka Kamanuru	15	66	154327	762444	0
Chikka Kanya	15	74	121839	766362	0
Chikka Kavalandi	15	74	120455	767917	0
Chikka Kereyaginahalli	15	44	149611	764143	0
Chikka Kittadahalli	15	246	139506	763767	0
Chikka Kondagula	15	652	130307	760911	0
Chikka Kondagulakoppal	15	652	130346	760923	0
Chikka Kottagere	15	93	127130	768824	0
Chikka Kumati	15	246	146918	766201	0
Chikka Kumbalakunta	15	352	146325	764140	0
Chikka Kurubarahalli	15	422	136845	777657	0
Chikka Kuruvatti	15	91	147783	756919	0
Chikka Kyathanahalli	15	93	128228	765815	0
Chikka Lakshmipura	15	352	145682	759448	0
Chikka Linganahalli	15	652	133841	760983	0
Chikka Madaganahalli	15	652	129952	760822	0
Chikka Madanur	15	72	166021	764904	0
Chikka Madhure	15	246	142209	766020	0
Chikka Magadi	15	333	145014	752599	0
Chikka Magadi	15	265	143032	760601	0
Chikka Magge	15	652	126793	760787	0
Chikka Malagudu	15	93	124263	769350	0
Chikka Mallenahalli	15	652	128810	761600	0
Chikka Malur	15	265	138893	759267	0
Chikka Maluru	15	92	136978	773476	0
Chikka Mandagere	15	93	127365	763570	0
Chikka Mandya	15	93	125456	768951	0
Chikka Mannur	15	80	172957	760882	0
Chikka Marali	15	93	125193	767144	0
Chikka Marur	15	652	125524	760952	0
Chikka Matkuru	15	92	129009	770514	0
Chikka Mattigatta	15	652	129634	763701	0
Chikka Megalager	15	352	145302	759918	0
Chikka Menahalli	15	652	131117	761591	0
Chikka Metikurke	15	652	134544	763849	0
Chikka Mudholi	20	134	198000	797652	0
Chikka Muttur	15	91	145051	754624	0
Chikka Myageri	15	86	162762	760289	0
Chikka Nagavali	15	422	135976	777625	0
Chikka Nagavi	15	80	169222	764251	0
Chikka Nancharlu	15	422	136581	778264	0
Chikka Nandihalli	15	91	146569	754346	0
Chikka Nayakanahalli	15	652	128510	760738	0
Chikka Nellur	15	333	142874	750130	0
Chikka Padmaghatta	15	47	132005	784609	0
Chikka Shindhogi	15	66	153064	761047	0
Chikka Sholaganai	30	204	118509	775733	0
Chikka Siddavvanahalli	15	246	141169	764624	0
Chikka Somanahalli	15	93	127929	765295	0
Chikka Tammanahalli	15	93	125523	768355	0
Chikka Tekalavatti	15	246	137239	764029	0
Chikka Tharahalli	15	93	128400	764166	0
Chikka Togaleri	15	265	143427	759826	0
Chikka Ubbanur	30	215	125993	776785	0
Chikka Ujjini	15	265	146821	763204	0
Chikka Ullarti	15	246	143804	766832	0
Chikka Upparaganapalli	30	215	125648	779627	0
Chikka Vaddarkere	15	74	123562	761200	0
Chikka Viranahalli	15	92	140171	769065	0
Chikka Woddaragudi	15	74	125369	763745	0
Chikka Yachenahalli	15	93	125988	764464	0
Chikka Yagati	15	93	127459	768029	0
Chikka Yaragal	15	80	169595	763149	0
Chikka Yedachi	15	91	144541	754828	0
Chikka Yerralakkenahalli	15	422	136875	777934	0
Chikka-Araligere	15	375	132008	778241	0
Chikkabadi	25	349	192631	835485	0
Chikkabadi	25	349	190651	835279	0
Chikkabadi	25	349	191839	836215	0
Chikkabadihalli	15	246	144637	769370	0
Chikkabali	15	93	126668	769065	0
Chikkabali	15	603	124529	775107	0
Chikkabandara	15	188	127726	759370	0
Chikkabavili	30	109	123529	780003	0
Chikkabelur	30	215	125712	778254	0
Chikkabennangur	30	215	125478	777893	0
Chikkabennur	15	246	143573	761994	0
Chikkabikkodu	15	652	130591	758667	0
Chikkabillarahalli	30	109	122206	781302	0
Chikkabommanahalli	15	422	133146	781093	0
Chikkabuhalli	15	74	122417	769308	0
Chikkachalu	15	603	124894	773650	0
Chikkachellur	15	246	142129	768673	0
Chikkadapuram	15	69	120784	773641	0
Chikkade	15	93	124959	767019	0
Chikkadevireddipalli	15	47	134013	782398	0
Chikkadiganhalli	15	422	133918	777522	0
Chikkadoddi	15	93	126894	769557	0
Chikkadoranabettam	30	109	124166	780203	0
Chikkagavanur	30	215	125713	779291	0
Chikkaguda	25	305	189511	830693	0
Chikkagundagal	15	92	134241	771413	0
Chikkaguttahalli	15	47	131228	784802	0
Chikkahalli	15	91	146319	753156	0
Chikkahalli	15	92	142834	772538	0
Chikkahalli	15	352	148100	765587	0
Chikkahalli	15	246	145080	766977	0
Chikkahalli	15	652	126479	760646	0
Chikkahalli	15	74	122818	767296	0
Chikkahasade	15	652	130963	758032	0
Chikkahasala	15	47	130966	781426	0
Chikkahayuru	15	47	131126	780361	0
Chikkahenalu	15	97	133568	753188	0
Chikkahosur	15	74	124458	759516	0
Chikkajagalur	15	246	143450	764592	0
Chikkajanahalli	15	652	133823	760941	0
Chikkajayiganuru	15	352	153608	766723	0
Chikkakarakamakalahallli	15	422	134331	781473	0
Chikkakavundanpudur	30	183	105027	780820	0
Chikkakereyuru	15	74	121458	763777	0
Chikkakolaturu	15	188	127243	758842	0
Chikkakolichi	15	352	149019	758656	0
Chikkakoppal	15	93	125303	767871	0
Chikkakunda	15	188	127874	759152	0
Chikkakuntur	15	47	130141	780071	0
Chikkakuragodu	15	422	136539	775119	0
Chikkakurubarahalli	15	47	132472	782006	0
Chikkala	1	87	169698	815922	0
Chikkalaganakatti	15	352	148404	759633	0
Chikkalagutta	15	246	142799	762571	0
Chikkalattur	15	69	120496	774401	0
Chikkalaya	15	603	130490	770807	0
Chikkalbal	15	603	126530	774104	0
Chikkalenhalli	15	375	133343	774063	0
Chikkallur	16	233	117290	760909	0
Chikkalukkunda	15	652	130041	758614	0
Chikkamagaravalli	15	97	132596	756512	0
Chikkamakanahalli	15	422	136122	777998	0
Chikkamalapuram	15	69	120541	772522	0
Chikkamallanahole	15	265	145470	765002	0
Chikkamallenahalli	15	422	137129	776651	0
Chikkamalliyur	30	204	115581	775610	0
Chikkamanayakkanpatti	30	183	105743	776733	0
Chikkamanchi	30	215	123169	778146	0
Chikkamandur	15	188	121088	759690	0
Chikkamarandahalli	30	109	123816	780138	0
Chikkamaridevarayasamudram	15	69	122408	771403	0
Chikkamariguda	25	305	185209	829695	0
Chikkameduru	15	652	131767	758155	0
Chikkamenanhalli	15	652	131678	759576	0
Chikkammanahalli	15	265	145460	763117	0
Chikkammanahalli	15	246	144001	766586	0
Chikkammanahalli	15	246	138592	761330	0
Chikkampatti	30	109	119833	781980	0
Chikkamudnuru	15	55	127784	752206	0
Chikkanagal	15	652	130400	759698	0
ChikKanagi	15	91	147832	750765	0
Chikkanahalli	15	246	148375	767394	0
Chikkanahalli	15	72	165068	766268	0
Chikkanahalli	15	92	137153	771978	0
Chikkanahalli	15	92	135734	770610	0
Chikkanahalli	15	92	135682	773257	0
Chikkanahalli	15	375	132381	779374	0
Chikkanahalli	15	652	131963	759671	0
Chikkanahalli	15	246	142088	767222	0
Chikkanahalli	15	246	141943	767508	0
Chikkanahalli	15	652	127739	761248	0
Chikkanahalli	15	652	127487	761592	0
Chikkanahalli	15	93	125608	765766	0
Chikkanahalli	15	93	125970	766974	0
Chikkanahalli	15	74	124042	765448	0
Chikkanahalli	15	74	121977	765332	0
Chikkanahalli	15	93	128496	768240	0
Chikkanahalli	15	93	129003	768580	0
Chikkanahalli	15	92	129517	768840	0
Chikkanahalli	15	92	129818	768699	0
Chikkanahalli	15	93	124702	767918	0
Chikkanahalli	15	93	124606	767913	0
Chikkanahalli	15	47	130868	780603	0
Chikkanahallikoppal	15	93	125689	765782	0
Chikkanahallimath	15	97	133934	755907	0
Chikkanakavundanhalli	30	109	121221	779660	0
Chikkanakodagi	15	97	132698	753248	0
Chikkanampatti	30	183	105512	780848	0
Chikkanampatti	30	183	102925	779104	0
Chikkananahalli	15	97	134921	761673	0
Chikkananakoppal	15	652	134121	761443	0
Chikkanandi	30	204	117415	772922	0
Chikkanandi Chamalli	15	74	121162	765209	0
Chikkanankuppam	30	180	126856	785796	0
Chikkanapalle	1	207	131434	786273	0
Chikkanappagaripalli	15	422	137293	779463	0
Chikkanareppanhalli	15	422	136405	777218	0
Chikkanatti	15	50	161621	766931	0
Chikkanayakana Hosahalli	15	188	125680	759771	0
Chikkanayakanahalli	15	652	129673	763851	0
Chikkanayakandapalli	30	215	126013	779821	0
Chikkanayakkanpalaiyam	30	223	112961	778135	0
Chikkanayakkanur	30	204	115209	776929	0
Chikkandavadi	15	246	141374	761766	0
Chikkandoddi	15	93	126187	770148	0
Chikkandrachavadi	30	264	99713	780976	0
Chikkangala	15	97	135425	759703	0
Chikkanhalli	15	375	133057	772861	0
Chikkanhalli	15	375	131821	773829	0
Chikkanhalli	15	603	130863	772907	0
Chikkanhalli	15	422	134340	776227	0
Chikkanhalli	15	43	131844	776889	0
Chikkanhalli	15	375	131314	779030	0
Chikkanhalli	15	265	144574	759389	0
Chikkanhalli	15	652	128393	759851	0
Chikkanhalli	15	652	127416	758330	0
Chikkanhalli	15	375	133149	777862	0
Chikkanhalli	15	93	127162	770180	0
Chikkanhalli	15	43	128815	773548	0
Chikkanhalli	15	603	126370	773551	0
Chikkanhalli	15	43	127178	776466	0
Chikkanhalli	15	43	127893	777905	0
Chikkanhoshalli	15	375	132158	775811	0
Chikkanigi	15	50	161225	768506	0
Chikkanjehalli	30	109	121396	779765	0
Chikkankatte	15	246	140950	760556	0
Chikkankod	15	59	142889	745226	0
Chikkankoppa	15	333	139301	750590	0
Chikkannahalli	15	246	143788	763680	0
Chikkannanakoppalu	15	97	135400	761610	0
Chikkantapuram	15	44	151359	766997	0
Chikkanuttu	30	227	107544	772231	0
Chikkapalya	15	92	135110	773676	0
Chikkapara	1	194	186659	831113	0
Chikkaparavi	15	50	158972	770565	0
Chikkaparu	25	305	187436	828196	0
Chikkapatnagere	15	97	135280	759932	0
Chikkapayalagurki	15	422	135455	777954	0
Chikkapbanda	1	258	179590	824467	0
Chikkaporakkavundanpatti	30	183	104445	780598	0
Chikkappanahalli	15	246	143386	763716	0
Chikkappatti	30	193	103592	790083	0
Chikkapugadda	1	258	176427	820789	0
Chikkapura	15	333	142029	752946	0
Chikkapura	15	92	131890	770932	0
Chikkapura	15	246	142460	763226	0
Chikkapuram	15	352	148815	762139	0
Chikkara	15	188	126454	758891	0
Chikkarampalaiyam	30	154	112416	769854	0
Chikkarasanahalli	15	92	135551	770508	0
Chikkarayapuram	15	69	121347	770105	0
Chikkardanahalli	30	109	123171	780947	0
Chikkarenahalli	15	652	134382	761496	0
Chikkarlu	30	215	127192	780212	0
Chikkasalavara	15	652	130748	757685	0
Chikkasibi	15	92	135196	769991	0
Chikkasobati	15	352	150887	761732	0
Chikkatamandapalli	30	215	126193	778583	0
Chikkatammanahalli	15	422	136604	777434	0
Chikkati	15	69	119917	766932	0
Chikkatimmanahalli	15	92	136143	770978	0
Chikkatimmanahalli	30	109	122782	782110	0
Chikkatolur	15	188	126481	758471	0
Chikkattigenahalli	15	422	133109	780351	0
Chikkatur	15	97	137095	757858	0
Chikkavanahalli	15	652	127686	761152	0
Chikkaverahalli	30	215	125722	776068	0
Chikkaviragondanahalli	15	92	136712	771674	0
Chikkavvanagatihalli	15	265	144741	761190	0
Chikkayalkuru	15	92	137760	773018	0
Chikkayalur	15	69	122498	772844	0
Chikkayammaganur	15	246	141076	760841	0
Chikkayanakop	15	66	154924	759014	0
Chikkayyana Chattram	15	74	121586	766828	0
Chikkegaudandoddi	15	603	124301	774076	0
Chikkehalli	20	131	175245	763027	0
Chikkenahalli	15	246	142597	762158	0
Chikkenahalli	15	246	142268	765444	0
Chikkendoddi	15	603	126774	771873	0
Chikkenhalli	15	603	127071	771649	0
Chikkenhalli	15	603	126973	772726	0
Chikkepalle	1	99	148896	778675	0
Chikkepalle	1	99	150477	779296	0
Chikkepalli	31	144	162180	781887	0
Chikkepalli Tanda	31	448	162112	782094	0
Chikkerahalli	15	246	147918	767146	0
Chikkeredoddi	15	603	126880	774693	0
Chikkeri	15	91	147640	750946	0
Chikkerur	15	91	145260	753061	0
Chikkevaripalli	15	47	135782	783585	0
Chikkihalli	15	603	131364	771018	0
Chikkilod	16	252	114015	757871	0
Chikkinduvadi	15	69	121647	771881	0
Chikkinudgere	15	603	130151	771233	0
Chikkiranakoppal	15	93	128289	767244	0
Chikkirkambi	15	422	133975	778137	0
Chikklichchippalaiyam	30	223	114975	780092	0
Chikkobanahalli	15	352	147690	764570	0
Chikkobanahalli	15	246	146590	766008	0
Chikkodatgal	15	92	134259	771597	0
Chikkodi	15	77	164290	745880	0
Chikkogalur	15	265	141802	759584	0
Chikkohali	15	92	134951	772904	0
Chikkolale	15	97	133450	757251	0
Chikkole	15	652	131173	758826	0
Chikkolur	15	43	128956	774216	0
Chikkonahalli	15	93	126818	764769	0
Chikkonahalli	15	652	129466	765423	0
Chikkonahalli	15	93	128505	766677	0
Chikkonahalli	15	93	127066	769845	0
Chikkonahallipura	15	93	129412	766338	0
Chikkondahalli	15	652	134784	763242	0
Chikkondanahalli	15	652	129309	764088	0
Chikkonhalli	15	92	128661	771036	0
Chikkop	15	77	158409	754289	0
Chikkoppa	15	603	124006	774647	0
Chikkoratakeri	15	92	131976	771954	0
Chikkorugudem	6	577	178378	813897	0
Chikkote	15	652	130089	758804	0
Chikkoti	15	59	148803	748122	0
Chikkumane	15	59	148192	746141	0
Chikkumulebail	15	55	126478	755117	0
Chikkundur	15	74	118558	764675	0
Chikkuppallam	30	183	105607	779310	0
Chikkur	15	652	133360	762018	0
Chikkur	15	47	132563	784855	0
Chikkur	30	204	116918	772501	0
Chikkuramanpatti	30	183	105119	779815	0
Chikkurubarhalli	15	603	126768	774135	0
Chikla	19	558	240677	753722	0
Chikla	28	428	257324	751202	0
Chikla	10	205	240755	730391	0
Chikla	28	22	242132	731199	0
Chikla	15	55	127497	752444	0
Chikladih	6	634	200817	816304	0
Chiklan	28	22	240865	736571	0
Chiklapur	20	110	195664	796164	0
Chiklar	28	609	240534	746153	0
Chiklar	19	443	219466	779182	0
Chiklatola	19	461	224635	806057	0
Chiklatoli	14	740	234527	846890	0
Chiklaunda	19	635	227699	755498	0
Chikli	19	326	232507	782907	0
Chikli	19	326	230729	785704	0
Chikli	19	326	231662	787903	0
Chikli	20	34	189561	762828	0
Chikli	20	139	211664	791429	0
Chikli	19	648	229440	779426	0
Chikli	19	208	236442	781732	0
Chikli	20	138	192936	780671	0
Chikli	28	321	247963	764038	0
Chikli	19	576	234091	801454	0
Chikli	19	129	222482	746100	0
Chikli	19	129	222309	746129	0
Chikli	19	317	222855	757085	0
Chikli	19	635	225483	759724	0
Chikli	6	676	201167	813473	0
Chikli	10	125	220531	740410	0
Chikli	10	125	220198	740841	0
Chikli	10	125	222070	741086	0
Chikli	19	153	220787	742076	0
Chikli	15	97	133596	756676	0
Chikli Buzurg	20	138	195414	782515	0
Chikli Janwada	15	167	181498	775656	0
Chikli Khurd	20	138	195309	782358	0
Chiklia	19	30	214703	760999	0
Chiklia	19	239	218395	749408	0
Chikliamalan	19	239	218756	748984	0
Chikligoyal	19	334	237252	760773	0
Chiklitan	17	8	344578	765208	0
Chiklur	15	333	136015	752115	0
Chikma	25	305	187157	824798	0
Chikmadalu	15	265	140386	758578	0
Chikmalali	15	265	140451	758629	0
Chikmalali	15	74	124747	761481	0
Chikmalalvadi	15	92	131120	770262	0
Chikmale	15	47	129683	780273	0
Chikmalla	15	71	169348	769330	0
Chikmallur	15	603	126477	771858	0
Chikmandikere	15	422	134921	774918	0
Chikmanklal	15	375	133079	773598	0
Chikmantsala	15	50	159537	774194	0
Chikmara	19	142	217394	797873	0
Chikmara	20	110	202259	797720	0
Chikmara	20	110	206041	797315	0
Chikmarali	15	375	133600	777332	0
Chikmarlihalli	15	91	149250	755014	0
Chikmaskallu	15	603	131787	771775	0
Chikmattur	15	333	140820	749644	0
Chikmoh	20	141	204462	788064	0
Chikmole	15	69	118897	769724	0
Chikmoteragi	30	215	122587	777415	0
Chikmudbal	15	71	168593	767856	0
Chikmuddanhalli	15	422	134075	776970	0
Chikmuddanhalli	15	375	134057	775770	0
Chikmuddanhalli	15	74	122395	761115	0
Chikmukudlu	15	603	123571	775802	0
Chikna	20	139	210237	791378	0
Chikna	20	139	211074	794058	0
Chikna	33	526	269660	782015	0
Chikna	20	390	208660	798734	0
Chikna	27	704	312094	766047	0
Chikna	4	535	262669	864201	0
Chikna Tukum	20	139	209016	794558	0
Chiknagaon Tanda	15	167	176823	769299	0
Chiknagaonwadi	15	167	177015	769345	0
Chiknagnur	15	50	161508	766810	0
Chiknaguda	25	305	188685	824316	0
Chiknai	13	477	324483	755739	0
Chiknai	13	477	324366	755796	0
Chiknai Aria	4	602	254762	874213	0
Chiknaibehar	4	602	254455	875065	0
Chiknaikanahalli	15	97	135781	761178	0
Chiknaikanhalli	15	652	129432	759005	0
Chiknaikanhalli	15	47	129332	781051	0
Chiknajati	33	312	279357	810358	0
Chiknal	12	514	307080	773400	0
Chiknal	15	86	159422	758895	0
Chiknalanahalli	15	92	134423	772330	0
Chiknallur	15	97	137060	760627	0
Chiknangargi	15	71	168174	765786	0
Chiknapur	20	139	215437	794847	0
Chiknarvangal	15	92	133599	770037	0
Chiknatua	4	632	259992	866807	0
Chiknaula	4	632	260147	866861	0
Chiknauta Asli	4	381	262261	849688	0
Chiknauta Kalan	33	269	275062	821924	0
Chiknauta Khurd	33	269	275043	821921	0
Chiknautwa	4	535	265767	862994	0
Chiknayakanhalli	15	92	140507	772574	0
Chiknayakanhalli	15	74	125415	762579	0
Chiknayakanhalli Koppal	15	74	125302	762576	0
Chiknerle	15	74	124842	760491	0
Chikni	12	514	305498	771561	0
Chikni	20	141	206961	784758	0
Chikni	20	110	203500	789270	0
Chikni	19	322	264136	788967	0
Chikni	20	67	200794	778955	0
Chikni	33	694	248010	832702	0
Chikni	20	67	204784	777594	0
Chikni	20	67	203145	779500	0
Chikni	20	67	198588	776460	0
Chikni	33	152	268558	825983	0
Chikni	33	314	269710	832371	0
Chikni	33	623	266128	830351	0
Chikni	4	382	269865	848225	0
Chikni	4	382	268673	847994	0
Chikni	4	569	261262	860145	0
Chikni	4	410	261383	869837	0
Chikni	4	636	257811	866404	0
Chikni	33	278	266577	790104	0
Chikni	33	278	266524	791219	0
Chikni	4	641	262934	873752	0
Chikni	4	641	263458	873790	0
Chikni	4	641	260664	874406	0
Chikni	4	590	256793	871015	0
Chikni	4	590	257983	872954	0
Chikni	4	590	258072	875833	0
Chikni	4	602	258307	878631	0
Chikni	4	381	259432	853750	0
Chikni	4	602	254461	876866	0
Chikni	4	632	260075	867032	0
Chikni Bazar	4	410	261459	869938	0
Chikni Dih	33	522	272997	821833	0
Chikni Pokharia	33	659	273750	798733	0
Chiknia	14	483	241442	868713	0
Chikniadih	33	623	269032	832060	0
Chiknipali	6	374	222014	828097	0
Chiknipali	6	611	217064	828136	0
Chiknipali	25	478	212260	835381	0
Chiknipali	25	297	209456	841806	0
Chiknipar	33	575	264741	818303	0
Chiknitola	6	725	228844	818511	0
Chikniya Purwa	33	698	259337	807042	0
Chiknota	19	338	241277	782027	0
Chiknurhalli	15	97	135928	761395	0
Chikod	31	386	180875	780147	0
Chikod	31	222	182565	786672	0
Chikodu	15	333	140587	748624	0
Chikodu	15	333	142744	750227	0
Chikonhalli	15	92	134680	770530	0
Chikonhalli	15	92	132769	771943	0
Chikonpalya	15	92	132821	771922	0
Chikop	15	77	158413	749140	0
Chikor	14	377	236217	853739	0
Chikor	14	416	231094	852987	0
Chikpal	6	392	187507	817054	0
Chikpalle	6	577	182708	815478	0
Chikpapanhalli	15	422	134337	779371	0
Chikpat	6	384	230821	841069	0
Chikpur	15	652	129541	757859	0
Chikpura	15	47	128459	781449	0
Chikramwadi	20	138	197790	780608	0
Chikrapur	33	451	279728	796619	0
Chikrayappanhalli	15	375	133827	776418	0
Chikri	13	1	338031	743015	0
Chikroguttavalasa	25	305	185066	829688	0
Chiksa	12	460	314420	777195	0
Chiksa	19	503	228641	790175	0
Chiksadenhalli	15	603	126448	774924	0
Chiksaganhalli	15	422	133433	776996	0
Chiksagere	15	92	134736	773413	0
Chiksana	28	113	271886	776560	0
Chiksandi	15	265	138856	759432	0
Chiksarangi	15	92	132649	770640	0
Chiksauli	33	174	276426	773696	0
Chiksi	4	581	252678	848577	0
Chiksil	4	394	251911	843440	0
Chiksona	33	621	256808	799570	0
Chiksugur	15	50	163124	773426	0
Chiksura	14	476	226813	844922	0
Chikta	19	509	251788	788213	0
Chikta	4	718	246887	835737	0
Chikta	4	718	246025	835597	0
Chikta	33	686	268841	794471	0
Chiktalalu	15	74	119035	764321	0
Chiktangali	15	97	135355	760670	0
Chiktatmangala	15	375	132731	777687	0
Chiktawadi	20	151	189668	767009	0
Chiktekhalli	15	422	134961	778772	0
Chikti	33	531	287152	789949	0
Chiktikhal	19	202	221778	764547	0
Chiktipara	6	634	197973	818354	0
Chiktoli	14	541	231858	849260	0
Chiktoli	14	476	226540	844009	0
Chiktoli	14	476	225727	847753	0
Chiktoli	14	476	226187	849121	0
Chiktongritoli	14	310	231985	843166	0
Chiktotlakere	15	92	134514	771171	0
Chiktumkur	15	375	132639	775323	0
Chikudupalem	1	258	176774	821681	0
Chikundra	20	48	178715	762688	0
Chikupalle	31	218	184715	804891	0
Chikupalle	31	218	183002	805669	0
Chikupperi	15	50	162048	763983	0
Chikurapakhal	14	712	240516	836231	0
Chikvobanhalli	15	375	132897	776216	0
Chikwalia	4	675	264407	840537	0
Chikwan ka Purwa	33	626	255467	815361	0
Chikyagati	15	246	138572	761618	0
Chikyala	20	134	190616	799305	0
Chikyalachageri	15	93	124036	772226	0
Chikyalchetti	15	69	116519	767291	0