Ellenabad	11	563	294528	746612	37680
Ellakkudi	30	260	108060	787503	16244
Ellora	20	112	200231	751630	1000
Elladakere	15	246	137872	765671	0
Ellagalagudem	1	25	168263	808431	0
Ellagulagudem	31	46	175836	810040	0
Ellaigramam	30	376	117901	792108	0
Ellaikattuppudur	30	227	109742	776152	0
Ellaikkadambur	30	369	112808	791865	0
Ellaikkadu	30	204	111279	777763	0
Ellaikkaduvalasu	30	204	111579	777491	0
Ellaikkalappatti	30	193	106326	784790	0
Ellaikkattur	30	223	110911	780886	0
Ellaikkirai	30	223	112504	783491	0
Ellainayakkanpatti	30	201	87342	779225	0
Ellaipatti	30	227	107437	777770	0
Ellaippalaiyam	30	204	113991	773748	0
Ellaippalaiyam	30	204	114354	776440	0
Ellaippalaiyam	30	204	113183	775758	0
Ellaippalaiyam	30	204	113648	776754	0
Ellaippalaiyam	30	204	112960	775049	0
Ellaippalaiyam	30	204	111621	777943	0
Ellaippalaiyam	30	204	111435	777986	0
Ellaippalaiyam	30	227	109429	774646	0
Ellaippalaiyam	30	223	111777	781170	0
Ellaippalaiyam Pudur	30	227	109313	774668	0
Ellaippalaiyampudur	30	204	113144	775774	0
Ellaippatti	30	183	102435	780848	0
Ellaippatti	30	183	106599	778134	0
Ellaippatti	30	183	106351	779740	0
Ellaippatti	30	183	105505	778019	0
Ellaippatti	30	183	104289	778415	0
Ellaippatti	30	183	102866	779508	0
Ellaipudur	30	427	108182	779407	0
Ellaisembampalaiyam	30	223	113216	779430	0
Ellaiyur	30	204	110892	778820	0
Ellajogipalli	1	207	128759	784230	0
Ellakkadu Ramachandrapuram	30	427	109458	777740	0
Ellakkal	16	249	100032	770664	0
Ellakkalperambur	30	254	108067	790252	0
Ellakkattuppalaiyam	30	204	112839	776866	0
Ellakuntla	1	207	134236	786716	0
Ellalapatti	30	180	125946	785359	0
Ellalppalaiyam	30	227	112555	773860	0
Ellamanayakkanur	30	427	107081	784218	0
Ellamanda	1	45	138408	790410	0
Ellamanda	1	10	161847	800546	0
Ellamareddiyur	30	51	117052	778621	0
Ellamilli	1	259	171164	820278	0
Ellamilli	1	25	168559	814622	0
Ellammagudem	31	100	167774	791880	0
Ellammanayuduvalasa	1	176	184357	836083	0
Ellammankovilpatti	30	427	108849	782772	0
Ellammapadu	1	194	183852	831390	0
Ellammapadu	1	194	183641	831311	0
Ellammapalli	31	448	163810	788210	0
Ellampadu	1	219	179110	827463	0
Ellampadu	31	46	175520	812180	0
Ellampakal	25	108	181498	821954	0
Ellampalaiyam	30	223	112951	780511	0
Ellampalle	1	221	147328	787719	0
Ellampalle	1	190	141037	788072	0
Ellampalle	1	426	139749	783887	0
Ellampalle	1	190	134133	784967	0
Ellampalle	1	207	134408	786241	0
Ellampalle	30	220	132169	795545	0
Ellampalli	6	577	184153	812438	0
Ellampet	31	300	176833	784899	0
Ellampettai	30	220	133251	799489	0
Ellampudi	1	307	164956	814837	0
Ellamrazpalem	1	10	165814	799453	0
Ellamrazupalli	1	190	142777	791737	0
Ellamrazupalli	1	190	143052	791802	0
Ellamvaripalem	1	10	161665	798467	0
Ellandakunta	31	222	183099	789532	0
Ellanur	30	51	116453	779274	0
Ellanuru	1	99	146978	780752	0
Ellapalaiyam	30	154	111905	770565	0
Ellaparai	30	184	127605	789826	0
Ellapatti	16	249	101280	772097	0
Ellapatti	30	189	98403	773532	0
Ellappadoddi	1	99	146056	770116	0
Ellappalaiyam	30	204	113774	774756	0
Ellappalaiyam	30	227	108476	777274	0
Ellappalaiyam	30	227	106723	776348	0
Ellappalli	30	180	125824	785257	0
Ellappanayakkanpalaiyam	30	376	117169	791907	0
Ellappanayakkanur	30	227	107191	772215	0
Ellappanayakkanur	30	227	107552	775523	0
Ellappapettai	30	184	128084	788987	0
Ellappatti	30	193	104549	785841	0
Ellappatti	30	193	103948	787749	0
Ellappatti	30	183	105831	779890	0
Ellappi	1	219	178581	831380	0
Ellappudayanpatti	30	109	120355	785219	0
Ellapuram	1	258	174916	819238	0
Ellapuram	1	258	175544	820735	0
Ellapuram	1	25	168395	809941	0
Ellapuram	30	220	133126	800387	0
Ellaram	31	58	183576	777717	0
Ellaram	31	32	176779	779116	0
Ellareddipalle	1	426	143167	780872	0
Ellasenpet	31	62	170211	783322	0
Ellasiri	1	45	139414	800211	0
Ellatramiapalli	31	229	183372	796597	0
Ellaturu	30	-1	107333	800167	0
Ellaturu	31	241	167136	800115	0
Ellavaram	1	258	174282	820310	0
Ellavaramdandapeta	1	219	175941	825366	0
Ellavarti	15	246	144042	763736	0
Ellavattula	1	224	153433	786049	0
Ellayapatti	30	193	104488	787350	0
Ellayaur	30	215	125635	778016	0
Ellayyagaripeta	1	453	183512	837930	0
Ellayyapaili	31	271	194061	783943	0
Ellemalam	15	69	120846	773672	0
Ellenpur	33	269	271034	823372	0
Ellenpur Grant	33	522	270482	823309	0
Elleri	30	175	113043	795690	0
Ellibadu	1	258	183817	824928	0
Ellichpur	6	723	222235	815884	0
Ellikalliyur	30	427	107754	780761	0
Ellikuppam	30	220	131993	795854	0
Ellimardoddi	15	603	124428	775107	0
Ellingnar	6	578	187855	818963	0
Ellipalaiyam	30	204	113576	772663	0
Ellivada	1	258	176918	817867	0
Elloti	15	-1	138988	773895	0
Elluganvalasu	30	227	106973	776208	0
Ellupillaichavadi	26	191	119317	798015	0
Elluppalli	30	51	117724	785408	0
Ellurivandlur	1	207	131112	786264	0
Ellutla	1	99	146699	779075	0
Ellutla Bugga	1	99	146622	779176	0