Enubarru	1	176	184321	832279	0
Enugadale	15	422	136226	780752	0
Enuguladinnepadu	1	195	158838	792550	0
Enugulagudem	1	258	173353	816609	0
Enuguntapalaiyam	1	45	139617	799470	0
Enugupalem	1	10	160242	798251	0
Enugutuni	1	219	175878	828857	0
Enuguvalasa	1	176	183200	835513	0
Enumalachintala	1	221	147589	780850	0
Enumalapadi	15	422	136100	781882	0
Enumulachennampalle	1	99	144920	772690	0
Enumuladoddi	1	99	143831	771106	0
Enumuladoddipalle	1	426	141945	783156	0
Enumulanagayapalli	1	221	148402	790476	0
Enumulapalle	1	426	141446	778166	0
Enumulatimmayapalle	1	426	140370	773515	0
Enumulavandlapalle	1	426	141638	780341	0
Enumulavandlapalle	1	426	142638	780534	0
Enumulavandlapalle	1	426	140261	781668	0
Enumulavandlapalle	1	426	140027	782018	0
Enumulavandlapalle	1	190	137229	783008	0
Enumulavaripalle	1	190	138787	782785	0
Enungu	25	305	185164	825564	0
Enupotulavandlapalle	1	190	137336	784663	0
Enur	15	69	117729	770812	0
Enusanivandlapalle	1	190	141100	787773	0
Enusonai	30	215	126150	780178	0
Enuvaripeta	1	453	187287	839117	0