Gola Gokarannath	33	312	280784	804705	58986
Golaghat	3	709	265117	939595	41989
Gola Bazar	33	314	263446	833530	10936
Golaghatia Basti	3	677	259925	928640	9809
Golakganj	3	540	261022	898228	8244
Golkhera	19	635	224382	756600	5409
Gol	28	679	266191	763862	0
Gol	28	330	253765	724404	0
Gol	13	1	338423	743004	0
Gol	28	463	278549	768748	0
Gol	28	115	263414	761944	0
Gol	19	326	229700	782128	0
Gol	19	568	227193	780734	0
Gol Bagh	28	113	272111	775375	0
Gol Bari	35	122	226015	883737	0
Gol Bawri	28	321	247632	761153	0
Gol Bigha	4	507	251118	849282	0
Gol Deota	34	413	297978	795151	0
Gol Nagar	33	644	274995	780097	0
Gol Tanda	31	241	172324	798208	0
Gola	14	377	235335	857172	0
Gola	11	664	303326	770152	0
Gola	28	357	245789	760640	0
Gola	33	174	272588	779201	0
Gola	33	242	254648	830029	0
Gola	33	242	253854	830213	0
Gola	33	27	256009	834351	0
Gola	19	325	222314	783099	0
Gola	33	623	267771	830552	0
Gola	33	314	268113	831859	0
Gola	33	314	267619	832129	0
Gola	33	623	267479	831328	0
Gola	33	314	267485	832503	0
Gola	33	515	263715	836208	0
Gola	13	477	327196	756968	0
Gola	10	133	241409	725288	0
Gola	28	428	262334	743948	0
Gola	19	309	232255	764204	0
Gola	19	335	226934	745905	0
Gola	19	311	228163	764183	0
Gola	4	106	248730	858425	0
Gola	4	535	261478	865230	0
Gola Ahar	14	434	245042	860511	0
Gola Bazar	33	445	272456	790581	0
Gola Bazar	33	515	264387	836090	0
Gola Bazar	33	539	266725	843165	0
Gola Bodasa	25	527	203010	851906	0
Gola Buzurg	15	71	174516	767256	0
Gola Buzurg	31	58	183651	775406	0
Gola Jamun	33	526	271628	781755	0
Gola Ka Bas	28	463	272776	769278	0
Gola Khas	12	348	322644	761692	0
Gola Khurd	15	71	171082	769495	0
Gola Khurd	31	58	183660	775552	0
Gola Lokman	33	526	271614	781866	0
Gola Mauripura	19	129	224549	755619	0
Gola Pipar	34	617	289937	797885	0
Golab ki Purwa	19	512	249879	803397	0
Golabad	33	694	248605	832218	0
Golabahara	6	374	228546	821892	0
Golaband	25	572	207026	825120	0
Golabandh	25	546	213916	839819	0
Golabandh	25	281	213116	857061	0
Golabandh	25	683	213650	846999	0
Golabandh	25	399	208501	849909	0
Golabandha	25	683	214674	851034	0
Golabandha	25	281	214073	853187	0
Golabandha	25	281	214170	853256	0
Golabandha	25	423	201132	845672	0
Golabar	14	732	239210	858799	0
Golabari	35	4	222014	886481	0
Golabari	14	633	244393	877556	0
Golabas	33	613	282266	781206	0
Golabganj	4	507	251214	848881	0
Golabhata	25	572	202708	825988	0
Golabhuj	20	110	201786	797309	0
Golabi Purwa	19	512	249637	803659	0
Golabpur	19	335	226142	746100	0
Golachitoli	14	310	228671	844183	0
Goladabar	14	434	240397	862029	0
Goladgaon	20	112	198336	756162	0
Goladhana	19	325	222336	783074	0
Goladiatola	19	461	222853	807260	0
Goladih	14	541	230934	857706	0
Golag	12	514	307585	770815	0
Golag	12	514	309212	774189	0
Golagadia	25	399	209749	849626	0
Golagadia	25	399	211331	849012	0
Golagadia	25	281	212968	853803	0
Golagadia	25	277	210565	853712	0
Golagam	1	176	180026	834490	0
Golagam	1	176	182198	835519	0
Golagamudi	1	6	143536	799753	0
Golaganapeta	1	176	180334	834020	0
Golaganj	33	451	278195	794813	0
Golaganj	33	451	276485	794350	0
Golaganj	33	659	271606	805902	0
Golaganj	33	659	270205	805730	0
Golagarh	11	415	286478	759717	0
Golagattu	31	90	191438	796535	0
Golaghat	4	457	268556	843745	0
Golaghat	4	602	254297	876031	0
Golagola	25	349	196526	834364	0
Golagola	25	527	201627	850691	0
Golaguda	6	80	188566	803701	0
Golagudem	31	229	186010	803212	0
Golagudem	31	160	193303	795700	0
Golah	33	575	260389	824586	0
Golah	4	491	262328	879729	0
Golaha	4	112	245402	843489	0
Golahalli	15	43	131515	777249	0
Golahera	28	463	279050	765414	0
Golahi	33	688	258885	821362	0
Golahi ka Pura	33	584	250429	819861	0
Golahwa	33	314	269275	833275	0
Golai	19	202	216878	769744	0
Golai	20	132	213138	768787	0
Golai	12	348	323792	765127	0
Golai Buzurg	19	443	221891	779715	0
Golai Khurd	19	443	222017	779931	0
Golai Purwa	33	654	262657	813011	0
Golaisingh ka Pura	33	584	251587	818379	0
Golajhar	6	365	214069	826301	0
Golakhandigai	1	207	132004	793047	0
Golakhara	19	324	243334	770046	0
Golakhera	19	16	240401	771188	0
Golakhera Kalan	19	208	241822	774184	0
Golakot	34	413	297099	796266	0
Golakpur	4	363	256170	847804	0
Golakpur	4	507	252555	850201	0
Golakpur	4	507	251777	850728	0
Golakpur	4	507	250949	851395	0
Golakpur Barawan	4	507	252726	850595	0
Golalpur	33	33	255285	825593	0
Golam Husain Dih	33	280	271656	824714	0
Golamai	33	389	273099	784793	0
Golamau	33	488	273804	808685	0
Golamunda	25	273	198307	830301	0
Golamunda	25	273	200566	827899	0
Golan	12	460	312524	770499	0
Golan	12	267	314491	771391	0
Golan Dhana	19	443	215239	776014	0
Golana	28	321	246880	763398	0
Golana	10	155	224601	724194	0
Golana	34	413	299000	792309	0
Golandar	13	358	330723	757001	0
Golang	13	1	338472	742861	0
Golangaguda	25	305	189773	823842	0
Golanghati	20	185	215659	750512	0
Golani	19	338	240833	784361	0
Golankonda	31	128	175912	791351	0
Golanpati	19	317	225260	760791	0
Golanpatti	33	688	259390	823239	0
Golanpur	33	33	259059	826032	0
Golanpur	10	140	232673	738560	0
Golanpura	19	443	222813	776766	0
Golantra	25	423	192192	847495	0
Golapalli	15	50	163183	766524	0
Golapar	33	314	264360	832687	0
Golapara	19	335	227302	746949	0
Golapartoli	14	673	240571	840773	0
Golapatti	19	502	237855	797530	0
Golapeth	20	138	199078	782219	0
Golapokhari	25	527	202649	851358	0
Golapur	33	688	258774	821131	0
Golapur	33	280	272305	827057	0
Golapur	4	495	251983	854825	0
Golara	33	523	277563	781954	0
Golarahatti	15	246	143919	762995	0
Golari	28	599	264707	774651	0
Golari	19	459	261497	775222	0
Golari ka Pura	19	459	261533	775259	0
Golaria	33	522	269273	822043	0
Golaria	33	31	270134	812428	0
Golaria	33	329	287417	796567	0
Golaria Aral	33	329	284322	789856	0
Golaria Bhindara	34	-1	288171	798841	0
Golaria Bithra Sahrai	34	617	287590	799240	0
Golaria Dhimar	33	329	285109	796756	0
Golaria Dulhan	33	656	287172	798247	0
Golaria Jafarpur	33	656	285533	797055	0
Golaria Sakatpur	33	656	285444	797618	0
Golarian Purwa	33	522	270955	819079	0
Golariya	4	535	262866	864170	0
Golarka	19	420	257631	776400	0
Golarpura	19	648	227733	772173	0
Golasai	14	276	226189	855184	0
Golasar	25	399	209784	847934	0
Golasitoli	14	310	232292	848862	0
Golatola	14	712	244619	837306	0
Golatola	4	112	248692	842118	0
Golatola	4	112	248617	842040	0
Golau Dih	4	718	250495	838241	0
Golaudpur	33	595	276401	819601	0
Golaulim	9	24	156240	741585	0
Golaun	34	692	299150	798390	0
Golavadi	15	652	127407	762563	0
Golawalabagh Ki Marhiya	33	523	277762	783271	0
Golazam	1	176	180470	831673	0
Golbaldi	19	30	212585	763140	0
Golband	14	673	238696	839385	0
Golbavri	19	129	221813	747402	0
Golcha	17	8	345708	761875	0
Golcha ka Tola	19	568	228376	782268	0
Golchinnappanhalli	15	422	134980	778035	0
Golcondakata	31	62	172085	783911	0
Gold	13	1	335874	741445	0
Gold Bavri	19	630	245812	755223	0
Goldaha	14	643	241504	875764	0
Golden Rock	30	260	107823	787245	0
Goldhana	19	443	220052	783051	0
Goldhawa	33	584	249020	820611	0
Goldinne	15	50	161147	768935	0
Goldoddi	1	228	157893	774376	0
Gole ki Garhiya	19	459	267391	782869	0
Gole Nagla	33	329	281410	796260	0
Gole Purwa	19	-1	250179	805102	0
Golea	4	136	258536	861844	0
Golebelur	15	59	139722	745891	0
Golegal	31	128	173752	787386	0
Golegaon	20	49	199555	760635	0
Golegaon	20	53	192886	761619	0
Golegaon	20	151	191087	765744	0
Golegaon	20	151	190487	769164	0
Golegaon	20	138	189703	773604	0
Golegaon	20	138	188901	771396	0
Golegaon	20	138	189553	776635	0
Golegaon	20	138	188423	775065	0
Golegaon	20	132	205494	777665	0
Golegaon	20	132	208940	772793	0
Golegaon	20	54	200836	742828	0
Golegaon	20	112	200201	752691	0
Golegaon Budrukh	20	78	209558	759185	0
Golegaon Buzurg	20	112	204424	757078	0
Golegaon Buzurg	20	49	209348	764924	0
Golegaon Khurd	20	112	204387	757057	0
Golegaon Khurd	20	78	209563	759163	0
Golehatanr	14	673	243081	839689	0
Goleli	33	329	282787	791120	0
Golenahalli	15	652	129337	760713	0
Golepalli	31	272	165066	775539	0
Golepangri	20	53	197275	758405	0
Golepura	33	526	270732	782120	0
Golera ka Kuan	28	550	252484	740259	0
Golet	31	160	192390	793891	0
Goleta	28	463	275403	767007	0
Goleta Ka Bas	28	463	275360	766995	0
Golewala	27	700	307884	747029	0
Golewala	27	542	298257	751558	0
Golewari	20	390	210052	797061	0
Golgaon	19	568	224662	773702	0
Golgaon	19	239	219835	745541	0
Golgaon	25	527	200252	851239	0
Golgaon Kalan	19	503	228316	787577	0
Golgaon Khurd	19	503	228292	787679	0
Golgarhi	33	523	280893	780332	0
Golgatta	31	46	176907	809456	0
Golgeri	15	80	168096	763479	0
Golghat	19	311	225883	760847	0
Golgo	14	732	240347	857100	0
Golgo	14	434	246375	860850	0
Golgo	14	434	244072	863649	0
Golgod	15	59	142956	748734	0
Golgod	15	59	144046	748431	0
Golgodu	15	333	142108	748006	0
Golha	33	688	256895	815120	0
Golha	4	641	260642	871988	0
Golhagaur	33	33	261029	826664	0
Golhalli	15	375	131482	774180	0
Golhalli	20	48	177066	762307	0
Golhalli	15	92	134750	770156	0
Golhalli	15	92	132464	770207	0
Golhalli	15	603	131287	771867	0
Golhalli	15	603	130951	771533	0
Golhalli	15	375	133227	773946	0
Golhalli	15	92	133924	772661	0
Golhalli	15	422	134496	776342	0
Golhalli	15	375	132956	776186	0
Golhalli	15	375	132585	775061	0
Golhalli	15	375	133492	777548	0
Golhalli	15	603	127377	772098	0
Golhalli	15	603	129904	773146	0
Golhalli	15	43	128751	774794	0
Golhalli	15	47	128547	781394	0
Golhalli	15	47	128732	781947	0
Golhalli	15	47	129044	781910	0
Golhamau	33	654	261552	809148	0
Golhan	12	267	314875	770561	0
Golhan Para	33	575	262436	825236	0
Golhanda	4	602	257325	878950	0
Golhanpur	33	196	249978	827807	0
Golhapara	6	723	222452	815533	0
Golharkhapa	20	139	213747	786458	0
Golhata	19	313	247179	811221	0
Golhata	33	623	266650	830383	0
Golhata Unchawatola	19	313	247001	811460	0
Golhatti	4	582	247549	870760	0
Golhaura	33	280	274367	829187	0
Golhaura	33	280	272090	827879	0
Golher	28	302	259754	755293	0
Golhi	19	512	242280	799461	0
Golhia	33	694	250790	832105	0
Golhia	14	434	244171	862904	0
Golhipur	33	532	264216	829807	0
Golhiya	19	354	225770	798461	0
Golhna	14	673	241207	841111	0
Golhua	33	532	264146	829068	0
Goli	13	1	338098	742011	0
Goli	11	664	303240	770129	0
Goli	13	289	340329	740518	0
Goli	11	439	294836	767596	0
Goli	34	533	292975	799785	0
Goli	4	117	245518	852365	0
Goli	4	505	247521	861353	0
Goli	1	10	165893	795238	0
Goli	14	678	235526	848320	0
Goli ka Pura	19	322	264145	791050	0
Goli Muwara	10	124	231562	732339	0
Goli Nagla	33	451	277850	793933	0
Goli Tetariya	4	117	247323	848640	0
Golia	28	428	260668	746803	0
Golia	33	654	261145	812747	0
Golia	4	590	258328	871219	0
Goliadka	15	55	125815	755441	0
Goliahalli	30	215	125419	776373	0
Goliahatti	1	426	138002	770296	0
Goliaka	11	500	281525	765397	0
Goliangadi	15	248	135418	749133	0
Goliapur	33	445	270654	788565	0
Goliavandlapalle	1	190	140667	784749	0
Goliawas	28	120	268516	757485	0
Goliber	15	248	139323	746637	0
Golidari	14	434	241287	861694	0
Goligadde	15	59	149261	747668	0
Goligadde	15	59	149932	747002	0
Golighat	19	443	218854	776727	0
Goligudde	15	248	138860	747746	0
Goligundi	15	652	129782	758649	0
Goligundi	15	652	129709	758958	0
Golihole	15	248	137992	747502	0
Golikai	15	59	143651	748273	0
Golikai	15	59	144130	748560	0
Golikala	13	529	333695	753447	0
Golikar	15	59	144307	747338	0
Golikatta	15	55	130011	751593	0
Golikatta	15	55	130111	750483	0
Golikatte	15	248	136058	748612	0
Golikere	15	248	137515	747609	0
Golikhet	34	589	297937	786486	0
Golikonda	25	108	184907	823596	0
Golikop	15	59	147062	748414	0
Golikoppa	15	333	136057	753558	0
Golikoppa	15	97	135742	753624	0
Golingcha	12	653	316091	775178	0
Golio	28	331	261545	733078	0
Golipalem	1	6	144026	796403	0
Golipalli	1	190	139853	790129	0
Golipur	13	0	344129	741513	0
Golipura	28	599	265010	774410	0
Golipura	28	599	267879	780623	0
Goliputtu	1	258	184295	824812	0
Golitanr	14	678	238360	849036	0
Golitattu	15	55	128449	753676	0
Golitattu	15	55	128408	753443	0
Golitola	19	354	219199	795904	0
Golivari Kottapalem	1	259	170182	820768	0
Golivarigudem	31	100	170677	795534	0
Golivepalle	1	68	163690	809618	0
Goliwal	27	284	311632	761384	0
Goliyon ki Dhani	28	288	282723	757711	0
Goljahalli	15	422	135386	776087	0
Golkaipuram	30	215	125500	776595	0
Golkayapur	33	584	254840	816584	0
Golkera	14	416	227976	850696	0
Golkera	14	276	226297	856013	0
Golkhal	34	413	298730	794327	0
Golkhara	33	561	252938	822980	0
Golkheda	20	78	212370	759389	0
Golkhera	19	30	211659	761914	0
Golkhera	19	202	219676	770415	0
Golkhera	19	443	216322	778704	0
Golki	28	463	276529	769246	0
Golki	28	113	275558	771118	0
Golkonda	31	271	195134	783705	0
Golkumhara	6	676	204538	814047	0
Golla	1	99	145987	772110	0
Golla Buddharam	31	229	184362	800467	0
Golla Onnupalli	30	215	125417	777706	0
Golla Ramayyapalli	31	557	185487	790736	0
Golla Vekur	6	577	183382	815651	0
Golla Venkayyapeta	1	176	184580	834625	0
Gollabanda	31	160	192766	792685	0
Gollabhaman Tanda	31	240	178538	798284	0
Gollachikkanahalli	15	246	138472	766984	0
Gollachimanapalle	1	207	131384	785797	0
Gollachinnaganipalle	1	190	136603	781752	0
Gollachinnenahalli	15	422	136428	776103	0
Golladevanhalli	15	92	134959	772184	0
Golladi Agraharam	1	176	185091	833382	0
Golladoddi	1	426	139615	771173	0
Golladoddi	15	422	135268	777283	0
Golladoddi	1	99	147959	768904	0
Golladoddi	1	99	147603	768694	0
Golladoddi	1	99	147709	768900	0
Golladoddi	1	99	148304	769730	0
Golladoddi	1	99	147723	769784	0
Gollagar	28	288	282657	755712	0
Gollagatla	1	10	159112	797279	0
Gollaguda	31	32	176109	779798	0
Gollaguda	31	306	169460	777617	0
Gollaguda	31	62	173868	781677	0
Gollaguda	31	203	174168	780304	0
Gollaguda	31	62	170554	782107	0
Gollaguda	31	100	171830	793631	0
Gollaguda	25	108	185162	821422	0
Gollaguda	31	160	193883	792951	0
Gollaguda	31	128	175866	789138	0
Gollagudda	1	194	185288	830864	0
Gollagudem	31	60	177169	806241	0
Gollagudem	31	100	170027	790043	0
Gollagudem	31	100	170759	791552	0
Gollagudem	31	100	171888	792799	0
Gollagudem	31	100	171718	792660	0
Gollagudem	31	100	170554	792816	0
Gollagudem	31	100	171902	793913	0
Gollagudem	31	730	178010	799773	0
Gollagudem	31	128	174422	790303	0
Gollagudem	20	134	187455	801833	0
Gollagudem	31	218	184646	804628	0
Gollagudem	31	218	182928	805776	0
Gollagudem	31	218	181826	806419	0
Gollagudem	31	60	180821	807704	0
Gollagudem	1	25	168794	810223	0
Gollagudem	1	25	165287	811289	0
Gollagudem	1	25	169018	812500	0
Gollagudem	1	25	168696	813687	0
Gollagudem	1	25	165232	812892	0
Gollagudem	1	68	163915	813699	0
Gollagudem	1	307	168190	815185	0
Gollagudem	1	307	168873	815728	0
Gollagudem	1	103	170469	805479	0
Gollagudem	31	46	172066	807050	0
Gollagudem	31	46	171995	807322	0
Gollagudem	31	46	170735	806684	0
Gollagudem	1	103	170207	807261	0
Gollagudem	31	60	177867	808566	0
Gollagudem	31	46	176463	809128	0
Gollagudem	31	46	177365	809085	0
Gollagudem	1	103	169806	807051	0
Gollagudem	1	25	168053	808024	0
Gollagudem	1	25	168131	808659	0
Gollagudem	1	25	168674	808492	0
Gollagudem	1	68	164400	807813	0
Gollagudem	1	68	163113	809697	0
Gollagudem	31	46	176132	810568	0
Gollagudem	31	46	174974	812111	0
Gollagudem	1	25	170354	810137	0
Gollagudem	1	25	170083	811506	0
Gollagudem	1	25	170919	810878	0
Gollagudem	31	60	172400	811403	0
Gollagudem	31	46	174828	812571	0
Gollagudem	1	25	172411	813407	0
Gollagudem	1	25	171348	812956	0
Gollagudem	1	25	171692	813671	0
Gollagudem	31	63	189570	790737	0
Gollagudem Tanda	31	730	174981	797150	0
Gollagudiam	6	577	184249	811924	0
Gollagudiam	6	577	183234	815521	0
Gollagudiam	6	577	184313	816402	0
Gollagudiam	25	108	181729	815568	0
Gollagundam	31	448	163857	784795	0
Gollagunta	1	45	139256	796995	0
Gollaguppa	31	46	177663	811195	0
Gollagura	31	160	193189	793299	0
Gollagura	31	160	192974	794254	0
Gollagura	31	160	193093	794543	0
Gollaguruvenahalli	15	47	129676	783983	0
Gollagutta	1	224	154061	781926	0
Gollagutta Tanda	31	240	178339	796388	0
Gollahalli	1	426	139955	770829	0
Gollahalli	15	92	138506	771468	0
Gollahalli	15	92	136712	771187	0
Gollahalli	15	92	135165	771754	0
Gollahalli	15	92	134675	771874	0
Gollahalli	15	92	139042	774044	0
Gollahalli	1	426	139087	772745	0
Gollahalli	15	92	138033	772921	0
Gollahalli	15	422	136286	774640	0
Gollahalli	15	422	136252	773701	0
Gollahalli	15	92	134321	773450	0
Gollahalli	15	422	137195	775801	0
Gollahalli	15	422	136594	775257	0
Gollahalli	15	422	135068	777344	0
Gollahalli	15	246	147130	767463	0
Gollahalli	15	246	144258	765013	0
Gollahalli	15	246	141231	766527	0
Gollahalli	15	246	140578	767906	0
Gollahalli	15	422	136599	779063	0
Gollahalli	15	422	136156	778797	0
Gollahalli	15	422	135544	779849	0
Gollahalli	15	603	129660	771635	0
Gollahalli	15	603	127029	773971	0
Gollahalli	15	603	125000	774582	0
Gollahalli	15	603	123790	774644	0
Gollahalli	15	603	126468	775212	0
Gollahalli	15	422	136404	780452	0
Gollahalli	15	422	137033	780162	0
Gollahalli	15	422	133605	781029	0
Gollahalli	15	47	131001	780179	0
Gollahalli	15	47	130408	781408	0
Gollahalli	1	-1	133398	784060	0
Gollahalli	15	47	132603	783814	0
Gollahalli	15	47	132346	784431	0
Gollahalli	15	47	130365	782937	0
Gollahalli	15	47	131761	785158	0
Gollahalli	30	215	127510	779371	0
Gollahalli	30	215	127460	779701	0
Gollahalli	30	215	125440	780014	0
Gollahalli	30	109	121295	780188	0
Gollahalli	30	109	121869	781304	0
Gollahalli	30	109	121700	782141	0
Gollahalli	15	47	129330	782731	0
Gollahalli	15	47	129102	783111	0
Gollahalli	1	207	128848	783561	0
Gollahalli	30	109	122853	782504	0
Gollahalli	30	215	124460	783818	0
Gollahalli Chellappanur	30	109	124167	780356	0
Gollahatti	1	426	139394	770929	0
Gollahatti	1	426	139599	771247	0
Gollahatti	1	426	139248	771989	0
Gollahatti	1	426	139062	770819	0
Gollahatti	1	426	138669	770594	0
Gollahatti	1	426	138136	771181	0
Gollahatti	1	426	138319	771551	0
Gollahatti	1	426	138413	771189	0
Gollahatti	15	92	136748	770922	0
Gollahatti	15	92	135415	770682	0
Gollahatti	1	426	139385	772502	0
Gollahatti	1	99	145067	769015	0
Gollaigudem	1	25	166773	807332	0
Gollaigudem	1	25	166403	807265	0
Gollakandukuru	1	6	145168	798010	0
Gollakhandriga	1	45	134594	793024	0
Gollakhandriga	1	207	133918	793984	0
Gollakhandriga	1	45	134099	794948	0
Gollakhandriga	1	207	133422	795534	0
Gollakhandriga	1	207	133375	796401	0
Gollakhandriga	1	45	134391	797155	0
Gollakondayyanahalli	1	99	148953	769213	0
Gollakota	31	447	180443	792116	0
Gollakota	31	90	188585	792612	0
Gollakottayi	30	184	127744	788411	0
Gollakunta	31	386	179607	779492	0
Gollakunta Tanda	31	62	170489	782524	0
Gollakuppam	30	180	127193	786292	0
Gollakuppam	30	220	132959	795203	0
Gollaladibba	1	6	149081	795689	0
Gollaladoddi	1	99	143772	769124	0
Gollaladoddi	1	228	157929	776655	0
Gollalaguduru	1	221	144136	783230	0
Gollalagunta	1	259	172203	820655	0
Gollalakuppam	30	220	132487	796034	0
Gollalamulagam	1	176	182347	836140	0
Gollalapalem	1	219	177532	827459	0
Gollalapalem	1	219	178077	828232	0
Gollalapalem	1	219	177836	827874	0
Gollalapalem	1	219	177889	828636	0
Gollalapalem	1	219	177914	828415	0
Gollalapalem	1	176	181536	832210	0
Gollalapalem	1	176	182169	836269	0
Gollalapalem	1	219	178756	830631	0
Gollalapalem	1	81	177699	831638	0
Gollalapalem	1	81	178000	832056	0
Gollalapalem	1	176	179142	832012	0
Gollalapalem	1	219	179142	831184	0
Gollalapalem	1	176	179070	831540	0
Gollalauppalapadu	1	221	149704	782886	0
Gollalavalasa	1	176	184043	835922	0
Gollalingammanahalli	15	44	149710	766655	0
Gollalupalem	1	81	180547	833570	0
Gollalupeta	1	176	184559	833871	0
Gollalupeta	1	176	180658	833791	0
Gollalupeta	1	176	180955	834548	0
Gollamadugu	1	207	130427	791502	0
Gollamandala	1	103	169814	806718	0
Gollamangalam	30	184	128759	788978	0
Gollamothi	30	215	123057	777509	0
Gollamudi	1	103	167828	803535	0
Gollamudi	1	308	163301	805251	0
Gollanagayanahalli	15	44	152134	770818	0
Gollanahalli	15	652	130899	760667	0
Gollanayakguda	31	100	172488	793688	0
Gollanayakkanur	30	215	122858	785258	0
Gollapada	6	577	184722	815976	0
Gollapadu	1	10	163053	800827	0
Gollapadu	25	305	185369	830889	0
Gollapalaiyam	30	220	132692	798383	0
Gollapalaiyam	1	45	134883	799845	0
Gollapalem	1	6	143114	797924	0
Gollapalem	1	45	141037	797895	0
Gollapalem	1	308	161819	804941	0
Gollapalem	1	308	163282	806513	0
Gollapalem	1	308	163488	807202	0
Gollapalem	1	308	163002	806900	0
Gollapalem	1	176	182627	835098	0
Gollapalem	1	176	184244	837502	0
Gollapalem	1	81	178062	831799	0
Gollapalem	1	81	178460	831702	0
Gollapalem	1	176	178528	831955	0
Gollapalem	1	212	158076	802210	0
Gollapalem	1	212	156232	802347	0
Gollapalem	1	195	155928	802150	0
Gollapalem	1	195	152537	800016	0
Gollapalem	1	195	153766	801155	0
Gollapalem	1	212	157111	802665	0
Gollapalem	1	6	148782	800650	0
Gollapalem	1	6	148374	800731	0
Gollapalem	1	212	159206	804876	0
Gollapalem	1	212	158963	805010	0
Gollapalem	1	212	158829	805280	0
Gollapalem	1	212	159629	806624	0
Gollapalem	1	212	159821	806987	0
Gollapalem	1	6	146326	800077	0
Gollapalem	1	6	146159	800020	0
Gollapalem	1	6	145081	801021	0
Gollapalem	1	6	143096	800564	0
Gollapalem	1	6	143461	801359	0
Gollapalem	1	6	143671	801388	0
Gollapalem	1	68	159270	810327	0
Gollapalem	1	195	159049	795707	0
Gollapalem	1	10	159779	797884	0
Gollapalem	1	195	152500	798373	0
Gollapalem	1	6	152440	798916	0
Gollapalem	1	6	148370	796797	0
Gollapalem	1	6	145446	798953	0
Gollapalem	1	45	140744	799041	0
Gollapalem	1	45	138738	797721	0
Gollapalem	1	45	137883	799685	0
Gollapalem	1	45	135145	799444	0
Gollapalem	1	307	164430	815701	0
Gollapalem	1	6	152207	799900	0
Gollapalle	1	25	167263	809073	0
Gollapalle	1	221	149767	782801	0
Gollapalle	1	258	180459	828311	0
Gollapalle	1	25	169820	810453	0
Gollapalle	1	25	169525	810526	0
Gollapalle	1	258	179600	822562	0
Gollapalle	1	308	163027	805390	0
Gollapalle	1	176	185690	833750	0
Gollapalle	1	176	184328	834892	0
Gollapalle	1	99	146708	775003	0
Gollapalle	1	99	145577	776395	0
Gollapalle	1	426	143743	777062	0
Gollapalle	1	426	144439	777019	0
Gollapalle	1	426	142004	775945	0
Gollapalle	1	99	146429	777728	0
Gollapalle	1	426	139091	775267	0
Gollapalle	1	426	139430	776764	0
Gollapalle	1	426	138294	776433	0
Gollapalle	1	426	138078	776741	0
Gollapalle	1	426	139425	777609	0
Gollapalle	1	426	139726	779976	0
Gollapalle	1	99	146489	767916	0
Gollapalle	1	224	153112	779220	0
Gollapalle	1	99	144319	772270	0
Gollapalle	1	221	147575	787338	0
Gollapalle	1	221	148320	787035	0
Gollapalle	1	224	153817	786048	0
Gollapalle	1	426	142880	781073	0
Gollapalle	1	426	141715	782415	0
Gollapalle	1	426	141115	782478	0
Gollapalle	1	221	148296	789137	0
Gollapalle	1	221	147467	789115	0
Gollapalle	1	221	144996	789048	0
Gollapalle	1	221	144540	789962	0
Gollapalle	1	221	143983	788215	0
Gollapalle	1	190	141791	787736	0
Gollapalle	1	426	139353	781744	0
Gollapalle	1	190	137433	781124	0
Gollapalle	1	190	137421	781613	0
Gollapalle	1	190	136674	782033	0
Gollapalle	1	190	137032	781286	0
Gollapalle	1	426	139461	782745	0
Gollapalle	1	426	139934	784005	0
Gollapalle	1	190	139226	783989	0
Gollapalle	1	190	139269	784496	0
Gollapalle	1	190	138402	784400	0
Gollapalle	1	190	138784	782940	0
Gollapalle	1	190	137796	783308	0
Gollapalle	1	190	137602	782835	0
Gollapalle	1	190	137034	784063	0
Gollapalle	1	190	137148	784898	0
Gollapalle	1	190	135087	784242	0
Gollapalle	1	190	134631	784400	0
Gollapalle	1	190	134288	784933	0
Gollapalle	1	190	133594	784699	0
Gollapalle	1	207	133896	786153	0
Gollapalle	1	207	131587	786823	0
Gollapalle	30	180	127058	785115	0
Gollapalle	1	426	140932	783552	0
Gollapalle	1	221	144351	787353	0
Gollapalle	1	190	142856	787136	0
Gollapalle	1	190	142653	786352	0
Gollapalle	1	190	141828	786058	0
Gollapalle	1	190	142048	786509	0
Gollapalle	1	190	141057	786664	0
Gollapalle	1	195	155970	792174	0
Gollapalle	1	195	159259	793970	0
Gollapalle	1	195	159041	793292	0
Gollapalle	1	6	150408	793437	0
Gollapalle	1	195	156993	796285	0
Gollapalle	1	6	150522	797089	0
Gollapalle	1	195	153454	794468	0
Gollapalle	1	6	150930	798622	0
Gollapalle	1	45	140562	796414	0
Gollapalle	1	45	140257	795581	0
Gollapalle	30	220	132841	794490	0
Gollapalle	1	45	138227	795309	0
Gollapalle	1	45	136708	795239	0
Gollapalle	30	220	131815	797405	0
Gollapalle	1	426	140386	780487	0
Gollapalle	1	426	141174	783254	0
Gollapalle	1	426	140800	783258	0
Gollapalle	1	426	140509	783888	0
Gollapalle	1	190	142291	787488	0
Gollapalleagraharam	1	221	143798	788195	0
Gollapallegatta	1	426	139863	781786	0
Gollapallevandlapalle	1	190	137674	784596	0
Gollapalli	31	222	183876	786351	0
Gollapalli	6	577	179310	810716	0
Gollapalli	31	62	172373	783992	0
Gollapalli	31	32	175111	780368	0
Gollapalli	31	386	177924	782994	0
Gollapalli	31	386	179674	785224	0
Gollapalli	31	447	178040	788182	0
Gollapalli	31	144	163507	782179	0
Gollapalli	31	100	166629	788453	0
Gollapalli	31	178	175198	793680	0
Gollapalli	31	240	179256	797187	0
Gollapalli	31	240	179181	798058	0
Gollapalli	31	240	178706	798379	0
Gollapalli	31	240	178545	797518	0
Gollapalli	31	306	168169	781656	0
Gollapalli	31	448	163060	785597	0
Gollapalli	31	100	168981	787608	0
Gollapalli	31	75	187707	781945	0
Gollapalli	31	75	186384	781834	0
Gollapalli	31	58	183911	783532	0
Gollapalli	31	58	183013	784080	0
Gollapalli	31	75	185457	785538	0
Gollapalli	31	63	187740	789362	0
Gollapalli	31	222	185651	788027	0
Gollapalli	31	63	187253	788945	0
Gollapalli	31	222	182773	789530	0
Gollapalli	31	222	184484	788910	0
Gollapalli	15	422	137722	779733	0
Gollapalli	31	90	190218	796385	0
Gollapalli	31	717	184565	792441	0
Gollapalli	31	717	186255	793220	0
Gollapalli	31	717	184080	794804	0
Gollapalli	31	557	183794	794596	0
Gollapalli	31	557	181889	792741	0
Gollapalli	31	61	180525	793335	0
Gollapalli	31	386	178449	784245	0
Gollapalli	15	422	137363	778706	0
Gollapalli	15	422	136846	778752	0
Gollapalli	15	422	137449	778266	0
Gollapalli	30	215	125035	777135	0
Gollapalli	15	422	137843	780797	0
Gollapalli	15	422	135145	780599	0
Gollapalli	15	422	135298	781994	0
Gollapalli	15	422	135339	780898	0
Gollapalli	15	422	134236	781025	0
Gollapalli	15	422	134332	781235	0
Gollapalli	15	47	134813	782788	0
Gollapalli	15	47	134848	783631	0
Gollapalli	15	47	134499	783380	0
Gollapalli	30	215	125733	778079	0
Gollapalli	30	215	126756	778900	0
Gollapalli	30	215	128261	780124	0
Gollapalli	30	215	127518	781545	0
Gollapalli	30	215	126530	780343	0
Gollapalli	30	215	126128	781368	0
Gollapalli	30	215	125569	782287	0
Gollapalli	30	109	121217	781759	0
Gollapalli	15	-1	128543	782999	0
Gollapalli	1	207	127969	782592	0
Gollapalli	1	207	128497	783414	0
Gollapalli	1	207	129463	784286	0
Gollapalli	15	-1	128810	784433	0
Gollapalli	1	207	126952	783527	0
Gollapalli	30	215	124129	776785	0
Gollapalli	1	221	147205	790088	0
Gollapalli	1	221	148139	790636	0
Gollapalli	1	221	144501	791267	0
Gollapalli	1	190	142617	791041	0
Gollapalli	1	190	142377	791819	0
Gollapalli	1	190	141618	792107	0
Gollapalli	1	190	141684	792253	0
Gollapalli	1	190	140832	792257	0
Gollapalli	1	190	141870	793364	0
Gollapalli	1	190	141922	793096	0
Gollapalli	1	190	141266	793504	0
Gollapalli	1	190	140745	793453	0
Gollapalli	1	190	140786	792853	0
Gollapalli	1	190	140641	792637	0
Gollapalli	1	190	140442	793251	0
Gollapalli	1	6	144504	796759	0
Gollapalli	1	6	141245	796275	0
Gollapalli	1	45	137917	790330	0
Gollapalli	1	45	137751	791130	0
Gollapalli	1	45	137591	791073	0
Gollapalli	1	45	137409	791022	0
Gollapalli	1	45	137104	791917	0
Gollapalli	1	207	136899	790645	0
Gollapalli	1	45	136577	791634	0
Gollapalli	1	45	136234	791425	0
Gollapalli	1	45	136401	791100	0
Gollapalli	1	207	135816	790264	0
Gollapalli	1	207	135738	790041	0
Gollapalli	1	45	135030	791278	0
Gollapalli	1	45	135032	790723	0
Gollapalli	1	45	136680	791724	0
Gollapalli	1	45	134567	791117	0
Gollapalli	1	45	134626	790631	0
Gollapalli	1	207	133987	791494	0
Gollapalli	1	207	133166	791356	0
Gollapalli	1	207	133238	791733	0
Gollapalli	1	207	133209	791816	0
Gollapalli	1	207	132182	790330	0
Gollapalli	1	207	131463	790182	0
Gollapalli	1	207	131200	790102	0
Gollapalli	1	207	131759	791489	0
Gollapalli	1	207	132497	792172	0
Gollapalli	1	207	131049	791766	0
Gollapalli	1	207	132014	792531	0
Gollapalli	30	184	131035	792634	0
Gollapalli	1	45	138307	795925	0
Gollapalli	1	45	139700	796601	0
Gollapalli	1	45	135471	795195	0
Gollapalli	1	45	137447	797125	0
Gollapalli	1	45	134327	795311	0
Gollapalli	1	45	139873	797504	0
Gollapalli	1	45	133205	797894	0
Gollapalli	1	-1	183727	786792	0
Gollapalli	1	-1	179241	785880	0
Gollapallineranuru	1	45	141089	797284	0
Gollapatti	15	422	138440	780426	0
Gollapatti	30	109	122987	780558	0
Gollapatti	30	109	122884	782487	0
Gollapatti	30	109	121022	781644	0
Gollapatti	30	183	106694	781148	0
Gollapatti	30	183	104580	781336	0
Gollapatti	30	183	105039	778370	0
Gollapet	1	-1	190888	783488	0
Gollapeta	1	10	166979	800235	0
Gollapeta	1	219	175304	825371	0
Gollapeta	1	176	185431	832855	0
Gollapeta	1	176	182361	833633	0
Gollapeta	1	194	186326	836461	0
Gollapeta	1	176	181070	835297	0
Gollapeta	1	176	180683	835493	0
Gollapeta	1	176	180635	835480	0
Gollapeta	1	176	180066	835349	0
Gollapeta	1	453	181373	837488	0
Gollapeta	1	453	184504	838422	0
Gollapeta	1	453	184118	839281	0
Gollapeta	1	453	184821	839525	0
Gollapeta	1	453	182867	839493	0
Gollapeta	1	453	182007	838280	0
Gollapeta	1	176	179604	832308	0
Gollapeta	1	6	147630	797090	0
Gollappalaiyam	30	204	115887	776070	0
Gollappalli	30	215	125293	783241	0
Gollappalli	30	215	125718	783497	0
Gollappatti	30	109	122297	780090	0
Gollappatti	30	215	122999	784639	0
Gollappatti	30	109	121710	782879	0
Gollappatti	30	109	122387	783287	0
Gollappatti	30	215	121927	784222	0
Gollappatti	30	51	116144	778056	0
Gollappatti	30	51	115815	779362	0
Gollappatti	30	223	114389	777867	0
Gollappatti	30	223	113592	778799	0
Gollappatti	30	154	106871	770946	0
Gollappatti	30	227	106994	775444	0
Gollappatti	30	223	115040	780417	0
Gollappattivalasu	30	183	106369	776838	0
Gollaprolu	1	259	171575	822847	0
Gollapudi	1	103	165413	805784	0
Gollapudi	1	103	170513	805051	0
Gollapudi	1	25	171149	808820	0
Gollapudi	1	25	168962	809699	0
Gollapudi	1	25	172527	813669	0
Gollapudi Agraharam	1	212	160230	803530	0
Gollapur	31	271	193910	782664	0
Gollapuram	15	-1	137293	775257	0
Gollapuram	30	180	128625	788354	0
Gollar Timmanhalli	15	652	129957	759833	0
Gollarabudi	6	392	185215	813387	0
Gollaradoddi	15	352	146606	764555	0
Gollaradoddi	15	352	146823	764673	0
Gollaradoddi	15	352	145860	764541	0
Gollaradoddi	15	352	146142	764715	0
Gollaradoddi	15	246	140015	765696	0
Gollaradoddi	15	246	141583	765593	0
Gollaradoddi	15	603	128962	771587	0
Gollaradoddi	15	603	125018	771349	0
Gollarahalli	15	265	142414	756684	0
Gollarahalli	15	92	138510	771402	0
Gollarahalli	1	426	137777	771659	0
Gollarahalli	15	97	136152	759004	0
Gollarahalli	15	97	136715	759375	0
Gollarahalli	15	97	135469	759612	0
Gollarahalli	15	352	149157	762179	0
Gollarahalli	15	265	144913	760715	0
Gollarahalli	15	246	144204	762510	0
Gollarahalli	15	246	140322	763882	0
Gollarahalli	15	246	140156	763592	0
Gollarahalli	15	246	140850	767968	0
Gollarahalli	15	246	139278	761826	0
Gollarahalli	15	652	133365	762115	0
Gollarahalli	15	652	132649	761988	0
Gollarahalli	15	246	136952	764155	0
Gollarahalli	15	246	137143	764845	0
Gollarahalli	15	93	127805	767007	0
Gollarahalli	15	93	127986	768542	0
Gollarahalli	15	352	151085	763705	0
Gollarahalli	15	92	140561	771397	0
Gollarahatti	1	426	138906	772185	0
Gollarahatti	1	426	138806	772071	0
Gollarahatti	15	92	138492	771675	0
Gollarahatti	15	92	138106	772287	0
Gollarahatti	15	92	138423	772177	0
Gollarahatti	15	92	137406	771489	0
Gollarahatti	15	92	135038	771274	0
Gollarahatti	15	92	136132	772337	0
Gollarahatti	15	92	137650	772654	0
Gollarahatti	15	92	137563	772542	0
Gollarahatti	15	92	137661	772558	0
Gollarahatti	15	265	144654	759830	0
Gollarahatti	15	265	144096	759900	0
Gollarahatti	15	265	144830	761922	0
Gollarahatti	15	246	144081	762042	0
Gollarahatti	15	246	143371	762114	0
Gollarahatti	15	352	149595	763595	0
Gollarahatti	15	44	149807	764630	0
Gollarahatti	15	352	148776	763573	0
Gollarahatti	15	352	146394	764105	0
Gollarahatti	15	265	145863	762926	0
Gollarahatti	15	265	145985	762869	0
Gollarahatti	15	265	145992	763980	0
Gollarahatti	15	265	145768	764529	0
Gollarahatti	15	265	145321	762925	0
Gollarahatti	15	265	145176	763272	0
Gollarahatti	15	265	145167	763491	0
Gollarahatti	15	265	145607	763511	0
Gollarahatti	15	265	145303	764178	0
Gollarahatti	15	265	145186	764420	0
Gollarahatti	15	265	145084	764079	0
Gollarahatti	15	265	144351	763106	0
Gollarahatti	15	265	144567	763058	0
Gollarahatti	15	265	144193	762971	0
Gollarahatti	15	246	143956	763594	0
Gollarahatti	15	246	144077	763684	0
Gollarahatti	15	246	143369	762977	0
Gollarahatti	15	246	143538	763331	0
Gollarahatti	15	246	143690	764371	0
Gollarahatti	15	246	143121	762536	0
Gollarahatti	15	246	142928	762738	0
Gollarahatti	15	246	142564	763349	0
Gollarahatti	15	246	142625	764051	0
Gollarahatti	15	246	142555	764464	0
Gollarahatti	15	246	143318	762876	0
Gollarahatti	15	246	142288	762798	0
Gollarahatti	15	246	142385	763306	0
Gollarahatti	15	246	142280	763260	0
Gollarahatti	15	246	142081	763571	0
Gollarahatti	15	246	141048	762689	0
Gollarahatti	15	246	140274	763273	0
Gollarahatti	15	246	140079	762802	0
Gollarahatti	15	246	142446	765607	0
Gollarahatti	15	246	143240	765000	0
Gollarahatti	15	246	143003	765441	0
Gollarahatti	15	246	140852	765005	0
Gollarahatti	15	246	140198	765187	0
Gollarahatti	15	246	140604	765510	0
Gollarahatti	15	246	140991	766383	0
Gollarahatti	15	246	140859	766279	0
Gollarahatti	15	246	140782	766448	0
Gollarahatti	15	246	140714	766317	0
Gollarahatti	15	246	140122	766618	0
Gollarahatti	15	246	140923	766560	0
Gollarahatti	15	246	141924	767463	0
Gollarahatti	15	246	141394	767239	0
Gollarahatti	15	246	140347	767458	0
Gollarahatti	15	97	134894	760251	0
Gollarahatti	15	97	134678	760116	0
Gollarahatti	15	97	134401	760251	0
Gollarahatti	15	97	133612	760153	0
Gollarahatti	15	652	132580	760690	0
Gollarahatti	15	652	132825	760971	0
Gollarahatti	15	97	134852	760736	0
Gollarahatti	15	652	133334	761094	0
Gollarahatti	15	652	134278	761567	0
Gollarahatti	15	652	134549	762289	0
Gollarahatti	15	652	133754	762142	0
Gollarahatti	15	652	133456	761890	0
Gollarahatti	15	652	132874	762309	0
Gollarahatti	15	652	133997	762457	0
Gollarahatti	15	652	134273	762436	0
Gollarahatti	15	652	133250	762417	0
Gollarahatti	15	246	136923	763008	0
Gollarahatti	15	246	138183	763107	0
Gollarahatti	15	246	138527	763918	0
Gollarahatti	15	246	138274	764621	0
Gollarahatti	15	97	135096	762802	0
Gollarahatti	15	246	137326	763500	0
Gollarahatti	15	246	139113	765054	0
Gollarahatti	15	246	139008	765316	0
Gollarahatti	15	246	139140	765676	0
Gollarahatti	15	246	139703	765679	0
Gollarahatti	15	246	139077	766469	0
Gollarahatti	15	246	137849	766886	0
Gollarahatti	15	246	138444	767160	0
Gollarahatti	15	246	138310	767377	0
Gollarahatti	15	246	138249	767365	0
Gollarahatti	15	246	137893	767347	0
Gollarahatti	15	92	138896	767494	0
Gollarahatti	15	93	129157	767943	0
Gollarahatti	15	93	129030	768080	0
Gollarahatti	15	92	140901	771820	0
Gollarahosahalli	15	652	129899	764041	0
Gollardoddi	15	93	127474	767672	0
Gollardoddi	15	92	129457	770225	0
Gollardoddi	15	603	128771	771920	0
Gollardoddi	15	603	127975	772285	0
Gollardoddi	15	603	125184	772299	0
Gollardoddi	15	603	126811	772617	0
Gollardoddi	15	603	126764	772656	0
Gollardoddi	15	603	126699	772908	0
Gollardoddi	15	603	126362	772570	0
Gollardoddi	15	603	125859	772744	0
Gollardoddi	15	603	126168	775582	0
Gollargutta	20	134	197095	798452	0
Gollarhalli	15	92	133883	770334	0
Gollarhalli	15	375	132800	772496	0
Gollarhalli	15	265	141749	759723	0
Gollarhalli	15	92	129604	770474	0
Gollarhalli	15	603	129885	771836	0
Gollarhalli	15	92	128740	770393	0
Gollarhatti	15	91	147236	750303	0
Gollarhatti	15	91	147120	750814	0
Gollarhatti	15	92	134844	770486	0
Gollarhatti	15	92	134704	770193	0
Gollarhatti	15	92	134360	770149	0
Gollarhatti	15	92	133774	770209	0
Gollarhatti	15	92	133095	770014	0
Gollarhatti	15	92	132613	771801	0
Gollarhatti	15	92	132535	770467	0
Gollarhatti	15	92	132398	770205	0
Gollarhatti	15	603	130546	772382	0
Gollarhatti	15	92	131768	770197	0
Gollarhatti	15	92	134710	772705	0
Gollarhatti	15	92	134195	772572	0
Gollarhatti	15	92	134384	772557	0
Gollarhatti	15	352	145653	759615	0
Gollarhatti	15	265	140976	758976	0
Gollarhatti	15	265	140908	759408	0
Gollarhatti	15	265	141376	759519	0
Gollarhatti	15	265	139450	759814	0
Gollarhatti	15	265	141846	760420	0
Gollarhatti	15	246	142285	760777	0
Gollarhatti	15	246	142303	761336	0
Gollarhatti	15	246	141859	761952	0
Gollarhatti	15	265	141660	760464	0
Gollarhatti	15	246	141539	761280	0
Gollarhatti	15	246	141419	761473	0
Gollarhatti	15	246	141044	761908	0
Gollarhatti	15	246	140482	761299	0
Gollarhatti	15	246	140224	761499	0
Gollarhatti	15	246	140683	761896	0
Gollarhatti	15	246	140113	760635	0
Gollarhatti	15	97	138615	760401	0
Gollarhatti	15	97	138737	760736	0
Gollarhatti	15	246	139273	761184	0
Gollarhatti	15	246	138453	761757	0
Gollarhatti	15	246	137920	762309	0
Gollarhatti	15	97	137332	761300	0
Gollarhatti	15	97	137031	761473	0
Gollarhatti	15	97	135715	761968	0
Gollarhatti	15	97	135148	762404	0
Gollarhatti	15	603	128968	771614	0
Gollarhatti	15	265	141943	760021	0
Gollarhoshall	15	74	124194	759947	0
Gollarpalya	15	43	130222	774032	0
Gollarpalya	15	603	129757	772793	0
Gollarpalya	15	603	127526	774519	0
Gollarpalya	15	43	129958	774787	0
Gollarpatti	30	51	119035	778188	0
Gollarukoppa	15	333	140951	749821	0
Gollarvalasa	1	258	183956	828501	0
Gollavadikandigai	1	45	139318	798671	0
Gollavalasa	1	194	188840	835197	0
Gollavalasa	1	176	184803	837911	0
Gollavandla Indlu	1	25	168861	813459	0
Gollavandlapalle	1	190	137797	783220	0
Gollavanipalem	1	176	180770	836528	0
Gollavarahalli	15	422	135289	777594	0
Gollavaripalaiyam	1	45	135330	799928	0
Gollavaripalem	1	212	159636	802489	0
Gollavaripalle	1	426	139613	779483	0
Gollavaripalle	1	426	141356	780999	0
Gollavaripalle	1	426	139205	782307	0
Gollavaripalle	1	190	135407	784315	0
Gollavaripalle	1	6	149659	795240	0
Gollavaripalli	1	190	141141	791688	0
Gollavaripalli	1	207	131593	792319	0
Gollavidipi	1	195	160168	793300	0
Gollawadi	31	58	184623	781465	0
Gollayi	31	46	174862	812121	0
Gollelmamidi	1	258	180771	828029	0
Gollepalli	31	128	173311	790167	0
Gollepalli	31	128	173371	790136	0
Gollhallipalya	15	92	132509	771496	0
Golliguda	25	349	195425	838036	0
Golliguda	25	349	193265	839888	0
Golliriguda	25	305	188558	824406	0
Gollodivalasa	1	194	187397	834968	0
Gollupalem	1	176	182697	832840	0
Gollur	30	215	126245	782387	0
Golluru	1	207	131394	791562	0
Golmadag	31	346	191826	781627	0
Golmanhalli	1	426	140153	769743	0
Golmunda	14	276	225963	854970	0
Golo	13	35	331429	758803	0
Golok	33	488	273978	810526	0
Golong	1	258	183279	827833	0
Golopara	35	587	258452	879646	0
Golorguda	1	258	183449	828919	0
Goloruguda	1	258	183086	829491	0
Golpalli	31	386	179870	783759	0
Golpatan	13	559	327691	746973	0
Golpur	28	115	262595	761465	0
Golpur	33	532	264198	827388	0
Golpur	14	633	242716	876553	0
Golpura	11	565	305063	769878	0
Golpura	11	482	302096	767978	0
Golpura	33	644	276448	780713	0
Golpura	19	311	224823	767852	0
Golpura	19	465	257363	780955	0
Golpura	19	509	252519	786147	0
Golpura	19	239	218259	752264	0
Golra	27	284	319463	755813	0
Golradoddi	15	603	123735	776096	0
Golri	28	296	279323	730024	0
Golsagar	33	496	271831	832013	0
Golsangi	15	80	164895	758791	0
Golsar	28	519	281519	745472	0
Golsar	15	80	171611	761278	0
Golta	19	420	254735	782235	0
Goltadi	15	55	126376	751723	0
Goltamajalu	15	55	128366	750685	0
Goltara	15	55	130786	752936	0
Goltim	9	24	155333	739000	0
Goltuki	19	324	243260	772754	0
Golu	12	460	312052	773421	0
Golu	12	460	311770	774976	0
Golu	12	39	322978	758912	0
Golu	12	348	323841	760616	0
Goluan	12	39	321902	758864	0
Goludokki	25	349	196368	838483	0
Golugonda	1	219	176782	824700	0
Goluguvalasa Agraharam	1	176	185185	835410	0
Goluiya	33	532	265163	823233	0
Golukheri	19	648	230631	769106	0
Golukuppa	1	194	186043	838746	0
Golur	31	62	171786	783537	0
Golur	15	74	121145	767031	0
Golur	15	74	118762	761773	0
Goluwala	27	480	310766	751168	0
Goluwali	28	467	296297	740534	0
Golvadi	20	127	202842	772961	0
Golvadi	19	317	217989	752942	0
Golvarhalli	15	422	134447	777763	0
Golwa	33	584	254661	822535	0
Golwa	33	479	260585	827794	0
Golwa	19	303	233176	761713	0
Golwadhab	14	454	244461	856699	0
Golwadi	20	34	187968	763693	0
Golwara	10	205	242851	730601	0
Golwara	28	22	247485	739980	0
Golwari	20	616	197616	771751	0
Golyahera	19	324	243440	770845	0
Golyaheri	28	357	251434	760170	0
Golyakheri	28	321	247174	764055	0
Golyali	15	77	157357	743052	0
Golyapura	19	16	237168	769535	0