Guntur	1	308	162997	804573	670073
Gundupalaiyam	26	191	119410	798029	300104
Guna	19	324	246469	773113	180935
Guntakal	1	99	151711	773624	126270
Gunupur	25	349	190804	838088	28870
Gundlupet	15	69	118100	766903	28105
Gunnaur	33	622	282400	784399	20980
Guntur	31	61	179962	796445	13183
Guntupalle	1	103	165679	805476	11187
Gundardehi	6	642	209462	812892	8614
Gunghasa	14	387	238618	861777	6845
Gunpuram	31	75	186109	781941	5182
Gun	13	477	324767	756201	0
Gun	12	348	324650	762764	0
Guna	19	462	248947	791382	0
Guna	19	337	235908	799945	0
Guna	12	348	324874	759097	0
Guna	6	723	220068	816346	0
Guna	34	413	295751	796914	0
Guna	34	489	297222	799478	0
Guna Chaur	27	283	311473	759836	0
Guna Chaurasi	4	491	262791	878321	0
Guna Chhapra	4	520	259899	849409	0
Guna Kheri	19	16	239337	765211	0
Guna Khor	33	623	269332	829262	0
Guna Samesar	4	491	262910	878420	0
Gunaau	33	389	271353	783477	0
Gunabhadra	1	453	187521	838872	0
Gunachellamma	1	258	183253	824184	0
Gunada	1	194	189648	834976	0
Gunadala	1	103	165203	806642	0
Gunadih	14	678	239487	847213	0
Gunadih	14	628	227149	859693	0
Gunadka	15	55	125336	756285	0
Gunaga	19	660	234506	773621	0
Gunaganiguda	25	305	188306	825594	0
Gunagummi	1	258	180390	828020	0
Gunah	33	548	268863	796730	0
Gunahalli	1	99	145749	771131	0
Gunahgar Khera	33	654	261550	809257	0
Gunahrai	19	576	235130	801180	0
Gunai	19	142	215847	800525	0
Gunai	19	142	217055	802853	0
Gunai	12	604	309077	769250	0
Gunai	19	311	229632	762261	0
Gunai Basti	4	136	257705	856415	0
Gunai Gaharpur	33	584	251539	821230	0
Gunaiju	25	373	203106	841931	0
Gunaipur	33	564	259423	836990	0
Gunakanapalle	1	221	144509	781156	0
Gunakarambakkam	30	159	129822	798070	0
Gunakarpur	4	535	261786	862840	0
Gunakh Dogri	12	83	317073	784564	0
Gunakhallu	25	349	193045	834529	0
Gunakhallu	25	349	194859	837655	0
Gunakhallu	1	194	189573	833381	0
Gunakupa	25	373	203580	843714	0
Gunali	12	514	306940	776476	0
Gunamamidi	1	258	181451	828486	0
Gunamanipara	32	668	237143	919461	0
Gunan Jowahar	33	329	287753	796686	0
Gunana	11	439	297142	767120	0
Gunang	25	273	199838	832801	0
Gunankuppam	30	220	134263	803266	0
Gunantri	25	349	190199	839467	0
Gunanupuram	1	194	188186	834875	0
Gunapadar	25	349	194550	836471	0
Gunapadar	25	527	202522	845888	0
Gunapali	25	546	212555	839441	0
Gunapara	25	290	219018	843036	0
Gunaparru	1	25	167462	814371	0
Gunapatimangalam	30	5	97355	789609	0
Gunapenta	31	448	163988	791376	0
Gunappapeta	1	453	184434	839883	0
Gunapur	33	33	256828	825700	0
Gunapura	19	459	264196	775800	0
Gunapura	19	459	264135	775802	0
Gunapurwa	19	638	249613	798708	0
Gunar	33	152	266834	828091	0
Gunari	34	413	296421	798890	0
Gunarsi	33	431	296516	776695	0
Gunasagaram	15	352	147757	763853	0
Gunasilam	30	260	109027	785697	0
Gunasvel	10	137	209272	731838	0
Gunatoli	14	310	230660	843118	0
Gunatoli	14	310	231239	847820	0
Gunatoli	14	476	224672	849244	0
Gunaug	12	460	309468	775370	0
Gunauli	33	31	267684	814917	0
Gunauli	33	686	267155	794332	0
Gunaur	33	637	263882	817550	0
Gunavanti	15	97	135777	753796	0
Gunawata	28	120	270893	759336	0
Gunawati	28	414	270227	747121	0
Gunbe	19	503	229916	788318	0
Gunchanagaripalle	1	426	139270	780186	0
Gunchapali	6	393	210187	823922	0
Gund	17	-1	342589	750873	0
Gund	13	529	334326	752013	0
Gund	13	0	344645	741415	0
Gund	13	76	340581	746727	0
Gund	33	591	251670	795284	0
Gund Baihk	13	0	345569	743208	0
Gund Baihk	13	0	346026	744797	0
Gund Barat	13	289	343375	744380	0
Gund Chubuthar	13	0	343401	743218	0
Gund Dalwach	13	289	340483	745372	0
Gund Ibrahim	13	289	341794	745832	0
Gund Kamal	13	0	343425	742991	0
Gund Karhom	13	76	340958	746158	0
Gund Khwaja Qasim	13	289	341262	746058	0
Gund Kohor	13	0	343874	743007	0
Gund Manchhar	13	0	344958	744042	0
Gund Naugam	13	119	342167	746022	0
Gund Rahman	13	573	341829	747662	0
Gund Roshan	13	588	341815	746842	0
Gund Roshan	13	588	341715	746965	0
Gund Salipare	13	119	342938	745836	0
Gund-i-Arzan	13	76	339818	747160	0
Gund-i-Bamdar	13	76	339933	746394	0
Gund-i-Chandal	13	588	340427	748322	0
Gund-i-Chukapur	13	76	340016	748292	0
Gund-i-Hasibat	13	588	341124	746944	0
Gund-i-Hodu	13	651	337052	748344	0
Gund-i-Hokur	13	146	336420	752096	0
Gund-i-jahangir	13	119	342668	745507	0
Gund-i-Jahangir	13	0	345309	743136	0
Gund-i-Kaisar	13	119	344108	746577	0
Gund-i-Karim Khan	13	289	343188	743651	0
Gund-i-Khalil	13	119	341758	746598	0
Gund-i-Khalil	13	76	341061	746586	0
Gund-i-Malblish	13	36	336611	750774	0
Gund-i-Maqsud	13	76	339291	747599	0
Gund-i-Momin	13	0	345000	741750	0
Gund-i-Mulraj	13	289	343134	743954	0
Gund-i-Nauroz	13	146	336245	752043	0
Gund-i-Rahim Garai	13	146	335985	752074	0
Gund-i-Silgom	13	146	338263	752490	0
Gund-i-Sudarkut	13	119	343020	746545	0
Gund-i-Wali	13	76	339251	747563	0
Gund-i-Wuyan	13	651	337440	749227	0
Gunda	10	130	220088	697145	0
Gunda	33	417	255150	790297	0
Gunda	20	138	189180	773579	0
Gunda	19	638	247619	795682	0
Gunda	13	485	332599	745900	0
Gunda	12	348	326472	761401	0
Gunda	15	352	151444	763940	0
Gunda Kunwar	33	152	267569	823695	0
Gunda Purwa	19	313	250674	806095	0
Gundabajo	25	373	200954	844065	0
Gundabal	13	412	339972	749822	0
Gundaburi	25	281	218183	856800	0
Gundada	30	114	114429	768354	0
Gundadi	15	248	136177	747553	0
Gundagadde	15	97	133936	752633	0
Gundagallu	15	92	137313	774273	0
Gundagatti	15	91	144152	754391	0
Gundagurati	15	72	166603	769447	0
Gundagurati	15	50	164423	769894	0
Gundah	12	514	306398	775989	0
Gundah	33	102	246053	829441	0
Gundaha	33	548	267896	797704	0
Gundaha	33	522	269945	824340	0
Gundahalli	15	72	167296	769668	0
Gundahalli	15	72	167155	769953	0
Gundahan	12	514	306719	775777	0
Gundahanumayapalli	31	557	183362	792609	0
Gundahatola	19	313	245446	811529	0
Gundahatti	30	114	115534	768243	0
Gundahi	33	522	269915	824342	0
Gundahi	33	584	252674	818712	0
Gundai	19	208	235955	780782	0
Gundaid	31	306	169248	778055	0
Gundaimara	25	683	216005	847443	0
Gundaiya	33	445	270336	790235	0
Gundakallur	30	51	116634	782198	0
Gundakalvalavu	30	376	118846	787107	0
Gundakanahalli	15	652	132991	762590	0
Gundakarjag	15	80	164124	760378	0
Gundaknal	15	80	164973	763911	0
Gundal	15	80	165364	754954	0
Gundal	12	514	306705	772918	0
Gundal	31	203	169983	775429	0
Gundal	31	128	175099	792945	0
Gundal	31	160	190685	792215	0
Gundala	10	107	229013	697646	0
Gundala	31	46	176458	809351	0
Gundala	31	62	172506	781570	0
Gundala	15	55	125404	754505	0
Gundala	1	99	151826	774801	0
Gundala	1	224	153473	777171	0
Gundala	31	60	179108	803253	0
Gundala Tanda	1	99	152107	774634	0
Gundalabailu	1	45	138413	791021	0
Gundalageri	15	72	165287	764852	0
Gundalahalli	30	109	122102	782025	0
Gundalahalli	30	109	121772	781780	0
Gundalakhandriga	1	45	134274	797082	0
Gundalakuppi	15	77	159272	745825	0
Gundalammapalem	1	6	145825	800148	0
Gundalanahalli	30	109	123968	780251	0
Gundalapadu	31	60	175235	809516	0
Gundalapadu	1	308	163010	801700	0
Gundalapalle	1	207	132474	787408	0
Gundalapalli	1	190	141828	791294	0
Gundalapalya	15	92	135242	772599	0
Gundalapeta	1	176	180680	834230	0
Gundalavaripalle	1	190	137744	782499	0
Gundaleri	30	158	128135	793312	0
Gundali	28	428	259936	750406	0
Gundalivandlapalli	1	45	136388	791172	0
Gundalo	25	305	188439	823813	0
Gundalpalli	31	717	184523	793798	0
Gundalupeta	1	176	180723	833600	0
Gundalur	31	241	170799	797543	0
Gundalur	30	184	130220	791855	0
Gundam	20	134	198761	804356	0
Gundam	6	80	184456	809570	0
Gundam	1	194	188267	838014	0
Gundambodu	31	46	175125	811999	0
Gundamcherla	1	195	157893	791244	0
Gundamgeri	15	375	134385	774796	0
Gundamgudavalasa	1	194	186371	831342	0
Gundami	15	248	133137	750271	0
Gundamnatta	15	47	132963	782061	0
Gundampalli	31	346	190664	781965	0
Gundampalli	31	63	189096	787239	0
Gundamrajupalli	1	221	147802	790601	0
Gundamralla	1	228	154949	776612	0
Gundamuvandlapalle	1	426	142128	783412	0
Gundamuya	25	349	193138	835327	0
Gundamvaripalli	15	422	137546	779350	0
Gundamvaripalli	15	422	137727	779897	0
Gundamvaripalli	15	422	136921	779783	0
Gundanamli	31	58	183667	778076	0
Gundanapalli	31	222	185080	789063	0
Gundanhalli	15	375	131918	772793	0
Gundanhalli	15	47	129536	780757	0
Gundanpalli	31	447	178186	786994	0
Gundanpalya	15	92	133548	772621	0
Gundao	33	682	274475	782737	0
Gundapalli	31	346	190708	787060	0
Gundapalli	20	134	197406	799097	0
Gundapalli	31	160	192546	798713	0
Gundapanhalli	15	422	134646	777338	0
Gundapareddipalem	1	176	181313	835997	0
Gundappan Dapka	20	138	184989	772791	0
Gundappanayakanpalya	15	375	134602	773995	0
Gundapra	11	88	301854	771640	0
Gundapur	15	72	167064	766239	0
Gundapur	33	654	263362	809051	0
Gundapur	33	575	262793	819682	0
Gundapura	15	422	136009	774929	0
Gundapura	15	93	127173	768099	0
Gundapura	15	93	124194	772521	0
Gundapuram	15	69	121352	772496	0
Gundapuram	15	69	120072	773475	0
Gundapuram	1	221	148148	789801	0
Gundapuri	6	80	191795	805346	0
Gundapuvalasa	1	194	185694	831603	0
Gundar	13	573	342875	748861	0
Gundar	19	395	246501	776370	0
Gundar	33	645	267877	798979	0
Gundarai	19	326	232039	779681	0
Gundarajugudem	6	577	179447	810153	0
Gundaralhalli	15	47	128171	782305	0
Gundaram	31	75	187183	780648	0
Gundaram	31	58	181715	782516	0
Gundaram	31	222	184097	785930	0
Gundaram	31	447	182453	789807	0
Gundaram	31	717	186505	794978	0
Gundaranga	25	373	202330	841359	0
Gundarapuvaripalle	1	195	157566	793964	0
Gundarbhata	6	681	216887	815576	0
Gundardehi	6	285	210003	821118	0
Gundardehi	6	620	208372	807444	0
Gundardehi	6	620	208415	807576	0
Gundardehi	6	455	209307	808990	0
Gundardih	14	310	227778	847780	0
Gundareddipalli	31	447	181490	790258	0
Gundareddipalli	31	386	178564	784949	0
Gundari	25	273	199900	830123	0
Gundaria	19	338	242073	785323	0
Gundariguda	25	108	183854	821686	0
Gundarimunda	25	399	209400	846961	0
Gundariya	19	484	250643	783000	0
Gundarka	15	55	130854	749344	0
Gundarlia	19	303	234971	762390	0
Gundarman	17	8	346145	761282	0
Gundarnano	13	35	334509	757094	0
Gundaro	33	548	269398	796472	0
Gundaro	19	638	250391	797698	0
Gundasamudra	15	97	137934	759679	0
Gundasamudra	15	246	139035	761473	0
Gundasandra	15	375	133367	774444	0
Gundasara	10	171	219612	708034	0
Gundasettihalli	15	652	130785	759834	0
Gundasettihalli	15	652	129075	764086	0
Gundattur	15	74	119285	762520	0
Gundau Ki Shala	33	389	271304	783431	0
Gundauli	33	605	267387	821096	0
Gundauli	33	515	262021	838781	0
Gundauli	33	31	271229	812735	0
Gundaura	33	282	277356	816462	0
Gundaura	33	282	271342	815905	0
Gundaura	33	522	269354	818851	0
Gundaura	33	31	270519	813409	0
Gundaura Daudpur	33	451	277042	794849	0
Gundaura Khurd	33	282	271436	815926	0
Gundavanipeta	1	453	183647	839610	0
Gundavolu	1	6	142821	795308	0
Gundaweli Kalan	31	447	181466	787056	0
Gundayl	31	218	182930	805910	0
Gundbal	15	59	143071	745425	0
Gundbas	28	463	273016	769463	0
Gundedu	31	306	169519	781671	0
Gundedu	31	61	182294	795194	0
Gundegalam	15	69	121770	771523	0
Gundegaon	20	138	190802	773093	0
Gundegaon	31	346	191620	779858	0
Gundehla	33	645	267805	799259	0
Gundekallur	31	58	184593	777288	0
Gundel	10	205	240760	729876	0
Gundela	33	621	256186	797482	0
Gundela	10	140	231091	733609	0
Gundelagunta	1	45	137874	796932	0
Gundelaha Tola	19	576	232861	805317	0
Gundeli	1	258	181014	825819	0
Gundeloguda	31	62	171050	784761	0
Gundemralla	1	224	152566	777208	0
Gundemvaripalem	1	10	162073	801547	0
Gundenagudem	31	218	182504	805082	0
Gundenahalli	15	422	135810	773958	0
Gundenahalli	15	97	137131	756817	0
Gundenhalli	15	91	147428	754732	0
Gundenhalli	15	375	132091	773196	0
Gundepala	1	219	176694	825807	0
Gundepalle	1	87	169640	814756	0
Gundepalle	1	10	161742	798097	0
Gundepalli	31	203	169681	775196	0
Gunder	33	637	261662	817245	0
Gundera	33	370	251344	785258	0
Gundera	12	348	327181	760318	0
Gunderi	15	246	139890	761748	0
Gunderpur	25	546	212928	838969	0
Gunderpur	25	546	214047	839908	0
Gunderu	15	47	134477	782645	0
Gundesi	25	349	195534	839143	0
Gundevadi	15	77	168176	750954	0
Gundewadi	20	138	189639	772370	0
Gundgaon	28	113	276951	772497	0
Gundhia	33	488	277110	811519	0
Gundhlia	28	550	255545	738659	0
Gundhupur	4	495	250684	854472	0
Gundi	10	177	225927	738356	0
Gundi	10	123	225520	722256	0
Gundi	13	76	340408	745470	0
Gundi	12	653	314783	776322	0
Gundi	31	557	186237	790923	0
Gundi	31	271	193594	784759	0
Gundi	20	127	202439	775424	0
Gundi	13	1	336305	742899	0
Gundi	13	485	333155	746078	0
Gundi	13	529	334884	751768	0
Gundi	28	163	230938	743076	0
Gundi	10	170	230786	742946	0
Gundi	34	589	299548	784055	0
Gundi	28	550	252680	739606	0
Gundi	15	248	131629	751815	0
Gundi	15	55	130130	753724	0
Gundi	31	160	193789	793309	0
Gundi Faqiran	13	289	341301	739755	0
Gundi Gujaran	13	0	343848	737993	0
Gundi Gul Shekh	17	-1	345389	751139	0
Gundi Penta	1	258	181660	827828	0
Gundi Saiyidan	13	0	343812	737956	0
Gundi Shath	13	0	343816	737922	0
Gundi Zon Reshi	13	0	344615	740166	0
Gundi-i-Fatehpor	13	146	336606	751664	0
Gundia	15	55	128267	755708	0
Gundiali	10	107	228367	694193	0
Gundiali	10	29	226103	716160	0
Gundiapali	25	683	214283	847151	0
Gundibail	15	333	138457	752358	0
Gundibail	15	59	142957	745300	0
Gundibailu	15	248	133581	747502	0
Gundichadihi	25	478	211243	830284	0
Gundichanali	25	277	209846	855278	0
Gundigadde	15	59	147305	748378	0
Gundiganahalli	1	99	145490	768660	0
Gundiganuru	15	44	154191	768098	0
Gundigere	15	603	131473	771638	0
Gundigi	15	80	170762	762679	0
Gundigiri	15	422	135381	781196	0
Gundiguda	31	62	172270	783587	0
Gundiguda	31	160	193499	791797	0
Gundigudem	31	60	178130	807924	0
Gundihombala	15	97	134242	755723	0
Gundikhera	10	170	228472	744104	0
Gundilaya	15	603	130927	771168	0
Gundimadu	15	246	140504	761234	0
Gundimala	30	114	114993	762849	0
Gundimalam	15	69	118465	772253	0
Gundimeda	1	308	164453	806331	0
Gundimule	15	59	143212	747588	0
Gundinahalli	15	352	149118	764284	0
Gundinahalli	15	93	126899	769968	0
Gundipalli	31	447	177878	786014	0
Gundipet	31	62	173848	783211	0
Gundiposi	14	276	224946	857158	0
Gundipua	14	276	224988	858207	0
Gundipudi	31	241	174557	795272	0
Gundipudi	31	730	173488	798638	0
Gundipur	33	31	272627	812492	0
Gundipur	13	36	336244	751143	0
Gundiripadar	25	349	193712	839727	0
Gundiru	1	258	180643	826366	0
Gunditungri	14	434	240557	861275	0
Gundiuli	14	276	225283	851934	0
Gundivagu	31	271	193373	784781	0
Gundiyur	16	233	118547	760552	0
Gundkal	15	59	149260	747217	0
Gundkallu	15	59	147803	747463	0
Gundla Madugu	20	134	188513	801890	0
Gundla Pochampalli	31	300	175679	784792	0
Gundla Singaram	31	61	180274	795674	0
Gundla Somaram	31	90	190334	795776	0
Gundlabori	31	160	195397	797721	0
Gundlabrahmeswaram	1	224	156667	787500	0
Gundlacheruvu	1	190	140793	785276	0
Gundlagurki	15	422	134785	777667	0
Gundlaguttapalli	1	45	135047	790386	0
Gundlahalli	15	92	136690	771774	0
Gundlahalli	15	375	133189	773681	0
Gundlahalli	15	422	137555	777388	0
Gundlahalli	15	422	135725	775914	0
Gundlahalli	15	44	150327	767656	0
Gundlahalli	15	265	142583	760236	0
Gundlahalli	15	422	136632	778408	0
Gundlahalli	15	422	136068	778351	0
Gundlahalli	15	422	135033	777853	0
Gundlahalli	15	422	136215	780980	0
Gundlahalli	15	47	132762	784936	0
Gundlahalli	30	215	124383	782004	0
Gundlai	19	461	230920	804048	0
Gundlakarthi	31	229	182856	795865	0
Gundlakonda	1	228	154787	776512	0
Gundlakunta	1	221	149575	784111	0
Gundlakunta	31	203	170795	776329	0
Gundlakunta	31	100	167683	790009	0
Gundlamada	1	221	144256	791684	0
Gundlamadugu	31	46	174300	812842	0
Gundlamadugu	1	221	144842	782643	0
Gundlamandikallu	15	422	135975	777383	0
Gundlamarpalli	31	203	175771	778541	0
Gundlamau	33	488	275220	810252	0
Gundlamau	33	488	272774	806831	0
Gundlamula	1	221	144618	789411	0
Gundlanarasimhanahalli	15	422	133570	779322	0
Gundlapad	1	25	168723	812819	0
Gundlapahad	31	241	167612	797522	0
Gundlapalem	1	6	144927	800540	0
Gundlapalem	1	6	144087	800122	0
Gundlapalem	1	6	143407	801102	0
Gundlapalem	1	195	154031	796282	0
Gundlapalem	1	6	151142	798832	0
Gundlapalle	1	195	156550	800091	0
Gundlapalle	1	190	138264	783837	0
Gundlapalle	1	207	133812	785293	0
Gundlapalle	1	190	133523	785017	0
Gundlapalle	1	207	133407	787006	0
Gundlapalle	1	207	132509	787448	0
Gundlapalle	1	207	131575	786666	0
Gundlapalle	1	221	143993	783762	0
Gundlapalle	1	190	142394	787425	0
Gundlapalli	31	128	175762	789453	0
Gundlapalli	31	557	185418	790944	0
Gundlapalli	31	272	169878	777415	0
Gundlapalli	31	100	170523	792085	0
Gundlapalli	15	422	137668	778147	0
Gundlapalli	15	422	138603	778730	0
Gundlapalli	31	241	167050	798719	0
Gundlapalli	15	422	137268	780539	0
Gundlapalli	15	422	134698	781233	0
Gundlapalli	1	207	127426	783702	0
Gundlapalli	1	207	134497	790363	0
Gundlapalli	1	207	131023	790481	0
Gundlapally	31	100	165622	787106	0
Gundlapalya	15	47	128908	780855	0
Gundlapelle	1	10	164102	798813	0
Gundlapotlapalli	31	306	168940	781952	0
Gundlara	28	493	234579	738883	0
Gundlasagar	31	61	179566	793374	0
Gundlasagaram	1	207	128153	782689	0
Gundlasagaram	1	207	127674	783321	0
Gundlasamudram	1	195	155556	796531	0
Gundlasamudram	1	45	139873	795803	0
Gundlasamudram	1	45	139806	795806	0
Gundlavaddigeri	15	352	152287	765206	0
Gundlavandlapalle	1	190	140190	787875	0
Gundlavandlapalle	1	190	136670	783021	0
Gundlavarigudem	31	100	170651	790969	0
Gundlavaripalle	1	190	136895	783601	0
Gundlayenappakhandrika	1	207	132394	792998	0
Gundleguntapalli	31	448	167253	784528	0
Gundli	28	298	253274	744645	0
Gundlia	19	311	228556	760677	0
Gundlidih	35	400	231393	859291	0
Gundliyano	19	509	251253	786464	0
Gundlur	15	72	164204	772576	0
Gundlur	15	77	159293	748785	0
Gundlur	30	184	130793	792049	0
Gundlurivandlapalle	1	190	138040	784242	0
Gundlurivandlapalle	1	190	137842	784541	0
Gundluru	15	246	146991	767211	0
Gundluru	1	190	142522	791137	0
Gundlurupeta	1	190	142484	791075	0
Gundmal	31	272	168938	777117	0
Gundmal	20	138	198224	779001	0
Gundmane	15	333	136114	751019	0
Gundmi	15	248	134804	747068	0
Gundmund	20	141	209757	783865	0
Gundna	13	358	332246	756500	0
Gundnapur	33	488	272429	812027	0
Gundni Basahi	33	282	276660	815903	0
Gundoni	15	248	131781	751130	0
Gundoor	30	114	115523	764820	0
Gundori	14	276	226096	851969	0
Gundpur	13	76	340183	746208	0
Gundpur	28	463	275002	766702	0
Gundra	33	595	277305	818313	0
Gundra	6	275	209794	814868	0
Gundrabari	25	527	200969	852466	0
Gundrabari	25	527	200377	850515	0
Gundrahalli	15	375	131675	779541	0
Gundrai	19	326	232117	783231	0
Gundrai	19	326	235500	786901	0
Gundrai	19	326	232587	786670	0
Gundrai	19	338	232276	789608	0
Gundrai	19	568	227044	782418	0
Gundrai	19	576	230391	797253	0
Gundrai	19	576	232196	798634	0
Gundrai	19	509	253498	786190	0
Gundrai	19	326	234625	781776	0
Gundrai	19	568	228110	784903	0
Gundrai	19	503	231767	790126	0
Gundrai	19	576	231711	794969	0
Gundrai	19	354	220257	794792	0
Gundrai	19	354	224928	794816	0
Gundrai Khurd	19	503	229671	793924	0
Gundrajukuppam	1	207	133406	795687	0
Gundrali	1	258	177920	817819	0
Gundrampalli	31	100	172345	789860	0
Gundrandar	13	573	342888	748608	0
Gundrapalli	31	100	169484	790385	0
Gundrapur	33	370	245285	786662	0
Gundrasol	14	483	240874	868665	0
Gundratoli	14	310	231088	847913	0
Gundravali	15	50	159573	774383	0
Gundrazugudem	6	80	182473	809989	0
Gundreddipalle	1	195	153812	790216	0
Gundreddivaripalle	1	190	136829	783070	0
Gundrendi	30	192	125760	788715	0
Gundrepalli	31	240	177862	798173	0
Gundrevula	1	228	158801	777013	0
Gundri	20	139	213977	792040	0
Gundri	20	139	213294	791435	0
Gundri	33	637	261243	819898	0
Gundri	33	637	261225	819762	0
Gundri	25	273	199220	832626	0
Gundri	14	434	244443	858893	0
Gundribadi	25	423	202693	847026	0
Gundribadi	25	423	201510	847616	0
Gundribadi	25	423	200339	844736	0
Gundribadi	25	423	201412	846060	0
Gundribari	25	373	204303	842697	0
Gundribari	25	527	203353	845019	0
Gundribari	25	527	203879	846580	0
Gundribera	25	372	205712	844616	0
Gundriguda	25	349	195374	833107	0
Gundriguda	25	349	197927	835647	0
Gundriguda	25	349	195447	839375	0
Gundrijharan	25	399	210463	847437	0
Gundripadu	25	349	196188	834076	0
Gundriposh	25	281	217323	858892	0
Gundrisahi	25	423	200084	848267	0
Gundrisahi	25	372	205066	846121	0
Gundrisahi	25	527	203443	845054	0
Gundrisai	25	423	201266	845128	0
Gundro	14	732	240471	858219	0
Gundru Kalan	6	388	217639	828666	0
Gundrubilli	1	219	174681	827944	0
Gundrugaon	25	373	205244	841942	0
Gundrumura	6	374	225447	825766	0
Gundsagar	15	50	161014	764162	0
Gundsettikoppa	15	333	143720	750577	0
Gundt	13	1	337687	741170	0
Gundu	15	97	135478	754478	0
Gundu Baramani	1	194	188897	837144	0
Gunduchanali	25	262	218251	850334	0
Gundugadde	15	333	137790	752889	0
Gundugallu	1	207	132271	785828	0
Gundugatti	15	352	146857	759417	0
Gundugolanu	1	25	167806	812309	0
Gundugolanukunta	1	25	169659	812346	0
Gundugudem	31	46	175084	811978	0
Gundugummanur	30	109	124261	780197	0
Gunduguriki	30	215	126874	779831	0
Gundukallu	15	248	135112	749797	0
Gundukattanur	30	51	118477	780161	0
Gundukulam	30	118	95797	782375	0
Gundulia	25	372	207016	840722	0
Gundulimal	25	290	217183	837769	0
Gundumadugu	1	190	142008	790834	0
Gundumane	15	333	141439	748649	0
Gundumrajpalli	31	730	175285	798680	0
Gundumunugu	15	352	147186	765173	0
Gundupalle	1	207	134269	786219	0
Gundupalle	1	6	150443	791532	0
Gundupalle	1	45	138649	795204	0
Gundupapala	1	224	153263	783804	0
Gundupatti	30	215	123447	783368	0
Gunduperumbedu	30	159	129152	799711	0
Gundur	15	167	177785	768618	0
Gundur	31	58	183457	775659	0
Gundur	1	258	180015	825513	0
Gundur	15	91	148391	751777	0
Gundur	15	91	149850	753079	0
Gundur	15	43	130866	777141	0
Gundur	15	375	128770	778375	0
Gundur	30	238	126894	799789	0
Gundur	30	260	107339	787184	0
Gundur	30	51	117480	781995	0
Gundur	30	260	112440	786136	0
Gundurabari	25	527	202806	849371	0
Gundurachuan	25	546	216375	843357	0
Gundurasahi	25	527	200690	848312	0
Gundurasahi	25	527	201665	849186	0
Gundureddipalli	31	386	178642	785088	0
Gunduri	15	55	130159	751039	0
Gunduri	25	399	211889	850726	0
Gunduri	25	399	208405	846621	0
Gundurijora	25	281	213495	854249	0
Gundurikhol	25	399	208530	846777	0
Gundurinali	25	399	210679	850309	0
Gunduriposi	25	683	215514	849624	0
Gunduriposi	25	683	214658	847929	0
Gundurisahi	25	372	205027	844681	0
Gundurnadu	30	223	113332	784141	0
Gunduru	1	258	180719	826575	0
Gunduruba	25	349	190747	839752	0
Gundurupalli	1	6	142581	795981	0
Gundurwadi	15	167	177532	768606	0
Gundusagara	15	97	134456	760679	0
Gundusar	28	519	276204	741203	0
Gundusettipalli	1	207	128975	784278	0
Gunduvalam	30	215	122997	777049	0
Gunduvana	15	248	137839	747340	0
Gunduvaripalle	1	426	139021	780295	0
Gunduvaripalle	1	190	134083	783942	0
Gunduvaripalle	1	426	142731	783232	0
Gundwa	33	301	263660	808905	0
Gundwa	33	685	270463	807993	0
Gundwa	33	637	265034	816887	0
Gundwa	33	605	267739	818814	0
Gundwa	33	659	271945	805964	0
Gundwa	33	488	275337	812847	0
Gundwa	33	688	261420	816277	0
Gundwa Gudanwan	33	654	262019	812723	0
Gundwad	15	77	166447	748937	0
Gundwadi	4	505	246062	864479	0
Gundwara	19	503	231175	790843	0
Gundyal	31	306	168403	778169	0
Gundzuvaripalle	1	426	138990	781874	0
Gune Antyagani Tanda	31	241	168006	798050	0
Gunedi	34	589	297421	788572	0
Gunedi Malli	34	589	297370	788631	0
Gunegaon	19	461	224321	804826	0
Gunehr	12	39	320487	765759	0
Gunehra	19	461	224251	807662	0
Gunehru	19	395	244500	780931	0
Gunehru	19	395	244490	780770	0
Guneki	27	543	303236	760721	0
Gunera	27	665	324675	758318	0
Gunera	19	311	226941	763247	0
Guneri	19	153	221489	744778	0
Guneri	19	311	226910	763265	0
Guneri	4	117	246182	847355	0
Gunesa	4	663	251129	859285	0
Gunetha	34	589	297900	786758	0
Gung Parta	13	485	332301	741963	0
Gunga	28	274	262356	712142	0
Gunga	33	329	283542	795798	0
Gunga Nagla	33	492	289333	788450	0
Gunga Purwa	33	654	262091	813646	0
Gungagar Jot	33	522	270193	823752	0
Gungah	12	348	325688	761131	0
Gungakheri	33	458	291506	772984	0
Gungal	31	62	171082	786754	0
Gungalia	10	125	221953	740956	0
Gungani	13	690	327047	750492	0
Gungaoli	33	526	268369	784955	0
Gungarbagi	15	92	135197	764409	0
Gungarhalli	15	603	128212	772874	0
Gungarkop	15	91	146179	753828	0
Gungarlahalli	15	422	134099	776053	0
Gungatoli	14	310	234272	843316	0
Gungatoli	14	310	232975	844764	0
Gungatoli	14	476	223963	844121	0
Gungauli	4	632	255383	869500	0
Gungdauri	4	582	249721	871324	0
Gungelao Para	10	170	226949	742335	0
Gungemau	33	637	264202	816583	0
Gungeri Nawagaon	6	455	209992	808368	0
Gungh	12	460	312339	770933	0
Gunghat	33	515	262693	836413	0
Gunghati	19	443	215314	777121	0
Gungi	19	338	242220	782553	0
Gungi	12	653	314031	774494	0
Gungi	33	431	297910	773549	0
Gungi	14	673	240715	845010	0
Gungia	33	196	248097	823121	0
Gungias	12	348	328718	761323	0
Gungidei Kalan	33	522	272523	821741	0
Gungivada	1	258	181988	823504	0
Gunglai	19	354	225923	799041	0
Gunglo	12	514	305051	774978	0
Gungni	19	354	227032	797280	0
Gungo ka Gurha	28	22	247125	737816	0
Gungowa	14	379	241822	847205	0
Gungrala Chattra	15	74	123930	765063	0
Gungrupattoli	14	310	232398	842946	0
Gunguch	19	325	225421	793064	0
Gunguch	19	354	225278	799096	0
Gungucha	19	338	238795	785021	0
Gungul	31	58	182473	779428	0
Gungunia	14	416	232012	850765	0
Gungurketa	25	373	204026	840198	0
Gungwachh Mafi	33	637	261365	818861	0
Gungwar	4	117	245540	849604	0
Gungwara	19	354	225056	795744	0
Gunha	33	27	257796	837609	0
Gunha	33	280	272309	830121	0
Gunha Hattu	33	329	286464	794597	0
Gunhal	13	35	333594	762246	0
Gunhalli	15	71	174811	773794	0
Gunhan	33	548	271120	798756	0
Gunhar	19	313	245238	806046	0
Gunhari	19	325	225287	790222	0
Gunhari	19	354	227029	799514	0
Guni	13	485	333130	743664	0
Guni	34	589	296908	790025	0
Guni	13	485	332498	741470	0
Guni	14	416	231749	852277	0
Guni	14	740	234552	844599	0
Guni Majra	27	543	302414	764465	0
Gunia	28	550	253726	738777	0
Gunia	14	310	231618	845818	0
Gunia Khurd	33	488	278023	810752	0
Gunia Majra	27	624	304746	764065	0
Gunia Majri	27	624	306912	764561	0
Guniagarh	33	152	267637	826804	0
Guniagrahar	15	43	130979	775234	0
Guniaguda	25	108	184371	820932	0
Guniaguda	25	108	184720	821431	0
Guniajudi	33	525	295773	775183	0
Guniakheri	33	553	291410	784762	0
Gunial	34	413	295927	799338	0
Guniala	12	348	325523	760055	0
Gunian	12	653	314400	775634	0
Gunian	27	468	319992	752736	0
Guniana	27	592	304442	745010	0
Guniani	12	348	328407	760856	0
Guniapali	25	478	211578	837869	0
Guniapara	25	281	216516	856104	0
Guniar Khera	33	685	266520	809437	0
Gunidam	1	176	182929	836961	0
Gunidih	14	416	231736	852469	0
Gunigolhalli	15	92	132369	771538	0
Gunihalli	1	426	140025	770223	0
Gunikalu	15	97	133793	752909	0
Gunikondavalasa	1	194	186216	832694	0
Gunimorubagalu	1	426	139504	770375	0
Gunipalaiyam	30	220	132841	798523	0
Gunipalle	1	426	142783	779015	0
Gunipeta	1	426	140577	776473	0
Gunipudi	1	219	175055	824350	0
Gunipur	13	0	344150	742806	0
Gunipur Bhauna	34	530	292239	794401	0
Gunipur Jiwanand	34	530	292268	794443	0
Gunivala	15	333	145228	752597	0
Gunivanipeta	1	453	181904	838636	0
Guniya	34	589	296625	790318	0
Guniyal	34	589	298142	787098	0
Guniyalgaon	34	430	303921	780673	0
Guniyan	4	117	246656	851324	0
Guniyapur	33	553	295315	783441	0
Guniyathar	14	434	245774	862870	0
Gunj	33	686	264335	792299	0
Gunj	20	151	191251	770994	0
Gunj	20	127	202411	771456	0
Gunj	13	529	334038	751177	0
Gunj Buzurg	20	53	193085	760941	0
Gunj Chhota	33	686	264397	792349	0
Gunj Khurd	33	686	264396	792350	0
Gunj Khurd	20	151	191689	763575	0
Gunja	20	67	198565	777163	0
Gunja	14	732	240759	854385	0
Gunja	15	652	127940	763260	0
Gunja	14	541	235213	854185	0
Gunja	14	276	228127	856280	0
Gunja Dehri	4	597	253620	842218	0
Gunjabaran	25	527	200397	851051	0
Gunjadi	14	628	229712	859317	0
Gunjaghara	25	262	220101	852100	0
Gunjaia	19	512	243769	801043	0
Gunjal	20	110	200691	791945	0
Gunjala	20	110	203935	791373	0
Gunjala	31	75	188430	780680	0
Gunjalgunte	15	246	138789	766388	0
Gunjali	20	182	215879	742908	0
Gunjali	19	202	221650	761509	0
Gunjalipadu	25	305	185437	830239	0
Gunjalli	15	50	163164	768502	0
Gunjalvadi	20	54	200951	742394	0
Gunjana	19	465	261741	785495	0
Gunjanhatti	15	77	159471	744852	0
Gunjanpura	33	526	269550	780330	0
Gunjanpura	33	526	269696	784738	0
Gunjanur	15	72	167765	773538	0
Gunjanyan	19	638	246038	792456	0
Gunjaoli	33	31	269282	813061	0
Gunjapadagi Agraharam	31	717	186996	796049	0
Gunjapadagu	31	63	187740	790689	0
Gunjapalle	1	99	146045	778176	0
Gunjapalle	1	426	143845	779495	0
Gunjar	20	134	193206	807229	0
Gunjar Chak	4	495	253187	854319	0
Gunjara	19	635	224843	758517	0
Gunjara	31	160	195182	792959	0
Gunjaranhalli	15	375	131520	779019	0
Gunjard	28	357	248529	761892	0
Gunjari	28	321	246796	763169	0
Gunjari	19	-1	254023	773589	0
Gunjari	19	208	236348	782149	0
Gunjari	19	202	222261	761618	0
Gunjari	19	648	229793	765736	0
Gunjariya	19	334	237230	763951	0
Gunjarlapalli	1	207	128682	783770	0
Gunjarpur	33	152	267704	825689	0
Gunjarvada	1	194	189502	836722	0
Gunjasari	28	467	290469	751055	0
Gunjauli	14	416	229321	854654	0
Gunjaura	33	370	245132	789236	0
Gunjaura	19	338	236715	791599	0
Gunjaura	19	338	236926	791766	0
Gunjavaram	1	25	172035	814250	0
Gunjavati	15	59	149962	749253	0
Gunjegaon	20	151	188742	768280	0
Gunjehalli	15	50	160394	774105	0
Gunjepar	20	390	208243	798241	0
Gunjepar	20	390	211889	796002	0
Gunjera	6	681	218470	818498	0
Gunjeri	25	373	203347	842513	0
Gunjeta	10	124	234012	735622	0
Gunjevadi	20	54	204543	741812	0
Gunjewadi	20	34	187643	766432	0
Gunjewahi	20	110	202563	798044	0
Gunjgod	15	59	143182	748280	0
Gunjh	19	459	267611	781716	0
Gunjhari	19	317	214589	758577	0
Gunjhari	19	449	229089	807373	0
Gunjheta	6	517	221442	814573	0
Gunjhir	19	313	244772	806957	0
Gunji	15	77	155380	744899	0
Gunji	34	489	301795	808575	0
Gunji	19	325	216952	789624	0
Gunji	20	132	208603	781236	0
Gunji	6	388	221320	828620	0
Gunji	19	502	237335	792971	0
Gunji	19	502	238610	795654	0
Gunji	25	305	187291	825035	0
Gunji	25	305	187422	825525	0
Gunji Mota	28	493	234784	738567	0
Gunjiabor	6	388	217611	828969	0
Gunjian	27	468	319734	755058	0
Gunjigam	25	373	201949	841147	0
Gunjiganur	15	246	141466	761484	0
Gunjighara	25	546	210990	842950	0
Gunjiguda	25	273	195688	830021	0
Gunjiguda	25	305	189588	823647	0
Gunjiguda	25	305	189908	824550	0
Gunjiguda	25	305	189362	824806	0
Gunjiketa	25	373	203249	841987	0
Gunjimunda	25	373	204843	840902	0
Gunjinur	15	333	144101	750011	0
Gunjipal	15	59	147977	745148	0
Gunjiparti	6	80	183723	808035	0
Gunjkheda	20	141	207349	783118	0
Gunjmahua	6	620	205669	808207	0
Gunjobadi	25	373	200940	841480	0
Gunjol	28	550	249515	738346	0
Gunjoli	14	541	230978	856921	0
Gunjong	3	475	253165	930114	0
Gunjora	19	638	244026	790037	0
Gunjoura	19	338	236917	791509	0
Gunjpur	13	119	342102	746104	0
Gunjra	14	732	242215	855368	0
Gunjrahi	14	678	236861	847007	0
Gunjrauliya	4	382	265812	845521	0
Gunjriguda	1	258	183869	828693	0
Gunjthadi	20	34	191663	763497	0
Gunju	31	75	186465	778813	0
Gunjuguda	25	273	198892	830346	0
Gunjugudem	1	258	175128	818361	0
Gunjulpanga	25	373	204269	844263	0
Gunjung	3	475	253194	930119	0
Gunjur	15	422	134353	775193	0
Gunjutoli	14	541	229866	857800	0
Gunjvad	20	169	208260	774443	0
Gunkalam	1	176	181549	833509	0
Gunkali	11	353	292831	762089	0
Gunkher	19	443	216452	779106	0
Gunkhila	34	589	298227	787135	0
Gunkhri	12	267	318369	769768	0
Gunkot	34	692	298315	797162	0
Gunkulkunta	31	32	180276	778580	0
Gunliaguda	25	305	188793	823011	0
Gunlukupeta	1	453	182341	837988	0
Gunmanur	30	109	124461	780149	0
Gunmukhula	31	272	166031	776457	0
Gunna	33	698	258769	805748	0
Gunna	13	35	331475	758921	0
Gunnahalli	15	66	153184	761073	0
Gunnalavalasa	25	305	184846	830439	0
Gunnalpalli	15	422	136940	780598	0
Gunnam	30	220	132097	797097	0
Gunnampadiya	1	45	141705	801176	0
Gunnampalle	1	25	168740	813184	0
Gunnanipeta	1	453	183343	837263	0
Gunnas	19	311	225760	770485	0
Gunnatotavalasa Agraharam	1	176	185570	833476	0
Gunnaur Abdul Hai	33	622	282255	784424	0
Gunnaur Fatehpur	33	622	282410	784174	0
Gunnaur Patti Fazal	33	622	282429	784178	0
Gunnayakanahalli	15	93	126129	768325	0
Gunnayyapada	25	305	188700	829354	0
Gunnducheruvupalli	31	557	183114	791701	0
Gunnelli	15	422	133251	780030	0
Gunnempudi	1	219	177627	828319	0
Gunnepalli	31	730	174832	797333	0
Gunnepur	33	532	263729	828336	0
Gunni	13	485	331000	743028	0
Gunnikuntla	1	190	140026	787865	0
Gunnotha	19	208	235831	781906	0
Gunnowal	27	214	315600	750506	0
Gunnu ka Khera	13	485	329986	743744	0
Gunnu ka Purwa	33	654	259969	814230	0
Guno	13	358	330333	759109	0
Guno	12	39	322472	758864	0
Gunor	13	477	326996	756919	0
Gunpatipula Wari	20	226	171474	732714	0
Gunpur	28	599	267116	780572	0
Gunpur	31	447	180473	790648	0
Gunpur	14	633	242593	876052	0
Gunpura	33	566	283542	775260	0
Gunra	10	143	220589	699637	0
Gunra	19	512	243243	798825	0
Gunraha	33	584	251773	819082	0
Gunrajpur	4	520	260722	848257	0
Gunri	4	363	256408	846580	0
Gunri	14	740	234162	848073	0
Gunriya Chak	4	117	249627	848335	0
Gunsa	19	153	222798	743807	0
Gunsa	12	460	309285	775974	0
Gunsa	4	507	252437	849686	0
Gunsagar	4	567	250611	861332	0
Gunsar	28	463	279487	767007	0
Gunsar	28	429	266541	769960	0
Gunsar	13	359	330558	751088	0
Gunsarai	6	279	221040	819229	0
Gunsari	6	279	221133	819289	0
Gunsavalasa	25	305	184459	829679	0
Gunsej	4	394	253032	841568	0
Gunsira	34	413	298398	792158	0
Gunt	34	533	293120	799103	0
Gunta	28	463	277462	763614	0
Gunta	25	305	185272	828805	0
Gunta	28	402	250246	749810	0
Gunta Baspalli	31	203	173115	774970	0
Guntachennampalle	1	195	151466	792129	0
Guntaepura	15	333	140809	748345	0
Guntagadanki	1	45	134674	791754	0
Guntagarlapadu	1	10	162576	800549	0
Guntagola	15	50	162839	765164	0
Guntaguda	25	305	188724	823366	0
Guntaguda	25	305	188875	823872	0
Guntaguda	25	305	187567	824401	0
Guntaguda	25	305	188614	827127	0
Guntakembadi	1	190	133619	785156	0
Guntakindipalli	1	45	137509	796498	0
Guntakoduru	31	448	165462	783870	0
Guntalahalli	30	215	125231	780546	0
Guntalapadu	1	190	133791	784243	0
Guntalapalle	1	426	141264	777307	0
Guntalchenu	1	207	134148	792816	0
Guntamadagu	15	422	135116	774590	0
Guntamadugu Tanda	31	100	166533	790278	0
Guntamamidivalasa	1	194	185427	831701	0
Guntamarivalasa	25	305	184471	829703	0
Guntanala	1	224	153812	783769	0
Guntapalle	1	219	173641	826003	0
Guntapalle	1	426	140040	777504	0
Guntapalle	1	426	140075	778549	0
Guntapalle	1	228	154735	779164	0
Guntapalle	1	426	145051	774298	0
Guntapalle	1	195	152311	789414	0
Guntapalle	1	221	148956	789730	0
Guntapalli	31	32	175224	780577	0
Guntapalli	1	-1	138625	779452	0
Guntapalli	15	47	135456	783502	0
Guntapalli	30	215	126373	781371	0
Guntapalli	1	221	147385	790400	0
Guntapet	31	160	192767	797091	0
Guntapura	15	333	141861	752870	0
Guntarayi	1	258	181262	827027	0
Guntari	12	460	308837	776524	0
Guntateda	25	305	184333	829892	0
Guntavada	25	108	180591	820525	0
Guntavada	25	108	180830	820774	0
Guntavalasa	25	305	184946	829883	0
Guntavalasa	25	305	185285	828411	0
Guntavaripalle	1	190	136899	783737	0
Guntavaripalle	1	195	154302	792568	0
Guntavaripalli	15	47	134057	783393	0
Guntavaripalli	1	207	135655	790596	0
Guntevaripalli	1	45	134627	790968	0
Gunthal	12	348	323171	761462	0
Gunthala	11	565	307311	769055	0
Gunthala	20	390	210802	797519	0
Gunthamvaripalli	1	190	140877	791505	0
Gunthapaju	25	527	202614	848248	0
Gunthasahi	25	527	200398	850010	0
Gunthi ka Purwa	33	686	264498	793090	0
Gunthuni	25	527	201916	851749	0
Gunti	11	-1	281287	759943	0
Gunti	28	463	278536	762533	0
Gunti	1	219	179671	828745	0
Gunti	14	541	229217	856197	0
Gunti	14	541	229236	856398	0
Guntia	14	276	226723	857072	0
Guntibilu	15	422	134786	775923	0
Guntiganipalli	15	47	135216	782720	0
Guntimadugu	31	60	174147	811278	0
Guntimadugu	1	190	141049	786290	0
Guntipalle	1	190	136779	780792	0
Guntipalle	1	207	134353	792975	0
Guntipalle	1	207	133328	792646	0
Guntipalli	31	100	166131	788705	0
Guntipalli	1	207	133418	792086	0
Guntipedu	1	45	136448	797686	0
Guntirajupalle	1	190	137405	783504	0
Guntiri	12	409	327657	765376	0
Guntirthwadi	15	167	178239	769719	0
Guntlavandlapalle	1	190	136942	781836	0
Guntraguda	25	305	189722	828563	0
Guntukalumenahalli	15	246	145197	765492	0
Guntupalle	1	212	159827	800145	0
Guntupalle	1	25	170036	811389	0
Guntupalle	1	195	151496	795198	0
Guntur	31	32	176517	782162	0
Guntur	31	178	177434	793991	0
Guntur	31	61	178797	795153	0
Guntur	31	240	179075	796293	0
Gunturgudam	31	178	177434	793031	0
Gunturlinganapalem	1	195	151474	796160	0
Gunturpalem	31	240	178623	797126	0
Gunturpalli	31	61	179032	795609	0
Gunturpalli	31	240	177740	796214	0
Gunturpalli	31	240	177651	797054	0
Gunturpalli	31	240	179050	798382	0
Gunturpalli	31	240	179235	798668	0
Gunturpalli	31	240	178118	798127	0
Gunturpalli	31	61	180950	795295	0
Gunturpalli	31	128	177100	789998	0
Gunturpalli	15	422	137484	780584	0
Gunturu	31	178	178731	791694	0
Gunturugadde	15	422	134964	781600	0
Gunturugudem	31	61	178963	794872	0
Gunturupalle	1	190	133809	784807	0
Gunturuvandlapalli	1	207	133888	792016	0
Gunu Chak	4	510	255668	858433	0
Gunu Chak	4	510	255929	858621	0
Gunua	19	208	236675	779478	0
Gunudei	25	277	207594	854668	0
Gunukulavaripalle	1	426	138830	777988	0
Gunun	12	348	325988	760279	0
Gunun	12	348	325967	760442	0
Gunun	12	348	324610	763155	0
Gunun Majra	27	608	308512	766319	0
Gununia	25	281	219192	856591	0
Gununpur	27	468	319692	754807	0
Gununpur	27	468	319567	755016	0
Gunupadu	1	45	139914	799744	0
Gunupodpalem	1	45	139741	799647	0
Gunupudi	1	219	173327	826411	0
Gunupur	25	273	196100	831160	0
Gunupuru	1	176	180772	834735	0
Gunupurupeta	1	176	180925	834615	0
Gunuvalli	15	97	135799	753633	0
Gunvada	25	108	183239	823421	0
Gunwa	10	205	243103	730423	0
Gunwadi	33	102	240989	829663	0
Gunwadih	4	117	245004	850050	0
Gunwahi	19	461	227093	808020	0
Gunwan	33	522	271313	817245	0
Gunwandih	33	314	264570	833394	0
Gunwanti	4	641	260656	873152	0
Gunwapur	33	654	264710	811847	0
Gunwar	28	339	252446	755288	0
Gunya Tharu	12	460	312576	772664	0
Gunzalapadu	1	224	151916	783042	0
Gunzan	13	640	334037	749066	0