Gurugram	11	606	284601	770263	886519
Gurdaspur	27	468	320393	754032	77928
Gursahaiganj	33	548	271152	797317	40214
Gursarai	33	417	256168	791805	25191
Guruvayur	16	232	105943	760411	21416
Gurmatkal	15	72	168677	773909	20614
Guru Har Sahai	27	545	307086	744041	17192
Gurh	19	497	245027	815004	14608
Gurur	6	642	206812	814009	3775
G'ura	19	322	262945	790319	0
Gur	28	22	240872	739971	0
Gur	13	146	337627	751316	0
Gur	4	636	257313	864587	0
Gur Bakhsh	33	605	268338	817105	0
Gur Bakhsh Khera	33	301	265768	807778	0
Gur Bakhsh Lala	33	688	260599	816142	0
Gur Chhapra	33	539	268619	838661	0
Gur Din Purwa	33	488	274868	811819	0
Gur ki Mandi	33	526	271039	776907	0
Gur Purwa	33	312	279432	810317	0
Gur Purwa	33	312	278363	811576	0
Gur Purwa	33	312	278858	811355	0
Gur Rampur	33	444	250634	806944	0
Gur Sahai Purwa	33	282	274510	814962	0
Gur Saraiyan	33	522	268611	817772	0
Gur Shikran	33	523	278977	781696	0
Gur Sir	13	289	342603	744280	0
Gura	28	288	278261	756294	0
Gura	28	274	251933	717173	0
Gura	35	452	241894	880749	0
Gura	13	559	328760	747075	0
Gura	13	559	328989	746410	0
Gura	13	485	331703	741814	0
Gura	13	485	330925	742130	0
Gura	13	559	329260	747703	0
Gura	13	690	326333	749583	0
Gura	13	690	326847	749924	0
Gura	19	462	251219	789484	0
Gura	33	548	270170	798326	0
Gura	19	638	253061	793182	0
Gura	33	686	268624	795061	0
Gura	33	548	268445	797163	0
Gura	19	462	249571	790618	0
Gura	19	462	249459	791499	0
Gura	28	22	242608	738764	0
Gura	6	275	214100	811908	0
Gura	19	459	263283	778574	0
Gura	19	502	239990	792669	0
Gura	31	271	197604	785159	0
Gura	19	420	251894	775748	0
Gura	19	324	247735	770533	0
Gura	19	502	241891	795821	0
Gura	20	110	197413	789558	0
Gura	19	338	238663	788369	0
Gura	19	313	246401	805020	0
Gura	19	502	236757	795089	0
Gura	19	336	235486	805618	0
Gura	13	477	325151	752785	0
Gura	27	665	323605	756045	0
Gura	19	153	223753	742694	0
Gura	27	355	311439	758328	0
Gura	28	22	239379	738491	0
Gura	19	129	225215	747906	0
Gura	19	129	226161	749247	0
Gura	28	402	250638	749620	0
Gura	14	276	223948	858041	0
Gura	25	281	219558	855481	0
Gura Andla	28	263	255106	732208	0
Gura Balu	13	477	324798	752584	0
Gura Bara	19	153	224368	744939	0
Gura Barela	33	116	278465	793655	0
Gura Bhagwandas	28	414	272189	734772	0
Gura Bishnoian	28	331	261311	730944	0
Gura Jatana	13	690	325136	752151	0
Gura Kalan	19	337	237545	806598	0
Gura Kalan	28	331	261523	731131	0
Gura Kaliyal	13	477	326363	754675	0
Gura Kaliyal	13	477	326278	754714	0
Gura Keian	13	559	327823	748160	0
Gura Manahasam	13	559	327759	745721	0
Gura Mian	13	559	327388	748491	0
Gura Panditha	13	477	325176	754177	0
Gura Partabsingh	28	263	256138	731293	0
Gura Prai	13	477	324813	752813	0
Gura Salathian	13	690	326036	750449	0
Gura Sango	13	559	328582	747815	0
Gura Sarkari	13	485	334502	744566	0
Gura Sunj	13	477	325021	753994	0
Guraahai	13	1	336449	742301	0
Gurach	28	550	247985	736683	0
Gurada	19	202	220300	764719	0
Guradakheri	19	635	227874	757088	0
Guraddi	27	680	300127	756173	0
Guradi	19	648	229169	771345	0
Guradi	25	281	218031	858345	0
Guradih	14	628	227653	859060	0
Guradiya	19	202	216654	762035	0
Guradiya	19	129	221512	746638	0
Guradiya Nalkheda	19	334	237373	763556	0
Guradiya Sirajudin	19	648	229543	767308	0
Guradiya Vijay	19	558	240265	755656	0
Guradya	19	635	225411	757903	0
Guraen	33	532	262721	826168	0
Guragangudem	6	80	184956	808947	0
Guragarh	6	365	214477	824075	0
Guraginjagurki	15	47	130897	780281	0
Gurah	28	463	273600	762699	0
Gurah	27	647	308342	755754	0
Gurah	27	665	321309	756393	0
Gurah Kishoridas	28	463	273386	762569	0
Gurah Suri	13	477	324983	753960	0
Gurahai	33	685	270813	808800	0
Gurahan	12	267	316909	771775	0
Gurahi	33	445	273220	788680	0
Gurahi	19	646	244746	821312	0
Gurahna	33	593	278602	786749	0
Gurai	28	302	258467	757805	0
Gurai	33	575	262834	825065	0
Guraia	19	324	244166	773928	0
Guraia Suilpur	33	389	270596	787668	0
Guraian	33	282	278960	814037	0
Guraicha	33	488	274120	812037	0
Guraila	4	394	248901	841017	0
Gurain Purwa	33	654	260981	814035	0
Guraini	33	27	256863	833891	0
Guraini	33	694	254376	834574	0
Guraini	33	33	259202	826807	0
Gurais	13	119	346333	748333	0
Guraiya	19	338	236723	788005	0
Guraiya	19	338	236600	787984	0
Guraiya	19	325	220441	788885	0
Guraiya	19	395	248008	775550	0
Guraiya	19	638	248492	795988	0
Guraiya	19	325	220858	792569	0
Guraiya	19	449	231726	806260	0
Guraiya Colony	19	465	259376	778926	0
Guraiyah Purwa	33	450	261400	799784	0
Guraja Pand	19	461	227206	807154	0
Gurajada	1	68	163597	808778	0
Gurajghat	19	568	223508	773740	0
Guraka	13	358	330659	756449	0
Gurakhari	19	142	220384	806139	0
Gurakonda	31	306	166267	778048	0
Gural	12	39	318098	761264	0
Gurala	27	284	316625	755626	0
Guralbayalu	1	258	183357	824791	0
Guralgundi	31	447	182060	788268	0
Guralgunta	15	72	166215	773383	0
Gurali	27	545	310856	750785	0
Gurali	28	22	246330	738167	0
Gurallapalem	1	453	182856	837385	0
Guralmetta	1	258	183242	824632	0
Guralukunte	15	47	134085	781929	0
Guram	33	431	297289	774863	0
Guram	14	310	228454	848136	0
Guramaranahalli	15	652	128990	764052	0
Guramb	33	431	300389	777653	0
Gurambhatola	4	106	249449	855816	0
Guramgadda	31	295	161957	779150	0
Guramgaon	19	449	228008	812937	0
Guramguda	31	62	172947	785661	0
Guramhatanr	14	732	244653	852607	0
Gurami	6	642	207603	810312	0
Guramkheri	19	568	226850	781272	0
Gurammapeta	1	219	175659	825847	0
Gurammavalasa	1	176	183763	832769	0
Gurampalem	1	81	178412	832155	0
Gurampalli	15	71	175434	773133	0
Gurampalli	31	62	170650	780025	0
Gurampalli	31	717	185616	794652	0
Gurampeta	1	219	177233	826275	0
Gurampod	31	100	168676	791122	0
Guran	19	635	229288	758860	0
Gurana	33	316	296155	773513	0
Gurana	11	327	293007	759579	0
Gurana	33	458	290809	772984	0
Gurana	34	413	298792	792416	0
Gurana	34	692	297953	798582	0
Guranb	33	672	291835	778059	0
Gurandabera	14	476	227518	844135	0
Gurandi	25	243	188183	842196	0
Gurandi	1	194	188191	837552	0
Gurandi	1	194	189643	838072	0
Gurandi	1	453	187490	839305	0
Gurandi	25	373	203673	844465	0
Gurandikhol	25	683	215980	849259	0
Gurandorapalem	1	219	176975	826185	0
Guranhalli	15	655	151444	751966	0
Guraniya	33	102	244427	832659	0
Gurannapalem	1	219	177561	830203	0
Gurannapet	31	447	178797	788564	0
Gurantola	35	397	252535	878796	0
Gurantror	17	-1	336689	757989	0
Guraoli	33	526	269383	783252	0
Guraora	11	500	283827	766429	0
Guraothl	11	689	290152	765438	0
Gurapahar	14	633	247435	876045	0
Gurapalle	1	258	180471	826736	0
Gurapatan	13	559	328891	747439	0
Gurappagudem	31	100	170655	793785	0
Gurappagudem	31	100	170305	794848	0
Gurappagudem	1	25	172698	813151	0
Gurappalem	1	259	172088	820625	0
Gurappanahalli	15	422	135786	774168	0
Gurappanahalli	15	246	143412	761917	0
Gurappanapalya	15	43	129209	776025	0
Gurappanayanipalem	1	10	159625	797394	0
Gurappanayudikandigai	1	45	138024	797326	0
Gurappanayudukhandigai	1	207	133313	797342	0
Gurar	11	466	289378	768066	0
Gurar	12	460	310006	777379	0
Gurar	19	354	229004	796428	0
Gurar	19	461	226019	804820	0
Gurar	12	348	324747	762656	0
Gurar	34	-1	308853	777862	0
Gurar	34	589	299417	788348	0
Gurar ka Khirk	19	509	252194	787191	0
Gurara	19	509	251359	787092	0
Gurara	19	509	251423	786948	0
Gurara	34	413	295899	798365	0
Guraras	6	620	202300	804822	0
Gurarda	19	311	223667	763535	0
Gurari	19	568	227917	782400	0
Gurari	28	321	242603	765150	0
Gurari	28	321	242598	767471	0
Gurari	33	27	255857	831945	0
Gurari	19	568	228371	783939	0
Gurari	33	33	259879	826843	0
Gurari	33	595	275448	818423	0
Gurari	33	515	265693	837255	0
Gurari	12	514	307722	775069	0
Guraria	19	568	226874	780366	0
Guraria	19	311	225238	769891	0
Guraria	19	326	229629	782544	0
Guraria	19	317	220816	759879	0
Guraria	33	488	275827	808170	0
Guraria	19	303	234874	761844	0
Guraria	19	129	225065	747515	0
Guraria	19	129	226722	748082	0
Guraria	19	311	227691	763265	0
Guraria	19	648	229583	767368	0
Guraria Bhil	19	311	228874	760982	0
Guraria Gujar	19	311	229036	762840	0
Guraria Halu	19	311	227988	763667	0
Guraria Kachhi	19	311	230364	763922	0
Guraria Khurd	19	568	226409	780053	0
Guraria Khurd	19	648	229274	766285	0
Guraria Rau	19	648	228437	766124	0
Gurariya	19	16	240012	764767	0
Gurariya	19	503	229751	790695	0
Gurariya	19	208	234901	778350	0
Gurariya	19	568	225327	773721	0
Gurariya	19	568	227440	778403	0
Gurariya	19	334	239245	761541	0
Gurariya	19	334	237375	763594	0
Gurariya	19	16	238836	766417	0
Gurariya	19	16	236086	768477	0
Gurariya	19	635	226237	761324	0
Gurariya	19	311	226899	762950	0
Gurariya Pir	19	334	238220	760198	0
Gurariya Rupchand	19	648	229991	768396	0
Gurariyaray	19	311	226214	763715	0
Gurarkhera	28	321	243486	763495	0
Gurarkhera	28	321	242977	767602	0
Gurarkheri	19	446	223373	772323	0
Gurarmal	19	635	224080	756958	0
Guraru	4	117	246296	847323	0
Guraru	4	117	248137	848070	0
Gurasa	12	348	324868	763061	0
Gurasai	14	276	220574	857999	0
Gurasanguda	25	243	189405	838547	0
Gurasar	19	512	242724	803264	0
Guratipalli	31	557	184166	791690	0
Guratoli	14	416	228903	851568	0
Guratopa	25	281	217923	854852	0
Guratopa	25	281	217958	854713	0
Guraula	33	619	250642	811184	0
Gurauli	33	548	268889	798410	0
Gurauli	33	626	253127	814059	0
Gurauli	33	314	267293	833171	0
Gurauli Sapahai	33	444	255319	807887	0
Gurauli Shukul	33	444	255776	807364	0
Guraulia	33	539	267168	840168	0
Gurauliapatti	33	539	267531	841042	0
Gurauti Kalan	33	102	246911	832437	0
Gurauti Khurd	33	102	246923	832379	0
Guravaigudem	1	25	170949	812799	0
Guravalli	15	333	135882	752811	0
Guravam	1	176	184803	836711	0
Guravanhalli	15	375	131645	772551	0
Guravapalle	1	99	144012	771171	0
Guravarajupalli	1	45	136409	795209	0
Guravareddipalem	1	6	151535	800388	0
Guravareddipalem	1	195	156017	799902	0
Guravayapalem	1	10	161666	800470	0
Guravet Kalan	13	76	338976	746413	0
Guravet Khurd	13	76	339118	746521	0
Gurawa	33	516	257951	839010	0
Gurawal	19	420	258371	777569	0
Gurawan	19	202	221553	767903	0
Gurawar	11	689	289884	764554	0
Gurawar	11	586	286523	766915	0
Gurawar	12	279	313030	768883	0
Gurawati	33	710	260173	792030	0
Guraya	27	284	316553	757706	0
Gurayi	1	258	180085	825617	0
Gurayta	28	357	248440	762204	0
Gurbadha	4	510	256853	860374	0
Gurbahal	25	372	206506	842081	0
Gurbakas	33	445	272661	790618	0
Gurbakhsh Dube Purwa	33	654	261090	814575	0
Gurbakhsh Khera	33	654	264850	811609	0
Gurbakhsh Khera	33	654	264990	810448	0
Gurbakhshganj	33	654	262988	810273	0
Gurbakhshganj	33	654	264709	812796	0
Gurbakhshpur	33	488	273077	808522	0
Gurbakhshpura	27	571	304949	757076	0
Gurbandha	14	562	223345	865460	0
Gurbapur	33	637	261631	817749	0
Gurbar	33	575	263679	822716	0
Gurbari	33	33	261470	826162	0
Gurbatwa	33	31	268072	815711	0
Gurbayi	6	577	186147	816663	0
Gurbe	14	678	239740	847547	0
Gurbei	19	311	226547	766505	0
Gurbera	14	416	231113	855871	0
Gurbhaga	25	478	214189	838349	0
Gurbharipur	33	33	254408	826741	0
Gurbhat	4	117	246474	847908	0
Gurbhela	20	134	204167	805500	0
Gurbheli	33	278	264890	791266	0
Gurbheli	25	572	202412	827492	0
Gurbhia	33	479	262372	827490	0
Gurchahi	33	282	276949	815905	0
Gurchahi	33	282	273872	818491	0
Gurchahi	33	269	274578	822661	0
Gurchakia	4	510	255778	858593	0
Gurchal	12	39	323654	759225	0
Gurcharad	33	522	270068	817667	0
Gurcharan Dih	33	269	273507	821581	0
Gurcharan Lodh	33	522	269083	817912	0
Gurchelam	1	-1	191654	782531	0
Gurchena	33	312	279324	809807	0
Gurchhan Purwa	33	488	274340	813317	0
Gurchhapur	33	431	297758	773143	0
Gurchurwa	4	457	268033	846327	0
Gurda	6	17	220486	831469	0
Gurda	25	281	219225	853873	0
Gurda	19	576	234313	799019	0
Gurda	19	576	232285	799228	0
Gurda	19	313	249863	808216	0
Gurda	6	725	228074	821394	0
Gurdaha	35	4	222778	883581	0
Gurdaha	35	432	227347	887594	0
Gurdaha	33	621	256056	801644	0
Gurdaha Kalan	4	520	258329	846050	0
Gurdaha Khurd	4	520	258394	845941	0
Gurdahi	33	645	263914	796469	0
Gurdahi Khurd	33	645	263502	796008	0
Gurdai	28	263	257971	731556	0
Gurdai	28	263	257196	732419	0
Gurdakheri	19	309	232918	767331	0
Gurdamunda	25	305	188872	828169	0
Gurdan Bala	13	485	334102	742915	0
Gurdan Pain	13	485	333969	742979	0
Gurdas Nangal	27	468	320031	753477	0
Gurdaspur	33	451	275394	797017	0
Gurdaspur	27	704	309563	764990	0
Gurdaspur	33	661	274054	796048	0
Gurdaspur	33	242	252565	827482	0
Gurdaspur	33	553	291781	785692	0
Gurdaspur	33	532	264721	826571	0
Gurdaspur	12	604	309071	768920	0
Gurdaspur	4	510	256462	858823	0
Gurdaspur	27	665	321981	755161	0
Gurdaspur	27	284	320363	756083	0
Gurdaspura	27	571	302512	759421	0
Gurdaspura	12	604	311413	767051	0
Gurdaspurwa	33	282	279165	814763	0
Gurdat	4	636	256558	864747	0
Gurdat Khera	33	31	266125	812436	0
Gurdat Purwa	33	282	276871	815723	0
Gurdat Purwa	33	522	270179	818343	0
Gurdat Purwa	33	282	274335	817705	0
Gurdat Tiwari	33	31	267690	815101	0
Gurdatganj	33	637	262769	817175	0
Gurdatola	6	676	202436	807878	0
Gurdatpur	33	282	277347	816129	0
Gurdatpura	27	543	304412	760832	0
Gurdatt Khera	33	654	261962	808464	0
Gurdauli	33	33	259336	827513	0
Gurdayal	33	282	276381	814444	0
Gurdayal	33	282	275903	814903	0
Gurdayal Jot	33	496	271212	832220	0
Gurdayal Purwa	33	269	273178	824293	0
Gurdayalnagar	33	269	273379	822406	0
Gurdehalli	20	131	176025	760313	0
Gurdevnagar	33	196	248342	827243	0
Gurdha	20	390	209675	798600	0
Gurdhadang	28	113	268331	773507	0
Gurdhana	19	325	220064	784725	0
Gurdhara	33	488	273265	805986	0
Gurdharia	33	196	251149	826190	0
Gurdharu	33	659	274894	798690	0
Gurdhi	25	399	207786	849471	0
Gurdi	14	712	242027	838168	0
Gurdi	4	112	246173	841121	0
Gurdi Khari	19	607	244826	826191	0
Gurdia	33	522	272275	821458	0
Gurdial Purwa	33	659	274561	802375	0
Gurdialpura	27	543	300577	761843	0
Gurdiguda	25	305	185811	823906	0
Gurdih	6	365	216664	819295	0
Gurdih	4	567	251583	861086	0
Gurdiha	33	102	247177	831196	0
Gurdin	33	522	269899	824734	0
Gurdin Dih	33	522	273574	820998	0
Gurdin Khera	33	654	265271	811060	0
Gurdin Pura	33	605	267741	821976	0
Gurdin Purwa	33	312	279271	811824	0
Gurdin Purwa	33	282	275120	817469	0
Gurdin Purwa	33	659	276797	801942	0
Gurdin Singh Purwa	33	685	267094	811168	0
Gurdiposi	25	281	219346	857124	0
Gurdiposi	25	281	216141	858773	0
Gurditgarh	27	680	300719	756175	0
Gurditpur	27	647	307649	760159	0
Gurditpura	27	543	298601	762226	0
Gurdittiwala	27	545	310219	748473	0
Gurdupet	31	160	194876	797366	0
Gurdwan	33	619	251075	814865	0
Gurdwara	12	270	317690	763277	0
Gurdwara Sahib Sauofi	27	624	306221	762660	0
Gure	13	485	333712	744808	0
Gured	27	665	324176	757622	0
Gureda	6	642	210024	812600	0
Guregaon	33	575	262229	822074	0
Gureh	33	444	254664	803918	0
Gureha	19	337	239933	806922	0
Gurehr	12	39	318304	762836	0
Gurehr	12	39	317857	763142	0
Gurehr	12	270	317718	763254	0
Gurehun	33	694	254273	833317	0
Gurekra	13	358	331346	756761	0
Gurela	6	642	210503	811846	0
Gurela	33	488	278107	810257	0
Gurela	33	31	269463	813218	0
Gurela	33	488	272451	810635	0
Gurela	33	312	279413	802282	0
Gurela Purwa	33	31	268979	814247	0
Gureli	6	611	216790	831878	0
Gurenadih	6	285	200182	822496	0
Gurer	33	492	287072	787245	0
Gurera	19	354	221126	800519	0
Gurera	11	415	289198	755119	0
Gurera	33	694	254436	832080	0
Gurera	33	488	275104	809609	0
Gurera	4	663	252266	858948	0
Gureradih	6	388	220298	828525	0
Guresira	25	478	213283	835730	0
Guret	33	102	247181	828223	0
Guret	12	315	317759	761559	0
Gureta	19	208	242442	777433	0
Guretha	33	464	284559	783433	0
Guretha	33	492	288401	786656	0
Guretha	33	116	282248	787318	0
Guretha	33	479	258487	832211	0
Guretha Sultanpur	33	644	278357	784331	0
Gurethi	33	522	270820	817843	0
Gurez	4	363	254508	844756	0
Gurez	13	119	346346	747727	0
Gurga	25	349	194481	837301	0
Gurgachka	28	463	279145	766502	0
Gurgahan	6	17	218501	834279	0
Gurgaia	33	116	283235	790703	0
Gurgaia	4	112	246853	843854	0
Gurgain	14	541	235112	851700	0
Gurgain	14	541	235104	855246	0
Gurgajpur	33	431	297319	777573	0
Gurgajpur	33	654	260763	812250	0
Gurgan	25	373	203934	841087	0
Gurganj	4	117	247062	851221	0
Gurganwan	33	329	285695	795559	0
Gurgaon	20	616	193425	772676	0
Gurgaon	33	116	279972	792305	0
Gurgaon	33	451	276937	796754	0
Gurgaon	33	329	284355	791349	0
Gurgaon	33	645	262809	798283	0
Gurgaon	33	584	254978	821592	0
Gurgaon	33	622	285562	788979	0
Gurgaon	33	522	269521	824334	0
Gurgaon	4	491	263246	878679	0
Gurgaon	4	491	261630	877918	0
Gurgaon	14	276	224855	851880	0
Gurgaon	14	276	221165	858033	0
Gurgaria Surdas	19	311	231617	763182	0
Gurgat	10	130	221972	691925	0
Gurgaula	33	698	256448	811311	0
Gurgaula	33	619	254914	811449	0
Gurgauli	33	492	290584	787248	0
Gurgauna	33	532	265025	824256	0
Gurgawan	19	576	232668	799087	0
Gurgawan	33	451	279619	797263	0
Gurgawan	19	607	246263	827505	0
Gurgawan	33	451	280131	798850	0
Gurgawan	33	656	281804	799068	0
Gurgawan	19	313	248328	810192	0
Gurgawan	4	535	263833	862861	0
Gurgawan	4	535	263413	864877	0
Gurgawan	4	510	253667	862391	0
Gurgawan	4	636	257017	865988	0
Gurgawan	4	136	256104	856005	0
Gurgawan	4	602	254645	876197	0
Gurgawar	33	444	257607	804920	0
Gurghatta	33	282	279269	814577	0
Gurghatta Khurd	33	312	278973	810557	0
Gurgi	19	497	244961	814269	0
Gurgi	33	196	247624	823338	0
Gurgi	33	196	247527	823358	0
Gurgi Purwa	33	654	261118	812703	0
Gurgia	33	451	280240	799357	0
Gurgia Bahadurpur	33	451	279450	797925	0
Gurgihalli	15	652	130508	757763	0
Gurgipalle	1	25	172892	813327	0
Gurgiri	31	160	193806	793204	0
Gurgu	14	678	237084	844475	0
Gurguda	19	497	248840	813149	0
Gurgudiri	14	628	228794	856857	0
Gurgui	31	58	182515	779238	0
Gurguja	34	692	298796	798736	0
Gurguja	33	659	273705	801265	0
Gurguji	33	33	255843	823761	0
Gurguji	33	33	255209	823542	0
Gurgujpur	33	661	272202	797180	0
Gurgujpur	33	516	258409	839130	0
Gurgujpur	33	488	275784	812755	0
Gurgumamidi	1	219	180002	828712	0
Gurgunda	19	443	222684	779000	0
Gurgunta	15	50	162875	766305	0
Gurgura	14	310	229459	846644	0
Gurgurchuan	14	416	229572	852055	0
Gurgurchuantoli	14	541	231711	855946	0
Gurguri	6	384	232068	837996	0
Gurguria	14	276	225819	855496	0
Gurguriapur	33	450	263395	804575	0
Gurguriatoli	14	740	235083	846425	0
Gurguriatoli	14	740	234912	846277	0
Gurguriatoli	14	740	234435	847273	0
Gurgurjari	14	541	234304	850247	0
Gurgurtoli	14	678	239511	846735	0
Gurgurtoli	14	740	234145	847870	0
Gurgurtoli	14	740	233508	848647	0
Gurguti	20	132	213239	772117	0
Gurgutoli	14	476	226836	844574	0
Gurguttoli	14	310	228099	843941	0
Gurh	12	267	316062	767642	0
Gurh Purwa	33	488	277859	810563	0
Gurha	28	296	278836	728614	0
Gurha	28	679	270621	764792	0
Gurha	33	370	245819	788381	0
Gurha	11	466	291232	766871	0
Gurha	28	679	267044	762181	0
Gurha	28	550	249221	735426	0
Gurha	28	550	248128	737081	0
Gurha	28	550	247997	737020	0
Gurha	28	550	247925	737072	0
Gurha	28	22	246533	737128	0
Gurha	28	321	244941	764204	0
Gurha	20	134	196061	805091	0
Gurha	33	526	272513	781066	0
Gurha	33	526	271029	781806	0
Gurha	33	593	276397	789560	0
Gurha	33	526	271055	777838	0
Gurha	19	395	245349	781795	0
Gurha	33	451	276613	798562	0
Gurha	19	420	254462	774444	0
Gurha	33	682	275841	784672	0
Gurha	33	645	262169	799714	0
Gurha	33	710	258491	795297	0
Gurha	33	417	252800	790348	0
Gurha	33	591	252456	794718	0
Gurha	33	591	254534	796730	0
Gurha	33	389	269874	786196	0
Gurha	33	417	253964	784751	0
Gurha	19	484	257884	786807	0
Gurha	33	621	255575	800558	0
Gurha	33	370	243905	786452	0
Gurha	19	512	244948	800925	0
Gurha	19	313	244070	805959	0
Gurha	33	553	296743	782964	0
Gurha	33	553	295993	784252	0
Gurha	6	517	219313	814277	0
Gurha	28	428	261363	745269	0
Gurha	27	608	308337	767798	0
Gurha	28	550	249885	738046	0
Gurha	28	550	249430	739434	0
Gurha	28	550	249136	738893	0
Gurha	28	22	248807	738829	0
Gurha	28	22	245783	738948	0
Gurha	28	22	245631	738429	0
Gurha	28	22	245787	738402	0
Gurha	28	263	263506	742654	0
Gurha	28	263	262613	743576	0
Gurha	28	298	251612	742458	0
Gurha	4	382	265024	846256	0
Gurha	4	382	267180	847328	0
Gurha	14	673	240146	840448	0
Gurha	14	673	240927	843258	0
Gurha	14	673	239277	842211	0
Gurha	14	454	244177	858137	0
Gurha	14	434	241296	861360	0
Gurha	25	527	203835	846304	0
Gurha	25	527	203934	846314	0
Gurha	28	22	247728	738076	0
Gurha Bala	28	-1	241649	749483	0
Gurha Bichhu	28	263	255965	733365	0
Gurha Buzurg	33	370	244584	786596	0
Gurha Chhota	28	263	250695	732846	0
Gurha Jharkhand	33	417	254360	793207	0
Gurha Kalan	19	338	236318	791881	0
Gurha Kalan	19	638	251501	800399	0
Gurha Kalan	14	673	241997	839000	0
Gurha Kalyan Singh	28	263	251481	733562	0
Gurha Khas Mustaqil	33	710	261830	797128	0
Gurha Khurd	19	338	236222	791971	0
Gurha Khurd	19	638	250817	802156	0
Gurha Mota	28	263	250674	732898	0
Gurha Narkha	28	263	256416	733832	0
Gurha Niamatpur	33	710	261412	793574	0
Gurha Sonigara	28	263	255802	733245	0
Gurhad	20	110	204452	790297	0
Gurhai	33	593	276934	789409	0
Gurhai Purwa	33	31	268641	814522	0
Gurhal	19	420	249783	775260	0
Gurhal	19	313	242221	810687	0
Gurhala	12	39	319216	760653	0
Gurhale	20	54	202983	740597	0
Gurhalimal	25	262	219842	840002	0
Gurhana	33	116	278745	792362	0
Gurhanwa	4	382	268980	848032	0
Gurhata Auwar	19	323	256572	765270	0
Gurhatola	19	313	242580	813374	0
Gurhatoli	14	673	240291	839938	0
Gurhawa	33	102	247728	827397	0
Gurhba	19	497	244986	815198	0
Gurhe ka Pura	19	459	267852	784109	0
Gurhet	14	732	239498	854572	0
Gurhi	6	365	217296	820484	0
Gurhi	19	443	217032	779755	0
Gurhi	6	279	221597	823102	0
Gurhi	4	590	258994	874841	0
Gurhia	33	282	278308	813791	0
Gurhiali	25	290	217547	839208	0
Gurhiali	25	372	206485	842248	0
Gurhiana	33	389	268962	786702	0
Gurhiari	6	299	212596	816265	0
Gurhiari	4	641	263045	872842	0
Gurhiatola	4	581	253519	858396	0
Gurhipali	25	297	209324	841348	0
Gurhlio	28	120	269232	755537	0
Gurhmi	14	416	229706	852618	0
Gurhmurha	4	491	263505	878011	0
Gurholi	20	52	184126	740899	0
Gurhua	33	31	269381	814366	0
Gurhuru	19	313	244961	809766	0
Gurhutoli	14	310	233397	845359	0
Gurhwa	6	388	221212	828113	0
Gurhwa	19	497	247478	815238	0
Gurhwa	19	497	247377	815218	0
Gurhwa	19	313	241541	810612	0
Gurhwa	33	269	274733	822436	0
Gurhwa	19	313	248187	810033	0
Gurhwa Gwari	33	31	269338	813326	0
Gurhwabhairantola	19	497	247427	815417	0
Gurhya Khera	11	563	293940	749896	0
Guri	12	460	311143	773880	0
Guri	11	482	300789	770446	0
Guri	4	363	255011	847383	0
Guri	14	732	241821	851993	0
Guri	4	117	246129	851661	0
Guri	4	117	246859	849147	0
Guri Akhar	13	0	344117	742412	0
Guri Hatnur	31	271	195293	785129	0
Guri Kadal	13	412	339154	750607	0
Guri Kalan	14	732	243566	851855	0
Guria	19	576	232852	797919	0
Guria	4	718	253056	838268	0
Guria	33	242	252541	826736	0
Guria	28	330	254293	730500	0
Guria	4	410	261633	869645	0
Guria	4	632	259972	870118	0
Guria	33	312	278781	801996	0
Guria	14	416	229780	851273	0
Guria	4	505	249836	863915	0
Guria	33	31	269109	816984	0
Guria Khera	33	659	274316	801877	0
Guria Purwa	33	595	276024	818753	0
Guria Purwa	33	654	261088	814278	0
Guriabandh	14	712	239906	838082	0
Guriabari	25	527	204091	848493	0
Guriabari	25	527	203542	849448	0
Guriabari	25	527	203502	850783	0
Guriabhuin	25	399	207287	851769	0
Guriah	12	39	319894	763097	0
Guriahi	14	673	240574	840976	0
Guriakona	6	384	228875	842377	0
Gurial	12	39	319900	760689	0
Guriamunda	25	399	207448	851608	0
Gurian Purwa	33	488	276148	810708	0
Gurian Purwa	33	282	275185	815094	0
Gurian Purwa	33	282	275132	815056	0
Gurian Purwa	33	282	276622	815678	0
Gurian Purwa	33	282	276427	815682	0
Gurian Purwa	33	282	275607	815723	0
Gurian Purwa	33	282	275402	815986	0
Gurian Purwa	33	595	276914	818785	0
Gurian Purwa	33	595	275831	818566	0
Gurian Purwa	33	595	276441	819485	0
Gurian Purwa	33	522	272149	817721	0
Gurian Purwa	33	522	271086	819227	0
Gurian Purwa	33	522	269158	817823	0
Gurian Purwa	33	522	269198	818124	0
Gurian Purwa	33	575	261948	820949	0
Gurian Purwa	33	575	261169	823490	0
Gurian Purwa	33	282	273756	814393	0
Guriana	33	370	243684	786602	0
Guriana	33	314	271060	831679	0
Guriana	33	479	263407	832377	0
Guriani	11	500	283569	765360	0
Guriano	19	338	242990	782589	0
Guriapal	6	578	188793	820275	0
Guriapi	14	276	221449	859729	0
Guriapur	33	645	264604	797654	0
Guriapura	19	337	237403	801937	0
Guriari	4	507	252391	849950	0
Guriari	4	569	259670	862106	0
Guriatoli	14	379	243453	846026	0
Guriatoli	6	384	229849	840730	0
Guriawan	4	675	265585	842010	0
Guriawan	4	117	246636	850503	0
Guribanda	25	243	189016	838633	0
Gurichha	19	420	257877	775733	0
Gurichinattam	1	45	135017	790771	0
Guridih	14	541	233636	856160	0
Guridih	35	400	234045	859146	0
Gurigaon	25	290	218611	840877	0
Gurige	15	97	132964	751893	0
Gurigindalametta Tanda	31	448	162429	782263	0
Gurihar	4	590	258901	877666	0
Gurihari	4	632	259300	867998	0
Gurihwan	33	102	245533	830201	0
Gurijala	31	100	173369	793708	0
Gurijala	1	221	145912	780895	0
Gurijapalem	1	219	175106	829721	0
Gurijepalle	1	212	161069	800379	0
Gurijepalle	1	195	159391	793227	0
Gurikadapalle	1	190	137025	784791	0
Gurikanivandlapalle	1	426	139723	782222	0
Gurikanivandlapalle	1	426	140954	784048	0
Gurikanivandlapalle	1	190	140598	786187	0
Gurikanivandlapalle	1	190	140055	785723	0
Gurikarnahalli	15	652	128194	764557	0
Gurikha	19	322	263937	782992	0
Gurila	19	420	253397	775192	0
Gurimaju	25	349	194634	836732	0
Gurimunda	25	380	210305	834119	0
Gurimunda	25	478	211708	834616	0
Gurinda	34	589	298610	790207	0
Gurindi	34	589	300352	788240	0
Guripet	31	90	188567	793527	0
Guripur	13	573	342946	748762	0
Guripur	13	76	340063	745856	0
Guripur	13	289	343621	744333	0
Guripur	33	31	267690	814767	0
Guripur	13	412	339488	749796	0
Gurira	28	113	277341	772424	0
Gurira	19	322	262685	788324	0
Gurirev	31	90	190245	790969	0
Gurirevela	31	218	185282	803656	0
Guritanr	14	434	242429	858924	0
Guritari	14	673	241980	839813	0
Guriti	25	349	192382	833395	0
Guritiguda	25	349	191660	833872	0
Guritoli	6	384	231440	840045	0
Guriu	13	477	326506	757070	0
Gurivindagunta	1	68	164439	809548	0
Gurivindapalle	1	68	162872	808247	0
Gurivindapudi	1	6	143023	795303	0
Gurivireddipalle	1	207	133165	786399	0
Guriya	28	263	259955	739556	0
Guriya	28	263	259702	738423	0
Guriya	14	379	242903	846219	0
Guriyachi	19	322	262231	786860	0
Guriyakheri	19	208	234884	778775	0
Guriyana	13	690	325774	752808	0
Guriyapodoro	6	578	188685	820839	0
Guriyari	33	116	283692	789826	0
Guriyathat	19	325	220826	786138	0
Guriyatoli	4	117	244910	846091	0
Gurj	33	370	248976	784792	0
Gurj	31	271	194734	785117	0
Gurj Nagaliya	33	523	277937	778561	0
Gurja	28	429	265866	769560	0
Gurja	19	322	265855	784565	0
Gurja	28	599	267664	775956	0
Gurja	19	459	264560	776609	0
Gurja	19	459	262246	777130	0
Gurja	19	459	260599	776813	0
Gurja	19	465	262330	779256	0
Gurja	19	459	262141	777769	0
Gurja	33	526	268500	784634	0
Gurja	19	459	267653	782789	0
Gurja	33	526	269037	785003	0
Gurja	20	134	193271	802791	0
Gurja ka Pura	19	459	263712	775205	0
Gurja Kamla	33	526	269552	784637	0
Gurja Nandan	33	526	269925	784115	0
Gurja Shiblai	33	526	269593	784684	0
Gurjahai	19	512	240421	800986	0
Gurjahna	19	313	242149	810499	0
Gurjai	19	354	221687	798009	0
Gurjakunta	31	58	181627	783880	0
Gurjal	31	240	179197	798329	0
Gurjal	31	58	183578	781413	0
Gurjan Purwa	33	312	279324	812434	0
Gurjan Purwa	33	488	275979	811963	0
Gurjandih	14	310	228075	849252	0
Gurjang	25	683	212099	847202	0
Gurjang	25	683	216781	849664	0
Gurjanhalli	15	652	129213	756948	0
Gurjania	28	402	250420	743176	0
Gurjapura	28	429	263414	771419	0
Gurjavaripalem	1	307	164251	816083	0
Gurjeni	28	321	247355	763402	0
Gurji	19	512	242396	804562	0
Gurji	19	337	238848	799968	0
Gurji	19	576	235169	800622	0
Gurji Khurd	19	337	238606	800039	0
Gurjibhata	6	285	200030	825522	0
Gurjiganj	33	522	272542	819261	0
Gurjiganj	33	269	274572	822321	0
Gurjihal	31	272	164093	773173	0
Gurjikunta	31	447	179581	789636	0
Gurjipadu	1	194	189388	837087	0
Gurjniya	28	402	250203	745634	0
Gurjola	19	354	222576	799523	0
Gurjuadi	14	276	227079	857822	0
Gurjubhavi	31	128	173269	792360	0
Gurkahan	12	460	311694	772483	0
Gurkainagenhalli	15	422	134464	776178	0
Gurkatoli	14	310	229141	844679	0
Gurkegadde	15	59	148656	746843	0
Gurkhai	19	512	241663	798466	0
Gurkhapali	25	478	212965	837883	0
Gurkhapur	33	488	276952	811552	0
Gurkhapur	33	637	260798	817846	0
Gurkhauli	33	196	250929	827665	0
Gurkhet	34	692	299085	796985	0
Gurkhura	34	617	289201	799232	0
Gurkuda	14	732	237198	852466	0
Gurla	19	630	246500	755667	0
Gurla	28	115	265421	764646	0
Gurla	28	357	250928	761736	0
Gurla	19	568	228654	778590	0
Gurla	1	176	183085	832356	0
Gurla	1	176	182118	834658	0
Gurla	28	550	249914	737906	0
Gurla	28	298	252535	744698	0
Gurlabahal	25	290	219174	841967	0
Gurlakatti	15	583	157150	752998	0
Gurlakheli	25	290	218001	840619	0
Gurlakhera	28	298	258672	748018	0
Gurlapalli	31	272	165097	774719	0
Gurlape	1	453	181849	837385	0
Gurlapeta	1	176	181700	833382	0
Gurlapeta	1	176	181699	834800	0
Gurlapur	15	77	163672	749527	0
Gurlatammirajupeta	1	176	183129	832446	0
Gurlaudar	25	380	204957	827429	0
Gurlhosur	15	77	157908	750622	0
Gurli	19	461	224503	807564	0
Gurli	28	550	250063	737589	0
Gurlia	28	550	252995	737731	0
Gurligumma	25	305	191217	828518	0
Gurlonbhavi	31	272	168078	776786	0
Gurlupada	14	628	227511	858182	0
Gurlupiri	14	416	228481	854559	0
Gurma	14	310	229528	845701	0
Gurma	14	628	229711	858632	0
Gurma Gwar	34	179	305444	797523	0
Gurmaha	33	314	269465	832467	0
Gurmaha	4	505	250861	863269	0
Gurmahi	4	641	262227	874138	0
Gurmaila	4	602	254829	873490	0
Gurmajor	25	572	205434	826640	0
Gurman	4	136	257673	857366	0
Gurmaniya	19	512	242402	799722	0
Gurmeda	25	243	189698	838572	0
Gurmha	33	564	261254	837264	0
Gurmha	4	535	262600	861272	0
Gurmhi	33	314	265341	834521	0
Gurmia	4	687	258190	852295	0
Gurmian	4	687	257409	852513	0
Gurmiswan	4	687	256859	853467	0
Gurmoh	12	39	323612	759315	0
Gurmudih	14	541	231369	858189	0
Gurmukh Singhwala	27	544	314746	753077	0
Gurmulahi	33	314	266319	831788	0
Gurmura	33	102	243625	830636	0
Gurmuti	6	269	237999	830790	0
Gurna	19	503	230953	791990	0
Gurna	34	413	296664	795732	0
Gurna	34	530	293889	798318	0
Gurnagudem	25	108	179400	815851	0
Gurnal	12	267	315056	772298	0
Gurnal	15	167	180727	773722	0
Gurnal	12	348	324456	760734	0
Gurnavda	19	323	255970	765201	0
Gurnawara	12	39	318820	763630	0
Gurnawat	11	524	281936	769156	0
Gurnawda	19	323	257716	766877	0
Gurndwara	13	1	337718	741442	0
Gurnia	33	282	272082	816506	0
Gurnia	25	281	219336	856593	0
Gurniehhatri	19	325	224083	787049	0
Gurnihund	13	35	334078	756017	0
Gurnoar	12	39	319147	760872	0
Gurnoar	12	39	318862	760856	0
Gurnu	13	485	335213	744431	0
Gurnui	27	665	323879	757651	0
Gurnui	27	665	324809	758207	0
Guro	13	35	331898	759301	0
Guro	14	434	242235	861961	0
Gurodakhera	19	338	238790	783273	0
Guroli	34	413	295486	798673	0
Guror	12	348	326116	761447	0
Gurota	12	348	325386	761126	0
Gurpahar	4	602	255788	876771	0
Gurpal	13	119	344348	748254	0
Gurpalli	31	717	187323	793327	0
Gurpangi	25	527	201862	850703	0
Gurpara	19	638	247232	797127	0
Gurpara	25	372	208009	842717	0
Gurparshad Singh	33	522	270532	818209	0
Gurpathar	13	36	335601	749008	0
Gurpati Chak	4	581	254122	850439	0
Gurphali	20	138	195261	777399	0
Gurphali	34	589	299373	790823	0
Gurphali	20	67	197620	774492	0
Gurpher	6	676	203780	809022	0
Gurpur	15	55	129378	749274	0
Gurpur	15	74	122018	762857	0
Gurpura	27	704	309300	765347	0
Gurpura	33	516	258071	838643	0
Gurpuri Binaik	33	116	280976	790794	0
Gurpuri Chandan	33	116	281246	791886	0
Gurpurwa	33	595	276669	819465	0
Gurpurwa	33	605	265941	817098	0
Gurra	33	659	272257	799059	0
Gurra	6	365	217073	820163	0
Gurra	33	526	273147	780438	0
Gurra	19	503	229126	795687	0
Gurra	19	568	226314	778802	0
Gurra	34	413	298159	796112	0
Gurrachetu	25	108	182714	823374	0
Gurragunta	25	108	182271	818486	0
Gurrah	33	314	265941	831489	0
Gurraha	4	632	260654	868390	0
Gurrajugudem	1	103	167364	806201	0
Gurrajupeta	1	219	174002	827681	0
Gurralabayalu	31	60	177795	809906	0
Gurralachintalapalle	1	221	144242	785828	0
Gurraladinne	15	422	137567	778715	0
Gurraladinne	15	422	137257	778436	0
Gurraladoddi	1	228	159173	771158	0
Gurralaguda	1	258	181054	827782	0
Gurralamadugu	1	195	156716	794209	0
Gurralamitta	1	207	131762	790051	0
Gurralatotam	1	258	182329	826565	0
Gurraldandi	31	128	174164	788540	0
Gurralgandi	1	258	180913	826917	0
Gurralpatti	30	114	115507	767824	0
Gurralu Metta	1	258	181378	825783	0
Gurralugutlapalle	1	426	140750	777810	0
Gurram	27	696	304496	756398	0
Gurramamidi	1	258	175401	817900	0
Gurrambayalu	1	426	137974	781640	0
Gurramkonda	1	190	137814	785892	0
Gurramkonda	1	45	140097	798219	0
Gurrampadu	1	221	145504	788258	0
Gurrampahad	31	61	180726	797167	0
Gurrampalli	31	295	162633	776679	0
Gurrampalli	15	422	135409	780392	0
Gurrampalli	1	190	140673	792472	0
Gurrampanaku	1	258	180599	826403	0
Gurrampeta	31	46	175910	813190	0
Gurramvandlapalem	1	212	158702	800146	0
Gurramvandlapalle	1	426	143099	781220	0
Gurramvaripalem	1	10	161086	798001	0
Gurrapalli	31	717	184876	792521	0
Gurrapara	6	627	204883	816899	0
Gurrapara	19	354	219516	797206	0
Gurrappagaripalle	1	190	141380	788052	0
Gurrappagaripalle	1	190	141158	788654	0
Gurrapu Tanda	31	100	165943	790243	0
Gurrapusala	1	195	159573	792302	0
Gurrapuvalasa	1	194	185883	831698	0
Gurre	19	142	214205	805342	0
Gurrelapalem	1	219	177152	827519	0
Gurrhi	33	451	278236	800332	0
Gurru	4	495	251089	851733	0
Gurrudih	6	393	212426	821537	0
Gursail	33	31	271643	812587	0
Gursairi	33	314	265405	834017	0
Gursand Pande	33	196	251695	823780	0
Gursanda	33	564	260534	836233	0
Gursandi	33	196	251907	826321	0
Gursandsarpatti	33	196	251656	823798	0
Gursanga	25	683	214912	851301	0
Gursar	33	479	259384	832743	0
Gursara	33	522	271088	817573	0
Gursara Shukul	33	152	267939	823030	0
Gursara Tiwari	33	152	267959	823201	0
Gursarainyan	33	522	270429	820032	0
Gursari	19	638	250416	795796	0
Gursari	33	522	270953	817512	0
Gursari	33	575	262623	823254	0
Gursari	33	314	263670	833415	0
Gursaul	33	329	287885	794653	0
Gursaura	33	370	248413	782183	0
Gursdhai	33	444	250808	804552	0
Gursela	20	110	196002	789869	0
Gursena	33	523	277693	779453	0
Gursendi	33	698	256480	811181	0
Gurshani	12	267	315179	771492	0
Gursi	25	305	191033	832852	0
Gursian	6	374	226533	825094	0
Gursina	4	457	268713	844883	0
Gursoti	33	644	273874	780375	0
Gursra	33	575	262169	823489	0
Gursuip	12	348	330902	764707	0
Gurtanhan	13	0	345676	742542	0
Gurtanhan	13	0	346187	744525	0
Gurtanwa	33	152	266998	827596	0
Gurtara	6	374	225190	826535	0
Gurtara	4	632	260300	868162	0
Gurtawa	25	281	219197	854569	0
Gurtedu	1	258	178472	819446	0
Gurtekavi	15	333	139637	749222	0
Gurthana	33	451	277866	797896	0
Gurthania	33	152	267860	824725	0
Gurthania	33	312	277640	801637	0
Gurthania	33	659	277153	800790	0
Gurthanian	33	522	269087	821011	0
Gurthari	27	571	302654	761075	0
Gurthuri	27	680	301177	755476	0
Gurthuri	11	353	296346	761640	0
Gurti	25	305	187868	829850	0
Gurti	25	305	188019	829923	0
Gurtur	31	730	176479	797034	0
Gurtur	14	678	237864	846713	0
Gurturi	14	379	242583	844617	0
Gurturi	14	673	240919	843707	0
Gurtutwa	33	269	276565	822420	0
Guru	33	661	273188	793310	0
Guru	6	17	217476	833935	0
Guru	14	541	233663	851793	0
Guru	14	541	234897	855216	0
Guru Angadnagar	8	755	286410	772850	0
Guru Bakhsh	33	522	269958	823411	0
Guru Bazar	4	602	254998	873757	0
Guru Chak	4	106	248357	854049	0
Guru Chak	4	106	248672	856980	0
Guru Ka Majra	12	604	309742	767741	0
Guru ki Chauki	12	514	307895	772995	0
Guru Nanaknogar	8	739	286456	770927	0
Guru Ramdasnagar	8	755	286363	772778	0
Guru Ravidasnagar	8	739	286844	770614	0
Guru Salwe	14	678	238676	848230	0
Guru Shadinagar	33	661	273167	793287	0
Guru Tegbahadurnagar	33	584	254259	818141	0
Guru-ka-Bagh	27	214	317838	748386	0
Gurua	4	117	246693	847740	0
Gurua	14	673	240748	842729	0
Guruajivandlapalle	1	426	139491	781824	0
Guruan	33	196	248960	822631	0
Guruan	25	546	218143	844311	0
Guruannapeta	1	176	182939	835905	0
Gurubachanpura	19	324	247915	770143	0
Gurubagh	33	242	253065	829944	0
Gurubaj	4	505	245827	862689	0
Gurubananalli	30	215	125265	776004	0
Gurubara	14	732	244140	853261	0
Gurubella	25	380	204179	835606	0
Gurubera	25	281	219619	854401	0
Guruburu	14	416	230656	854102	0
Gurucharan	33	280	271380	825703	0
Guruchinnanahalli	30	109	120414	780026	0
Gurudevarahalli	15	93	125138	770498	0
Gurudguda	25	108	185771	821473	0
Gurudih	14	732	241151	852744	0
Gurudih	14	498	239223	856667	0
Gurudijhatia	25	292	205619	858068	0
Gurudwara	13	559	329833	745361	0
Gurudwara	13	559	329500	745208	0
Gurudwara	13	559	329375	745097	0
Gurudwara	13	559	329083	745208	0
Gurudwara	11	482	299646	770943	0
Gurudwara	11	286	293894	769750	0
Gurudwara	11	286	293797	769781	0
Gurudwara	11	286	294883	768334	0
Gurudwara	27	543	301882	766025	0
Gurudwara	11	482	300155	765457	0
Gurudwara	5	751	307307	767894	0
Gurudwara	11	565	306940	768809	0
Gurudwara	11	565	307188	768488	0
Gurudwara	11	565	306841	768451	0
Gurudwara	11	565	306438	768903	0
Gurudwara	27	608	306303	768479	0
Gurudwara	27	608	306353	767976	0
Gurudwara	27	608	306442	768111	0
Gurudwara	27	608	305863	768478	0
Gurudwara	27	571	297440	759714	0
Gurudwara	27	571	297472	759566	0
Gurudwara	27	592	303328	743441	0
Gurudwara	27	700	306899	745288	0
Gurudwara	34	430	303174	780275	0
Gurudwara	34	430	303852	780941	0
Gurudwara	33	724	287671	779849	0
Gurudwara	19	322	264176	783301	0
Gurudwara	20	138	191600	774000	0
Gurudwara	20	138	191552	774073	0
Gurudwara	33	686	264628	795149	0
Gurudwara	33	553	295218	785930	0
Gurudwara	33	553	295290	786523	0
Gurugalamadahalli	15	93	127560	767803	0
Gurugaldoddi	15	603	126970	772491	0
Guruganj	33	637	264303	817034	0
Gurugaon	14	310	231731	847850	0
Gurugarh	27	647	309239	761544	0
Gurugaru	1	258	180299	827192	0
Gurugavalasa	1	194	184631	831720	0
Gurugramam	25	349	198512	834658	0
Gurugubhimavaram	1	219	176403	828565	0
Gurugubilli	1	176	183889	835543	0
Gurugunattam	30	-1	130430	791737	0
Guruguntenhalli	15	43	130268	775369	0
Guruguntla	1	99	148053	776706	0
Gurugupadu	1	195	156500	795702	0
Guruguvalasa	1	176	184254	834321	0
Guruitoli	14	673	240235	840969	0
Gurujang	25	399	210256	852025	0
Gurujang	25	399	209932	845510	0
Gurujanga	25	292	204748	850610	0
Gurujanguli	25	277	211092	853309	0
Gurujhar	25	572	208177	826635	0
Gurujhola	19	142	217780	803324	0
Guruji ka Khera	28	298	256820	750300	0
Gurujibhata	6	-1	208504	824113	0
Gurujibhata	25	572	208415	826667	0
Gurujibhata	25	380	205758	827372	0
Gurujubhavi	31	128	175938	791920	0
Gurujulavaripalle	1	207	134765	786342	0
Gurukheri	28	487	247066	767658	0
Gurukul	34	574	298881	781639	0
Gurukul	34	574	297022	778498	0
Gurukul	11	586	285772	766537	0
Gurukul	11	586	286523	769175	0
Gurukul Ashram Matindu	11	466	288641	768523	0
Gurukul Kangri Vishwavidyalaya	34	574	299185	781256	0
Gurukulakhandrika	1	45	136197	797739	0
Gurukulapalaiyam	1	45	137937	797419	0
Gurukumbala	15	55	129674	749324	0
Gurukunj	20	132	210570	780011	0
Gurukunta	31	306	169233	780421	0
Gurulapalli	31	272	167348	775192	0
Gurulimaska	25	373	199828	835860	0
Gurulipiri	14	416	228366	855119	0
Gurum	25	281	213129	855379	0
Gurumpirai	30	159	126653	798876	0
Gurumpirai	30	238	124363	798728	0
Gurumposh Gouduniposh	25	262	219842	850042	0
Gurumulu	25	349	191046	838605	0
Gurumulurukhandriga	1	207	133786	792728	0
Gurumuti	34	692	299524	799700	0
Gurun	13	485	330893	743532	0
Gurunadhpalli	31	128	173718	790965	0
Gurunarayanpur	33	278	267516	791537	0
Gurunathampalaiyam	30	227	110102	773743	0
Gurunathanayakkanur	30	183	104834	778863	0
Gurunathankottai	30	227	108545	776664	0
Gurunathapuram	1	6	145874	800449	0
Gurunathpuram	30	184	128690	788099	0
Gurunayudupeta	1	194	184655	831691	0
Gurunayudupeta	1	176	182837	834733	0
Gurund	13	477	327330	756464	0
Gurundia	25	262	218470	847816	0
Gurung	17	8	345123	761924	0
Gurunguda	25	349	191984	834404	0
Gurungur	20	134	196082	805447	0
Gurupada	25	108	186151	819605	0
Gurupali	25	478	211704	837130	0
Gurupali	25	478	211432	838084	0
Gurupali	25	546	217006	840277	0
Gurupali	25	546	215368	840515	0
Gurupali	25	546	214378	840532	0
Gurupali	25	297	209665	840799	0
Gurupalli	20	134	195688	802094	0
Gurupalli	31	717	187260	793191	0
Gurupara	25	373	203034	841019	0
Gurupidapuram	30	376	116283	791676	0
Gurupukonda	1	426	139709	772206	0
Gurupur	15	333	139347	755992	0
Gurupuram	30	220	132559	799589	0
Gurur	13	119	343685	746738	0
Gurur	14	712	244822	836807	0
Gurur	15	71	170151	764933	0
Gurur	33	102	244794	829636	0
Gurur	15	74	122429	766290	0
Gurura	4	718	250115	838095	0
Gururajapalaiyam	30	184	127938	788779	0
Gururayandoddi	15	69	118252	773959	0
Gururayanpura	15	43	128873	774035	0
Gururmani	4	491	263185	879824	0
Gururutanr	14	712	239869	837516	0
Gurusantanahalli	15	352	147215	759247	0
Gurusar	27	592	302742	745921	0
Gurusar	27	592	301481	743914	0
Gurusar	27	700	305289	748947	0
Gurusar	27	542	304943	751523	0
Gurusar	27	542	302779	751852	0
Gurusar	11	425	296157	755878	0
Gurusar	27	545	309007	746681	0
Gurusar Jaga	27	542	299610	751066	0
Gurusar Moriya	28	467	295970	739423	0
Gurusar Sehhewala	27	542	301353	748937	0
Gurusiddapura	15	265	146628	761954	0
Gurusinga	25	499	198144	819962	0
Gurusulai	25	399	213835	850646	0
Guruswamipalaiyam	30	223	114287	781341	0
Guruswamiyur	30	154	105562	770541	0
Gurutanrtoli	14	678	236622	847542	0
Guruthimmanahalli	15	422	135199	778194	0
Gurutoli	14	541	233339	853872	0
Guruvaderahalli	15	92	136672	772283	0
Guruvadi	30	159	125534	797210	0
Guruvaipalem	1	25	165094	813137	0
Guruvajipeta	1	195	152272	794002	0
Guruvakkavundanpudur	30	154	107839	771119	0
Guruvammapettai	30	197	122088	797078	0
Guruvamotte	15	55	125509	753209	0
Guruvana Gudde	15	248	135775	747192	0
Guruvandanteruvu	30	193	105231	790970	0
Guruvanipalle	1	224	150767	780174	0
Guruvanjeri	30	159	127453	799059	0
Guruvankuppam	30	175	116181	793521	0
Guruvanmedu	30	238	127878	799424	0
Guruvanpalya	15	603	130090	771462	0
Guruvanpatti	30	183	106192	779954	0
Guruvanpur	15	69	118379	768247	0
Guruvappagaripalle	1	221	149841	789715	0
Guruvappanayakkanpalaiyam	30	227	107362	774836	0
Guruvappanayakkanpatti	30	183	103497	779322	0
Guruvappanayakkanpudur	30	227	107644	771897	0
Guruvappanayakkanpudur	30	183	104321	778164	0
Guruvappanayakkanur	30	227	105089	772439	0
Guruvappanayakkanvalasu	30	183	105835	776271	0
Guruvarajaguda	25	349	190540	834363	0
Guruvarajukandigai	30	220	133966	800642	0
Guruvarajukuppam	1	207	133340	793858	0
Guruvareddipalem	1	195	154821	793255	0
Guruvareddiyur	30	204	116430	776805	0
Guruvarpatti	30	264	102793	783629	0
Guruvarpatti	30	201	92024	781433	0
Guruvayagudem	1	25	170936	810975	0
Guruvayal	30	220	132303	800682	0
Guruvayanakere	15	55	129810	752626	0
Guruvayapalem	1	6	143865	796849	0
Guruvegowdanhundi	30	114	116008	766952	0
Guruvinayanapalli	30	215	126265	783255	0
Guruvireddiyur	30	51	118819	780381	0
Guruvireddiyur	30	51	117981	780745	0
Guruvubhatlagudem	1	25	171506	808893	0
Guruvuguda	25	349	191422	834242	0
Guruwa	14	732	239671	854009	0
Guruwadi	20	131	174305	761725	0
Guruwala	34	-1	304729	777155	0
Guruzala	1	10	165573	796348	0
Guruzala	1	228	159071	775869	0
Gurvalli	15	59	147186	747049	0
Gurvayagaripalle	1	190	141383	786882	0
Gurvayigudem	31	46	172107	799419	0
Gurvindapudi	1	6	142710	799213	0
Gurwa	33	329	284818	790932	0
Gurwa	19	443	219469	773168	0
Gurwa	19	607	245897	826822	0
Gurwa	33	619	250821	814772	0
Gurwa	33	522	269657	824392	0
Gurwa	33	605	265696	822534	0
Gurwa	33	312	279887	809766	0
Gurwa	33	516	257941	841079	0
Gurwadhar	19	646	240614	819409	0
Gurwadih	14	379	242599	853044	0
Gurwaindabri	6	723	221639	817125	0
Gurwaindih	6	275	211533	815993	0
Gurwal	33	102	246860	828225	0
Gurwal	33	698	256171	809634	0
Gurwala	20	134	201112	800426	0
Gurwalia Biswas	4	457	268372	844687	0
Gurwalia Biswas Bandobasti	4	457	268318	844888	0
Gurwamau	33	685	270091	809925	0
Gurwandi	6	676	201711	807473	0
Gurwani	19	607	239994	823048	0
Gurwannapeta	31	447	177647	785940	0
Gurwara	19	503	230855	792947	0
Gurwara	33	329	287340	794913	0
Gurwari	11	722	281360	774841	0
Gurwat	33	242	254588	829788	0
Guryal	12	39	322356	759230	0
Guryan	33	688	258495	820280	0
Guryana	12	514	305266	777727	0
Guryawala	11	563	297839	747501	0