Hakabad	33	314	266826	834011	0
Hakabor	13	119	342810	746316	0
Hakadua	14	416	231031	854475	0
Hakagoi	14	276	224043	852304	0
Hakahata	14	276	223216	854013	0
Hakaili	4	590	259274	876795	0
Hakajang	14	416	232554	851995	0
Hakajang	14	310	234859	843588	0
Hakala	35	538	224000	878667	0
Hakam	4	520	259494	845501	0
Hakami	33	31	267264	814351	0
Hakanamara	3	719	262205	923345	0
Hakandi	15	352	151368	759852	0
Hakanhallo	15	59	143318	748227	0
Hakapathar	13	0	346136	742932	0
Hakarmul	13	76	340632	747254	0
Hakarpur	33	33	258851	824551	0
Hakawas	13	36	335416	748564	0
Hakdarpur	11	606	283251	766872	0
Hakdaunia	33	685	271144	810117	0
Hakedag	14	541	234466	857860	0
Hakewala	27	545	309549	746316	0
Hakganj	33	654	259869	813890	0
Hakham	33	564	259042	833875	0
Haki Chapat	14	276	227675	852674	0
Hakikatnagar	8	737	286990	772099	0
Hakikatpur	33	661	275494	792681	0
Hakikatpur	33	553	294593	782935	0
Hakikatpur	33	553	294328	782905	0
Hakikatpur Gangwali	33	553	293615	784237	0
Hakikatpur Gobind	33	553	293864	784370	0
Hakim Beg	27	468	318934	749272	0
Hakim Jungle Number One	33	314	267721	834039	0
Hakim Jungle Number Two	33	314	267740	834199	0
Hakim Purwa	33	522	270666	817700	0
Hakim Shah Khangah	27	283	312556	759396	0
Hakim Singhwala	27	542	305653	751500	0
Hakim Singhwali	27	545	310864	747812	0
Hakimabad	19	648	230850	767049	0
Hakimabad	4	136	258600	858201	0
Hakimbagh	13	76	340272	747968	0
Hakimet	31	386	179084	784119	0
Hakimganj	33	531	288937	790456	0
Hakimganj	33	531	288164	790892	0
Hakimganj	33	531	289854	789917	0
Hakimganj	33	531	290410	791256	0
Hakimgarhi	33	523	278511	781898	0
Hakimgund	13	573	341864	747518	0
Hakimkheri	19	326	233986	779065	0
Hakimpatti	33	584	253806	821035	0
Hakimpet	31	300	175478	785365	0
Hakimpet	31	272	170380	777450	0
Hakimpet	31	408	174010	784170	0
Hakimpur	33	553	296104	782173	0
Hakimpur	33	174	274610	775917	0
Hakimpur	33	445	270861	788519	0
Hakimpur	33	451	278726	798433	0
Hakimpur	33	27	255706	833899	0
Hakimpur	19	638	248707	799604	0
Hakimpur	4	597	254670	839394	0
Hakimpur	33	688	259177	820219	0
Hakimpur	33	584	254410	821909	0
Hakimpur	33	488	277539	812171	0
Hakimpur	33	619	254402	810251	0
Hakimpur	33	464	288516	784074	0
Hakimpur	33	464	286317	782719	0
Hakimpur	33	492	288820	786611	0
Hakimpur	33	626	257649	813400	0
Hakimpur	33	626	254003	814195	0
Hakimpur	33	532	266066	824833	0
Hakimpur	33	532	265641	826098	0
Hakimpur	33	575	262452	826115	0
Hakimpur	33	623	264930	830470	0
Hakimpur	27	665	323088	753468	0
Hakimpur	27	468	321092	753382	0
Hakimpur	27	468	319742	751768	0
Hakimpur	33	659	271062	805611	0
Hakimpur	33	659	270770	805062	0
Hakimpur	27	283	311174	759260	0
Hakimpur	33	464	289602	782045	0
Hakimpur	33	724	288757	780980	0
Hakimpur	33	613	281663	784004	0
Hakimpur	33	622	281536	784816	0
Hakimpur	14	633	243510	877104	0
Hakimpur	4	687	258679	853875	0
Hakimpur	33	451	278437	800058	0
Hakimpur Gajju	33	553	293307	783997	0
Hakimpur Grant	33	312	279214	803833	0
Hakimpur Kalan	33	532	264624	829872	0
Hakimpur Khalsa	33	312	279194	803806	0
Hakimpur Khantawan	33	698	255832	811628	0
Hakimpur Khurd	33	532	264653	830013	0
Hakimpur Marka	33	626	256451	813871	0
Hakimpur Mukhtarpur	33	553	296206	783082	0
Hakimpur Turra	34	574	299314	778617	0
Hakimpura	33	525	295294	775907	0
Hakimpura	33	526	270827	780144	0
Hakimpura	33	431	300019	775635	0
Hakimsingh ka Pura	19	322	266773	787480	0
Hakiraran	13	36	335662	751241	0
Hakirpur	13	412	339221	749014	0
Hakishan	33	269	272918	824496	0
Hakiyuyu	14	476	225573	849305	0
Hakka	4	590	259163	876474	0
Hakkal	13	559	326782	748157	0
Hakkalli	15	333	143897	752755	0
Hakkalmane	15	59	146008	748930	0
Hakkalmane	15	59	145596	749070	0
Hakkalmane	15	59	144680	748362	0
Hakkalmane	15	333	144975	749723	0
Hakkalpur	15	69	118874	766989	0
Hakkalukoppa	15	333	137332	753408	0
Hakkam	4	615	262456	843690	0
Hakkarehond	15	59	139568	746146	0
Hakkarkejeddu	15	248	134948	750645	0
Hakkewadi	20	151	188419	769444	0
Hakkigadde	15	59	146010	746907	0
Hakkihalli	15	265	138847	759346	0
Hakkihalli	15	652	132360	759282	0
Hakkimakki	15	97	132706	756097	0
Hakkimanchanahalli	15	93	126418	765380	0
Hakkimaripalya	15	92	128617	770847	0
Hakkinala	15	603	130379	772828	0
Hakkitimmanahatti	15	246	138662	762942	0
Hakla	19	324	249434	768944	0
Hakla	19	324	249496	768935	0
Hakladi	15	248	137010	747008	0
Hakma	3	684	264277	899494	0
Hakma	4	615	262128	844797	0
Hakma	4	520	258211	848720	0
Hakma	4	520	258914	848868	0
Hakma Hata	4	615	261141	843043	0
Hakmabad	28	360	299371	740731	0
Hako	13	35	333618	762264	0
Hakodal	15	59	139774	746180	0
Hakraha	4	520	258353	850676	0
Hakram	4	675	262887	847076	0
Hakremane	15	59	146653	747042	0
Hakrikoppa	15	333	141247	751165	0
Hakroda	28	22	248599	739767	0
Hakroti	12	348	326108	760659	0
Haktoli	14	678	236345	847824	0
Haktsarpur	13	0	344784	742600	0
Hakumatpur	27	284	313239	759781	0
Hakuwala	27	592	299638	745502	0
Hakuwala	27	545	310441	745809	0
Hakwa	33	575	263062	818966	0
Hakwa	6	80	188517	810388	0
Hakwaina	12	514	307231	777032	0