Hashtsal	8	739	286341	770577	176877
Hassan	15	652	130072	760962	155006
Hasanpur	33	464	287225	782844	57481
Hasimara	35	720	267469	893539	40000
Hastinapur	33	672	291604	780076	24093
Hasanpur	11	722	279694	774954	11569
Hasir	14	498	237735	858140	11195
Hasab Ali	33	605	267543	815988	0
Hasabar	14	732	239441	851933	0
Hasabigoli	15	59	143543	747077	0
Hasade	15	652	129685	758054	0
Hasadur	30	204	116733	771554	0
Hasaganur	15	652	129159	760141	0
Hasagavi	15	93	127343	769206	0
Hasaha Singh	33	522	270031	824363	0
Hasai	33	496	272272	837066	0
Hasai	4	582	250554	871245	0
Hasainpur	27	543	302141	764469	0
Hasakho	19	317	223669	758179	0
Hasakpara	4	636	259082	865959	0
Hasala	13	529	332609	751821	0
Hasalgan	20	156	180741	764409	0
Hasalkheri	19	338	242316	780808	0
Hasalo	19	497	247223	816975	0
Hasalpur	19	443	219259	780974	0
Hasalpur	19	635	224879	756333	0
Hasamabad	11	466	289736	770808	0
Hasamgatta	15	375	133247	775256	0
Hasampur	11	614	301026	763390	0
Hasampur	27	543	304314	766614	0
Hasampur	19	208	241071	778329	0
Hasampur	4	112	250250	847019	0
Hasamuvandlapalle	1	426	141480	784209	0
Hasan	11	415	287209	757662	0
Hasan	35	347	242035	878798	0
Hasan Alipur	33	553	295834	784555	0
Hasan Alipur Basai	33	682	274258	783441	0
Hasan Alipur Bhogan	33	553	294219	784307	0
Hasan Alipur Khandu Baghala	33	553	293805	784011	0
Hasan Bhari	33	595	275847	818633	0
Hasan Bhatt	27	700	308102	747399	0
Hasan Chak	33	27	256773	835075	0
Hasan Chak	33	27	255469	837255	0
Hasan Chak	4	106	247832	853891	0
Hasan Chak	4	687	256246	853779	0
Hasan Chak	4	495	253553	853949	0
Hasan Chak	4	581	254585	856491	0
Hasan Chak	4	581	254370	857401	0
Hasan Dhut	27	545	309288	745437	0
Hasan Dumaria	4	491	261150	877799	0
Hasan Garhi	33	492	290353	787108	0
Hasan Jahanpur	33	526	273817	782681	0
Hasan ka Pura	33	688	257170	815331	0
Hasan Karharia	14	570	250330	872531	0
Hasan Khera	33	685	266941	807826	0
Hasan Khera	33	685	266192	810348	0
Hasan Kullipur	33	682	274076	786779	0
Hasan Muhammad Purwa	33	282	276549	815012	0
Hasan Nagar	33	656	287504	798412	0
Hasan Nur	13	146	338241	752907	0
Hasan Purwa	33	282	276757	816512	0
Hasan Purwa	33	575	261431	824669	0
Hasan Sarai	4	687	259233	856045	0
Hasan Takli	1	-1	185487	776973	0
Hasan Tham	13	1	335922	744617	0
Hasanabad	31	447	181314	792074	0
Hasanabad	33	526	273832	782108	0
Hasanabad	31	32	178043	778328	0
Hasanabad	31	128	175291	788822	0
Hasanagi	15	59	146446	746872	0
Hasanalli	15	97	134874	753177	0
Hasanamapettai	30	192	127475	795266	0
Hasanapur	15	72	165328	767654	0
Hasanapur	31	557	184128	791063	0
Hasanapuram	1	190	141656	787785	0
Hasanapuram	1	195	153995	790428	0
Hasanapuram	1	6	146645	797625	0
Hasanapuram	30	158	129112	793165	0
Hasanbalu	15	97	134815	751861	0
Hasandag	14	712	241426	836818	0
Hasandahalli	15	47	128894	780255	0
Hasandur	15	333	136672	753904	0
Hasanga	11	425	295982	756197	0
Hasangam	17	-1	345329	751268	0
Hasanganj	33	685	268679	809354	0
Hasanganj	33	301	267745	806371	0
Hasanganj	33	661	276045	793792	0
Hasanganj	33	654	264894	810890	0
Hasanganj	33	654	263605	813090	0
Hasanganj	33	314	267982	834297	0
Hasanganj	33	539	269460	837119	0
Hasanganj	33	492	288329	789354	0
Hasanganj	33	329	281540	796270	0
Hasanganj	4	663	251319	858356	0
Hasanganj	4	518	253404	864754	0
Hasanganj	33	488	273666	805348	0
Hasanganj	4	602	256505	875789	0
Hasanganj	4	106	249345	857514	0
Hasangaon	19	317	218964	755751	0
Hasangarh	33	523	277968	778759	0
Hasangarh	11	689	288381	768476	0
Hasangarh	11	466	291510	766730	0
Hasangarh	11	327	294547	759742	0
Hasangarh	11	88	304318	772458	0
Hasangarh	33	613	282782	778435	0
Hasangarh	33	682	274929	783518	0
Hasangarh	33	622	286932	784357	0
Hasangarh	33	522	271046	824969	0
Hasangarh	33	613	282724	781358	0
Hasangarh ki Mandaiyan	33	622	286977	784296	0
Hasangi	15	59	148491	748222	0
Hasangi	15	59	143925	748272	0
Hasangi	15	333	135491	751968	0
Hasani	15	59	142725	745923	0
Hasankhan Ka Bas	11	524	278463	770282	0
Hasannagar	33	656	286853	797151	0
Hasannagar	33	329	281625	796076	0
Hasannagar	4	518	253884	865030	0
Hasanpalli	31	75	186753	779015	0
Hasanpalli	31	58	182248	779677	0
Hasanpalli	31	717	184961	794980	0
Hasanparti	31	61	180704	795223	0
Hasanporbagh	13	146	337712	750788	0
Hasanpur	10	133	242479	725456	0
Hasanpur	11	439	295753	769597	0
Hasanpur	34	430	303437	778417	0
Hasanpur	34	574	300128	777898	0
Hasanpur	33	316	295599	772918	0
Hasanpur	11	667	280349	760202	0
Hasanpur	27	543	302096	765314	0
Hasanpur	11	664	302384	767079	0
Hasanpur	27	608	305176	767950	0
Hasanpur	11	664	301989	768982	0
Hasanpur	11	482	300312	767574	0
Hasanpur	33	116	279239	792081	0
Hasanpur	33	710	264072	794382	0
Hasanpur	3	601	248457	925086	0
Hasanpur	28	463	280627	768323	0
Hasanpur	11	667	281395	762870	0
Hasanpur	11	664	303738	771282	0
Hasanpur	11	88	301544	772015	0
Hasanpur	11	88	302056	774349	0
Hasanpur	28	463	278925	768867	0
Hasanpur	11	524	277471	769238	0
Hasanpur	28	463	273160	768744	0
Hasanpur	33	431	299538	773102	0
Hasanpur	33	316	293685	773482	0
Hasanpur	27	647	308513	757238	0
Hasanpur	8	755	286349	773117	0
Hasanpur	33	724	286362	775665	0
Hasanpur	33	613	284416	776510	0
Hasanpur	33	613	283346	776801	0
Hasanpur	27	571	303402	757585	0
Hasanpur	33	553	293314	787030	0
Hasanpur	33	531	289708	790045	0
Hasanpur	33	531	289487	791882	0
Hasanpur	33	531	288779	791576	0
Hasanpur	33	531	288418	790672	0
Hasanpur	33	613	281930	776764	0
Hasanpur	33	613	282460	777083	0
Hasanpur	33	672	288942	778722	0
Hasanpur	33	724	286609	778286	0
Hasanpur	27	543	303754	760425	0
Hasanpur	27	647	309118	762889	0
Hasanpur	27	543	303858	764037	0
Hasanpur	33	174	278385	777536	0
Hasanpur	27	608	307831	765777	0
Hasanpur	27	543	304013	766440	0
Hasanpur	33	174	273196	776453	0
Hasanpur	33	613	284456	779021	0
Hasanpur	33	613	283178	779894	0
Hasanpur	33	523	280174	779593	0
Hasanpur	33	526	272871	780689	0
Hasanpur	33	682	275144	786259	0
Hasanpur	33	593	278978	788391	0
Hasanpur	33	174	274257	778814	0
Hasanpur	33	593	277487	788692	0
Hasanpur	33	445	272556	790621	0
Hasanpur	19	395	248132	776505	0
Hasanpur	33	523	278420	784617	0
Hasanpur	33	389	271572	784382	0
Hasanpur	33	33	256223	821506	0
Hasanpur	33	584	255592	822409	0
Hasanpur	33	33	257531	829178	0
Hasanpur	33	27	255662	832086	0
Hasanpur	33	694	255195	832141	0
Hasanpur	33	526	269008	784124	0
Hasanpur	33	242	253896	830149	0
Hasanpur	33	694	254538	832115	0
Hasanpur	33	694	252065	831749	0
Hasanpur	19	484	251700	784142	0
Hasanpur	33	564	259678	836070	0
Hasanpur	20	132	209608	773680	0
Hasanpur	33	698	259296	809174	0
Hasanpur	33	33	258924	826269	0
Hasanpur	33	33	257053	825519	0
Hasanpur	33	33	256598	825150	0
Hasanpur	33	33	256031	826469	0
Hasanpur	19	325	220248	792842	0
Hasanpur	33	242	254205	827437	0
Hasanpur	33	242	252950	829695	0
Hasanpur	33	584	254551	821476	0
Hasanpur	33	584	254550	820816	0
Hasanpur	33	584	253364	821637	0
Hasanpur	33	584	253285	821720	0
Hasanpur	11	415	285232	757586	0
Hasanpur	11	586	285391	766115	0
Hasanpur	11	586	286961	769429	0
Hasanpur	8	731	285529	769415	0
Hasanpur	33	553	296800	782577	0
Hasanpur	33	488	273402	810005	0
Hasanpur	33	516	259249	839091	0
Hasanpur	33	516	258446	839798	0
Hasanpur	33	31	267781	812058	0
Hasanpur	33	685	265680	811239	0
Hasanpur	33	31	266133	812503	0
Hasanpur	33	654	264283	812401	0
Hasanpur	33	637	264316	814858	0
Hasanpur	33	659	271623	808038	0
Hasanpur	33	450	264867	802673	0
Hasanpur	33	282	271942	815857	0
Hasanpur	33	613	284285	782686	0
Hasanpur	33	622	285553	786013	0
Hasanpur	33	688	258137	813817	0
Hasanpur	33	622	284096	785590	0
Hasanpur	33	654	260554	811629	0
Hasanpur	33	531	286989	789729	0
Hasanpur	33	626	253696	813729	0
Hasanpur	33	269	272120	824717	0
Hasanpur	33	269	272082	824791	0
Hasanpur	33	269	270894	824133	0
Hasanpur	33	269	271127	824291	0
Hasanpur	33	522	271107	824509	0
Hasanpur	33	522	270839	825495	0
Hasanpur	33	575	262765	820103	0
Hasanpur	33	532	265073	827050	0
Hasanpur	33	33	261308	825385	0
Hasanpur	33	623	268209	829070	0
Hasanpur	33	479	258035	833147	0
Hasanpur	33	27	257777	833491	0
Hasanpur	33	479	260402	829311	0
Hasanpur	33	479	261788	830901	0
Hasanpur	33	479	260018	830832	0
Hasanpur	33	564	260957	837196	0
Hasanpur	33	516	260399	837591	0
Hasanpur	33	27	257325	836814	0
Hasanpur	27	468	321718	753235	0
Hasanpur	27	468	320573	752940	0
Hasanpur	33	584	256938	817769	0
Hasanpur	33	688	258418	818371	0
Hasanpur	33	584	256149	819857	0
Hasanpur	11	353	294521	764024	0
Hasanpur	27	214	314995	752203	0
Hasanpur	33	685	270419	807040	0
Hasanpur	33	431	302069	776587	0
Hasanpur	11	722	281948	774746	0
Hasanpur	33	613	282818	782200	0
Hasanpur	33	31	270209	813538	0
Hasanpur	33	637	264269	816142	0
Hasanpur	33	-1	291550	790619	0
Hasanpur	4	734	252327	846961	0
Hasanpur	4	112	250024	846116	0
Hasanpur	33	116	281491	791439	0
Hasanpur	33	329	286922	793154	0
Hasanpur	33	329	285493	793149	0
Hasanpur	33	329	286104	793765	0
Hasanpur	33	329	287272	794882	0
Hasanpur	33	116	280860	793270	0
Hasanpur	4	675	264430	846692	0
Hasanpur	10	205	237699	730267	0
Hasanpur	4	615	261378	847428	0
Hasanpur	34	617	289020	795535	0
Hasanpur	4	382	264898	849411	0
Hasanpur	33	329	281361	795534	0
Hasanpur	33	451	281284	796715	0
Hasanpur	33	516	257268	840835	0
Hasanpur	4	581	253455	847861	0
Hasanpur	4	581	253512	849324	0
Hasanpur	4	117	250027	848753	0
Hasanpur	4	507	250753	849244	0
Hasanpur	4	112	248474	842152	0
Hasanpur	4	112	245885	840580	0
Hasanpur	4	112	249522	843393	0
Hasanpur	4	112	248309	846015	0
Hasanpur	4	112	249276	846002	0
Hasanpur	4	112	249392	846672	0
Hasanpur	4	117	248553	847463	0
Hasanpur	4	112	247190	846228	0
Hasanpur	4	117	246641	847027	0
Hasanpur	4	117	245378	846904	0
Hasanpur	4	495	250069	855294	0
Hasanpur	4	136	259126	857947	0
Hasanpur	4	136	258593	857972	0
Hasanpur	4	136	258327	859965	0
Hasanpur	4	510	255046	859417	0
Hasanpur	4	106	248023	853095	0
Hasanpur	4	106	247554	854272	0
Hasanpur	4	106	249874	854638	0
Hasanpur	4	106	248078	855226	0
Hasanpur	4	106	249281	855901	0
Hasanpur	4	535	263864	860105	0
Hasanpur	4	569	261096	860117	0
Hasanpur	4	535	263541	864058	0
Hasanpur	4	136	257401	862085	0
Hasanpur	4	510	255095	862088	0
Hasanpur	4	136	257079	861920	0
Hasanpur	4	567	251489	861016	0
Hasanpur	4	567	252353	861048	0
Hasanpur	4	510	253661	862777	0
Hasanpur	4	518	250549	866480	0
Hasanpur	4	117	248219	848515	0
Hasanpur	4	117	249746	849832	0
Hasanpur	4	117	248905	849724	0
Hasanpur	4	117	246601	849020	0
Hasanpur	4	117	245124	849647	0
Hasanpur	4	410	261704	870281	0
Hasanpur	4	641	261147	872319	0
Hasanpur	4	641	263127	873651	0
Hasanpur	4	641	261161	874250	0
Hasanpur	4	641	260008	874631	0
Hasanpur	4	641	262605	875731	0
Hasanpur	4	582	250154	871145	0
Hasanpur	4	687	259314	851174	0
Hasanpur	4	520	257529	851095	0
Hasanpur	4	507	252651	852002	0
Hasanpur	4	495	253268	851922	0
Hasanpur	4	581	252827	850685	0
Hasanpur	4	117	250372	851364	0
Hasanpur	4	507	252220	851683	0
Hasanpur	4	687	256704	854929	0
Hasanpur	4	581	254033	853111	0
Hasanpur	4	581	254758	853917	0
Hasanpur	4	495	253858	854651	0
Hasanpur	4	136	255189	856890	0
Hasanpur	4	518	253654	865281	0
Hasanpur	4	569	259784	862776	0
Hasanpur	33	316	295251	772476	0
Hasanpur	33	637	264877	816690	0
Hasanpur	4	495	250522	854275	0
Hasanpur	4	136	256330	855728	0
Hasanpur Ahiran	33	686	266468	793461	0
Hasanpur Akoriha	33	698	257737	811343	0
Hasanpur Bakhri	4	687	257101	853859	0
Hasanpur Bakhshua	33	613	283443	776533	0
Hasanpur Baloch	33	553	290899	784869	0
Hasanpur Baraha	11	524	278274	772204	0
Hasanpur Baru	33	644	275039	780917	0
Hasanpur Bhadwas	4	687	257559	853964	0
Hasanpur Bhuapur	33	697	286386	773236	0
Hasanpur Bina	4	520	260664	849292	0
Hasanpur Buzurg	33	523	278235	780261	0
Hasanpur Buzurg	4	687	257387	854595	0
Hasanpur Chand Khan	33	686	266068	794512	0
Hasanpur Gangti	4	687	258758	854035	0
Hasanpur Gomli	11	500	280713	765714	0
Hasanpur Gopal	33	659	270731	801102	0
Hasanpur Jakhera	33	458	290331	772511	0
Hasanpur Jalalpur	33	532	263398	825041	0
Hasanpur Jat	33	553	293566	782630	0
Hasanpur Jeoli	33	659	270706	800876	0
Hasanpur Jiwani	33	458	291683	772932	0
Hasanpur Juned	4	687	255915	855238	0
Hasanpur Kadim	33	672	289379	777894	0
Hasanpur Kaiju	4	136	258306	856140	0
Hasanpur Kalan	33	464	287978	785921	0
Hasanpur Kalan	27	468	317746	751696	0
Hasanpur Kandhpakar	4	136	256994	856204	0
Hasanpur Kasar	33	698	257917	813122	0
Hasanpur Katia	33	464	288853	786192	0
Hasanpur Kheoli	33	685	267740	810204	0
Hasanpur Khera	11	722	281992	773126	0
Hasanpur Khurd	27	468	317832	751807	0
Hasanpur Kurari	33	584	255420	819748	0
Hasanpur Lodh	33	116	281035	788142	0
Hasanpur Lohari	33	316	295969	774795	0
Hasanpur Lotni	33	431	296664	774982	0
Hasanpur Malla Mai	33	445	272865	792537	0
Hasanpur Mansuri	33	458	288523	772619	0
Hasanpur Manti	33	316	295981	773857	0
Hasanpur Mazra Kundra	33	329	286849	796182	0
Hasanpur Nagla	33	174	278125	774369	0
Hasanpur Nuh	11	524	279711	770333	0
Hasanpur Osti	4	687	257859	853924	0
Hasanpur Pachhwari	4	632	259805	867396	0
Hasanpur Palki Makhu	33	553	292507	785672	0
Hasanpur Partapur	33	548	270861	795074	0
Hasanpur Pipra	4	734	252178	846242	0
Hasanpur Purab	33	626	255730	814103	0
Hasanpur Qadim	33	431	300141	775645	0
Hasanpur Razapur	33	672	290688	774775	0
Hasanpur Rup	33	492	286168	786985	0
Hasanpur Sani	33	548	271305	796266	0
Hasanpur Sarsauna	4	136	258800	856338	0
Hasanpur Tabeia	13	146	337829	750724	0
Hasanpur Taoru	11	524	282774	769430	0
Hasanpur Tappa Bais	33	116	280854	786149	0
Hasanpur Tiwari	33	637	265370	816549	0
Hasanpur Ujera	33	613	284678	780882	0
Hasanpura	28	463	275630	769001	0
Hasanpura	28	429	260940	768676	0
Hasanpura	19	323	256980	766546	0
Hasanpura	33	526	269648	776588	0
Hasanpura	19	30	215015	763072	0
Hasanpura	19	446	220526	769916	0
Hasanpura	19	30	214963	762998	0
Hasanpura	19	322	266184	785675	0
Hasanpura	19	484	258759	787185	0
Hasanpura	33	27	257549	836965	0
Hasanpura	4	718	252117	835928	0
Hasanpura	4	718	250486	836423	0
Hasanpura	4	718	251654	837910	0
Hasanpura	4	718	249050	837394	0
Hasanpura	33	584	254781	819838	0
Hasanpura	19	317	219971	756895	0
Hasanpura	19	317	219071	755582	0
Hasanpura	4	615	260751	843618	0
Hasanpura	4	363	255378	846900	0
Hasanpura	4	520	258193	848553	0
Hasanpura	4	520	259541	848703	0
Hasanpura	4	382	265526	848225	0
Hasanpura	4	507	251595	848827	0
Hasanpura	4	632	260524	868460	0
Hasanpura	4	520	259297	850742	0
Hasanpura	4	581	255626	851035	0
Hasanpura	4	581	255258	850581	0
Hasanpura	4	581	253210	850484	0
Hasanpuram	1	426	139579	775887	0
Hasanpuram	1	195	158865	793772	0
Hasanpurgora	33	27	257860	837328	0
Hasanpurwa	4	615	262366	843058	0
Hasanpurwa	4	615	261668	842938	0
Hasanpurwa	4	520	258177	847449	0
Hasanwain	13	412	339139	749073	0
Hasanyarpur Tihara Kalan	11	466	289829	769238	0
Hasapur	20	131	175472	761951	0
Hasapur	20	138	191472	772811	0
Hasapur	20	139	213914	794625	0
Hasapur	35	347	243194	879345	0
Hasar Kalan	33	370	250542	785585	0
Hasar Khurd	33	370	250506	785516	0
Hasara	20	390	213874	797307	0
Hasara	33	196	249211	826416	0
Hasargundgi	15	71	171359	765901	0
Hasargundgi	15	71	175427	773272	0
Hasargundgi	15	72	168125	769108	0
Hasari	33	417	254128	785661	0
Hasari	19	638	251742	799579	0
Hasari	19	395	248347	781521	0
Hasarmane	15	333	139063	751037	0
Hasarmane	15	333	135776	751174	0
Hasarro	19	420	248971	781564	0
Hasarvalli	15	375	131926	773657	0
Hasas	28	288	282167	759110	0
Hasaua	33	451	280777	798747	0
Hasaud	6	388	217478	829130	0
Hasaud	6	299	212167	817667	0
Hasaud	6	611	215386	831475	0
Hasauli	4	136	257881	858383	0
Hasauli	4	112	247309	843735	0
Hasauli Az Raqbe	4	112	247293	844121	0
Hasauna	33	523	278354	783718	0
Hasaupur	33	621	258300	798618	0
Hasaupur	33	564	260394	836007	0
Hasaur	33	152	268294	826186	0
Hasaura	33	116	279370	793668	0
Hasaura	4	507	252004	849921	0
Hasavatti	15	74	122504	769202	0
Hasba	33	659	276623	798843	0
Hasda	6	275	213264	812037	0
Hasda	6	365	217324	820287	0
Hasda	6	681	214357	815219	0
Hasda	6	642	208358	814853	0
Hasdiha	14	643	246029	870807	0
Hasdon	14	310	229512	846216	0
Hasehura	35	347	242549	878135	0
Hasel	14	732	241206	854546	0
Hasela	14	673	242046	843138	0
Haseli	4	602	256856	872985	0
Haselia	10	140	231063	734860	0
Hasemane	15	59	144209	748419	0
Hasenwa	33	575	261287	821404	0
Haseran	33	548	269231	795773	0
Hasgara	19	462	248542	788003	0
Hasgavalli	15	652	129542	758956	0
Hasgul	31	58	184346	777557	0
Hasham Chak	33	27	256087	835505	0
Hashamganj	33	531	288824	790407	0
Hashampur	33	116	279938	793863	0
Hashampur	33	431	299605	773396	0
Hashampur	20	141	209439	782357	0
Hashampur	34	574	297739	777833	0
Hashampur	33	644	277665	780804	0
Hashampur	19	208	239364	782335	0
Hashampur	33	464	289210	785172	0
Hashepur	4	495	251996	852971	0
Hashiapur	28	302	259823	753223	0
Hashigal	15	375	131344	777757	0
Hashim	13	36	336796	750832	0
Hashim Chak	4	507	250694	848671	0
Hashim Jot	33	522	271005	818868	0
Hashim Khera	33	451	277900	797246	0
Hashimat Ali Dih	33	269	273175	823925	0
Hashimgarh	33	532	264996	825214	0
Hashimnagar	33	31	271815	810068	0
Hashimpara	33	269	272751	824601	0
Hashimpur	33	525	292560	779771	0
Hashimpur	31	271	197539	785719	0
Hashimpur	33	694	254445	833226	0
Hashimpur	33	698	258567	809398	0
Hashimpur	33	553	291871	782959	0
Hashimpur	33	464	289042	782886	0
Hashimpur	33	492	288105	786698	0
Hashimpur	33	532	265978	826018	0
Hashimpur	33	532	262683	826772	0
Hashimpur	33	584	252607	819659	0
Hashimpur	33	329	282242	793285	0
Hashimpur	33	656	287228	798574	0
Hashimpur Khadar	33	464	288531	781379	0
Hashimpur Kinar	33	626	253558	815678	0
Hashimpur Kinar	33	626	253425	815337	0
Hashimpura	33	431	296999	777055	0
Hashmanpur	33	329	286448	795355	0
Hashmatganj	33	531	288970	790226	0
Hashmatnagar	33	525	293496	778791	0
Hashmatpur	31	62	171262	787261	0
Hashmatwala	27	545	310670	749011	0
Hashpur	13	651	337749	748688	0
Hashrampur	33	575	264403	820175	0
Hashtangabad	11	722	280985	773874	0
Hashtmauli	34	574	296605	779784	0
Hashupura	33	724	287926	780186	0
Hasi Khod	13	412	339067	748677	0
Hasiana	4	495	250929	854256	0
Hasibera	14	416	231401	851217	0
Hasikhera	15	167	182312	773448	0
Hasikol	4	505	246109	862762	0
Hasilpura Khurd	28	331	261350	734993	0
Hasilwar	19	129	225217	747322	0
Hasimane	15	59	143474	747314	0
Hasimpur	20	132	212427	780054	0
Hasinabad	19	30	212869	764109	0
Hasinabad	31	63	187928	788849	0
Hasipahari	14	738	240284	869256	0
Hasivi	15	333	145230	751299	0
Hasiyawas	28	120	276480	762260	0
Haskawar	4	491	263044	878786	0
Haslata	14	498	236193	859128	0
Haslata	14	310	230097	845240	0
Hasle Chak	13	559	325720	748705	0
Hasluod	12	348	327810	761667	0
Hasmaha	33	451	279017	797997	0
Hasmatpet	31	408	174753	784882	0
Hasna	33	282	272543	815558	0
Hasna	4	106	248759	857614	0
Hasna Mawai	33	282	272053	815230	0
Hasnabad	35	432	225707	889169	0
Hasnabad	20	53	201293	756968	0
Hasnabad	19	208	235238	778385	0
Hasnabad	19	635	228193	756028	0
Hasnabad	20	112	204195	751242	0
Hasnabad	15	91	148433	751053	0
Hasnabad	4	491	263854	877818	0
Hasnabad	31	386	179470	785005	0
Hasnacha	35	4	224354	881531	0
Hasnadih	33	479	262075	829357	0
Hasnadih	4	394	251436	840978	0
Hasnal	20	138	185332	774084	0
Hasnal	20	138	186345	774725	0
Hasnamau	33	605	268368	817562	0
Hasnapur	33	659	272135	799435	0
Hasnapur	11	741	282982	774607	0
Hasnapur	20	151	193131	766701	0
Hasnapur	15	71	170506	768120	0
Hasnapur	31	58	182207	778084	0
Hasnapur	20	67	205474	783172	0
Hasnapur	33	659	275996	798187	0
Hasnapur	33	659	275723	797784	0
Hasnapur	33	659	277095	799760	0
Hasnapur	33	548	270253	796216	0
Hasnapur	33	645	264572	799030	0
Hasnapur	33	-1	250524	803315	0
Hasnapur	20	132	211480	772590	0
Hasnapur	20	169	208501	772385	0
Hasnapur	20	127	206259	774905	0
Hasnapur	33	698	259021	806173	0
Hasnapur	33	698	258234	807477	0
Hasnapur	31	271	196758	784652	0
Hasnapur	31	271	196994	787819	0
Hasnapur	31	271	194172	787968	0
Hasnapur	33	698	259692	808523	0
Hasnapur	33	661	275086	794630	0
Hasnapur	33	301	266375	807842	0
Hasnapur	33	654	261651	808629	0
Hasnapur	33	312	279195	811425	0
Hasnapur	33	488	275960	810358	0
Hasnapur	33	595	276924	818466	0
Hasnapur	33	685	267213	811442	0
Hasnapur	33	654	263211	811165	0
Hasnapur	33	282	271372	815558	0
Hasnapur	33	688	258692	814186	0
Hasnapur	33	654	262231	810407	0
Hasnapur	33	269	277102	822313	0
Hasnapur	33	575	261058	823864	0
Hasnapur	33	152	269490	826866	0
Hasnapur	33	27	256494	835351	0
Hasnapur	10	133	241031	725502	0
Hasnapur	33	488	273605	807844	0
Hasnapur	33	488	274117	808879	0
Hasnapur	33	488	274618	809797	0
Hasnapur	33	659	274601	800044	0
Hasnapur	33	659	273836	800817	0
Hasnapur Grant	33	659	276023	801329	0
Hasnapur Sani	33	698	260197	807692	0
Hasnawala	34	574	300808	778206	0
Hasni	20	138	189627	776143	0
Hasni	33	152	270123	828785	0
Hasni	33	623	270043	829772	0
Hasni	33	152	269758	828940	0
Hasni	4	495	253650	854084	0
Hasni	4	136	255769	856538	0
Hasnpurwa	4	615	261314	843710	0
Hasnuwada	33	532	264326	826976	0
Hasodi	15	333	139216	756451	0
Hasol	13	640	333441	747332	0
Hasol	12	39	317982	763375	0
Hasolekhera	33	698	259925	805168	0
Hasopur	33	698	259803	810301	0
Hasopur	4	569	259181	863080	0
Hasouda	6	285	205043	820637	0
Hasound Kamarpara	6	285	205020	820533	0
Haspalli	31	346	192565	787034	0
Hasplot	13	485	335382	743619	0
Haspura	4	117	248019	849045	0
Hasra	33	445	273152	792353	0
Hasra	33	102	244485	828167	0
Hasra	33	102	244455	828266	0
Hasragod	15	59	144979	747926	0
Hasrai	19	338	237869	785480	0
Hasrampur	33	605	265093	821940	0
Hasrampur	33	637	263790	816797	0
Hasrauli	33	33	257531	825792	0
Hasri	19	338	244043	791189	0
Hassanbada	1	10	165139	800561	0
Hassanbada	1	195	158952	791240	0
Hassanhalli	16	233	117925	761989	0
Hassanmiranpur	31	447	181625	787349	0
Hassu	11	563	298990	749396	0
Hassupur	33	621	258535	798669	0
Hassupur Sesa	33	621	258361	798577	0
Hassupura	33	553	291353	784389	0
Hassuwal	27	544	315756	754191	0
Hasta	27	3	304903	740336	0
Hasta	33	619	254840	811654	0
Hasta	20	112	202804	752420	0
Hastabalkancha	31	62	174444	783529	0
Hastakargadde	15	59	149218	746870	0
Hastalpur	31	386	178889	784107	0
Hastam	33	444	253563	805285	0
Hastampatti	30	51	116740	781583	0
Hastapur	20	67	205663	781934	0
Hastapuram	31	63	189792	788607	0
Hastara	20	138	195500	775585	0
Hastavaram	1	190	142256	791172	0
Hastavaripalli	1	190	141956	791252	0
Haste Pimpalgaon	20	53	197343	761516	0
Hasteke	27	545	309363	745570	0
Hastepur	31	62	173348	780211	0
Hastewala	27	545	309791	746926	0
Hastewala Piruwali	27	545	309867	746944	0
Hasthi Kanda	35	347	241320	876894	0
Hasti	13	35	332813	757707	0
Hastinapur	25	281	219448	856278	0
Hastinapuram	1	207	133105	790381	0
Hastinapuram	30	369	111170	791234	0
Hastings	35	122	225500	883333	0
Hastmatabad	0	104	116000	926333	0
Hastnapur	20	110	203676	796850	0
Hastpur	33	523	277759	779929	0
Hastur Tanda	20	53	194063	762279	0
Hasu Chak	14	570	251605	874235	0
Hasua	33	445	271374	792442	0
Hasuadih	4	597	253979	841309	0
Hasuatoli	14	541	234062	855163	0
Hasulahi	4	520	258901	846519	0
Hasulama	19	335	226662	746151	0
Hasulia	4	636	257297	864686	0
Hasupur	4	136	258789	859669	0
Hasupur	35	452	246161	879406	0
Hasupur Bahertya	33	116	280167	789371	0
Hasupura	33	492	290251	788183	0
Hasupura	33	710	261600	791147	0
Hasur	15	77	159925	744883	0
Hasur	15	77	159966	745598	0
Hasuri	20	156	179721	767565	0
Hasuwaha	4	382	265752	847026	0
Hasvante	15	59	142404	748987	0
Haswa	33	698	258727	809158	0
Haswa	33	685	266342	811200	0
Haswa	33	654	264853	811853	0
Haswa	33	605	265975	823842	0
Haswa	6	365	216868	825578	0
Haswa	33	637	263640	815017	0
Haswa Dehri	4	363	254066	844030	0
Haswa Jaju	33	451	277186	798463	0
Haswa Nagla	33	116	280862	788375	0
Haswa Para	33	282	274432	818239	0
Haswa Purwa	33	659	273135	801214	0
Haswa Sarwanan	33	637	264214	816047	0
Haswani	12	348	328938	761758	0
Haswapara	33	31	271937	810734	0
Haswapur	33	31	266167	812256	0
Haswar	33	196	252275	823112	0
Haswar	33	532	265107	828217	0
Hasyakheri	28	487	245878	769927	0