Holenarasipura	15	652	127864	762433	29974
Holalkere	15	246	140430	761850	15783
Hol	20	185	212215	750549	0
Hol	20	34	187047	762368	0
Hol	20	182	218137	740381	0
Hol	20	78	205908	751914	0
Hol	20	182	215806	744832	0
Hol	20	185	212097	747802	0
Hol	20	78	211284	749715	0
Hol	20	78	208496	758020	0
Hol Budrukh	20	182	213812	742650	0
Hol Budrukh	20	78	212429	755380	0
Hol Karanjana	20	185	215463	747594	0
Hol Khurd	20	182	213901	744054	0
Hol Vadi	20	78	212004	752756	0
Hola	12	267	314375	773484	0
Hola	19	338	231835	791599	0
Holabagere	15	652	131370	760070	0
Holabikond	15	91	144482	753529	0
Holagar	15	97	135961	753874	0
Holagarh	33	584	256377	817742	0
Holagere	15	652	132305	758321	0
Holagere	15	652	130513	761039	0
Holagere	15	652	129846	761908	0
Holagondi	15	352	150332	760031	0
Holai	12	460	311326	774000	0
Holalagondi	1	228	154878	770475	0
Holalakere	15	97	133658	760126	0
Holalapur	15	583	152257	755241	0
Holalavadi	15	74	121346	767312	0
Holalgod	15	652	127160	759785	0
Holali	15	47	131148	782712	0
Holalkere	15	652	134377	763577	0
Holalu	15	352	148406	757144	0
Holalu	15	97	132508	754491	0
Holalu	15	652	130293	758885	0
Holalu	15	652	129556	762377	0
Holalu	15	93	125541	768483	0
Holalur	15	333	140377	756811	0
Holalur	15	333	140624	752429	0
Holalurbetgere	15	333	136090	752033	0
Holamau	15	333	141842	747865	0
Holambi Kalan	8	737	288044	770969	0
Holambi Khurd	8	737	287968	770971	0
Holamgara	14	379	242782	849838	0
Holamgara Kalan	14	379	242215	849337	0
Holandgira	15	71	168333	769622	0
Holang	14	732	240238	856385	0
Holang	14	310	233967	843889	0
Holang	14	678	237807	847044	0
Holanga	14	673	242700	838580	0
Holanwali	27	545	309454	748427	0
Holapur	33	584	253624	823068	0
Holapur	33	242	253746	829512	0
Holapur	33	575	261530	822559	0
Holapur Kazi	33	522	268806	821859	0
Holapur Talib	33	522	268869	821869	0
Holapura	19	459	268198	782113	0
Holaradi	15	55	127508	752835	0
Holas	4	636	258767	863844	0
Holash Dogri	12	460	311560	777782	0
Holaspura	28	339	252850	755260	0
Holatalai	19	129	226256	748766	0
Holatalu	15	92	135251	771323	0
Holavanhalli	15	92	135290	773020	0
Holavankatte	15	265	143942	760629	0
Holawan	19	313	248480	810389	0
Holayardoddi	15	603	124191	773025	0
Holda	15	77	155769	742680	0
Holdar	12	514	307453	776537	0
Holdharpali	6	611	215660	830145	0
Holdiguda	25	499	192119	822183	0
Hole Arlehalli	15	265	143053	756320	0
Hole Bairanahalli	15	333	139687	756929	0
Hole Benavalli	15	333	139400	756244	0
Hole Benavalli	15	333	139506	756608	0
Hole Hanasavadi	15	333	139686	756246	0
Hole Madapura	15	265	142237	756843	0
Holebagal	15	59	142282	748235	0
Holediguda	25	305	185376	829104	0
Holegadde	15	333	138262	750907	0
Holegadde	15	333	136220	752455	0
Holegadde	15	333	136714	751023	0
Holegadde	15	59	143739	744185	0
Holegardoddi	15	603	126617	771536	0
Holegaru	15	333	139152	748614	0
Holehatti	15	333	140233	756736	0
Holehatti	15	333	140073	757364	0
Holehonnur	15	333	139866	756893	0
Holekatte	15	333	142982	751628	0
Holekoppa	15	333	138796	750177	0
Holekoppa	15	333	136676	750669	0
Holekoppa	15	333	135931	752588	0
Holekoppa	15	97	135313	754346	0
Holekoppa	15	97	135882	755661	0
Holemane	15	59	148025	746650	0
Holemane	15	59	149571	747431	0
Holemanehalu	15	333	138328	758270	0
Holemaragondanahalli	15	652	128465	760410	0
Holenakoppa	15	333	139264	751985	0
Holepur	33	548	269103	799003	0
Holerahalli	15	47	130819	780335	0
Holerahalli	15	47	130610	782050	0
Holerahalli	15	47	132194	780118	0
Holerhalli	15	47	130155	779993	0
Holerhalli	15	375	133265	777648	0
Holeyandoddi	15	603	125986	771487	0
Holeyardoddi	15	93	125572	770901	0
Holeyarhalli	15	375	133033	774283	0
Holeyarpur	15	92	131512	771136	0
Holeyerdoddi	15	603	126361	773608	0
Holgaon	19	239	219127	748777	0
Holge	15	59	148752	742461	0
Holgeri	20	131	175178	762093	0
Holgeri	15	652	127496	757977	0
Holgujri	20	182	215805	745165	0
Holi	34	589	298622	786750	0
Holi	11	664	302356	770736	0
Holi	12	348	323287	765547	0
Holi	19	129	225256	749132	0
Holi	34	530	294673	795070	0
Holi Chak	4	112	249441	844458	0
Holi Hadagali	15	583	158236	756851	0
Holi Khet	34	530	293669	794427	0
Holi Nagla	33	661	275824	794009	0
Holi Para	10	170	229363	743213	0
Holi Purwa	33	282	275537	815312	0
Holi Purwa	33	522	271466	818962	0
Holi Purwa	33	282	274214	817526	0
Holi Purwa	33	575	262352	820290	0
Holi Purwa	33	488	274802	812743	0
Holia	28	550	254416	738975	0
Holiagara	33	282	273700	818839	0
Holianveri	15	91	144949	756915	0
Holiapur	33	280	272408	827072	0
Holidikundo	25	305	188491	822272	0
Holidipuru	25	305	187097	827433	0
Holidiputtu	25	305	187022	829722	0
Holigadde	15	59	149052	747674	0
Holigadde	15	59	139460	746028	0
Holigeri	15	97	131047	756131	0
Holimal	19	317	223034	755638	0
Holipur	33	27	255348	832695	0
Holipur	33	564	261102	835270	0
Holipur	33	31	273133	812790	0
Holipur	33	515	262487	840010	0
Holipura	33	526	268410	774642	0
Holipura	33	526	269046	785173	0
Holisal	15	74	122055	771028	0
Holitola	19	354	221769	800101	0
Holiyakheri	19	324	244372	769972	0
Holiyapur	33	698	257847	812168	0
Holka	33	31	271086	811497	0
Holkadhar	10	170	226629	741349	0
Holkallu	15	92	132462	771158	0
Holla	33	174	275319	777799	0
Hollamballi	15	47	131118	782466	0
Hollangupadu	25	305	186062	825359	0
Holli Konni	16	233	117978	761551	0
Hollvalli	15	652	129876	759300	0
Holondokhola	25	423	200375	846610	0
Holong	14	541	233804	857219	0
Holongchari	23	14	230390	924863	0
Holongdatoli	14	476	225858	849729	0
Holonguli	14	276	222289	852314	0
Holonguli	14	276	222218	852446	0
Holpani	20	182	217552	740221	0
Holpara	33	282	274360	816037	0
Holpimpri	20	78	209517	751006	0
Holpur	33	33	256932	822466	0
Holpur	33	561	253036	823994	0
Holpur	33	31	265705	814339	0
Holpur	33	575	261018	823490	0
Holpur	33	479	262010	832095	0
Holpur	33	516	260599	838928	0
Holpur Kalan	28	331	261515	734781	0
Holpur Rasti	33	479	258183	832766	0
Holpurganga	33	479	258483	832931	0
Holsari	25	478	216770	835373	0
Holsiguda	25	305	189103	829888	0
Holsu	12	39	320597	765533	0
Holsur	15	333	138519	749322	0
Holur	15	47	132470	782136	0
Holuva	25	349	191792	833578	0
Holwat	12	514	307416	775567	0