Huchaganne	15	74	120924	764679	0
Huchahanumegowdanpalya	15	603	129902	771598	0
Huchainadoddi	15	603	126502	772438	0
Huchaindoddi	15	603	125383	772092	0
Huchalagere	15	93	125350	769897	0
Huchalakiahnapalya	15	92	129974	770450	0
Huchammandoddi	15	603	127131	773893	0
Huchanahalli	15	92	134843	764632	0
Huchanapura	15	74	122741	765752	0
Huchanpalya	15	43	131090	774304	0
Huchayanpalya	15	92	129791	771278	0
Huchchavvanahalli	15	265	142540	760993	0
Huchchavvanahalli	15	265	145495	764430	0
Huchchavvanahalli	15	246	139670	765879	0
Huchchayyanahalli	15	44	149344	764578	0
Huchegowdanpalya	15	92	129257	771183	0
Huchetola	6	642	207310	808185	0
Huchipanohegaudanadoddi	15	93	126502	769240	0
Huchirayanapalya	15	92	135091	773063	0
Huchlu	14	678	237361	846427	0
Huchukdanga	35	347	240957	876539	0
Huchukpara	14	738	240201	868389	0
Huchunur	15	66	160032	760215	0