Jadugora	14	562	226536	863560	18563
Jadcherla	31	306	167738	781367	17958
Jad	13	559	328889	746058	0
Jad Bhareth	33	312	279071	811122	0
Jada	13	0	344152	738465	0
Jada	1	453	183703	836382	0
Jadabapanapalle	1	207	133346	792432	0
Jadabdih	14	276	227541	857160	0
Jadabpur	35	432	227833	886314	0
Jadabpur	35	452	241816	879860	0
Jadabur	33	516	255790	839551	0
Jadaganahalli	15	265	143466	758386	0
Jadaganaikan Koppal	15	74	124865	762196	0
Jadagatte	15	652	131903	762165	0
Jadagola	25	546	213233	845670	0
Jadaguda	25	349	192315	839090	0
Jadai Khera	33	654	261477	807613	0
Jadai Purwa	33	488	274152	813234	0
Jadaipur	33	532	264506	829501	0
Jadaiyeri	30	158	130900	797020	0
Jadakahu	19	239	218604	749697	0
Jadakanakatte	15	97	134495	761008	0
Jadakanapura	15	93	123858	769933	0
Jadakkal	30	215	123729	782917	0
Jadaladinni	15	50	163006	769863	0
Jadalpet	31	229	183707	797386	0
Jadam ki Dhani	28	274	256211	707084	0
Jadamangalam	30	260	111124	783814	0
Jadan	28	263	258423	734891	0
Jadana	28	298	254864	742318	0
Jadana	28	402	250583	744080	0
Jadani	12	653	314166	775708	0
Jadani Trag	13	529	333013	752098	0
Jadao Muwara	10	140	230066	733826	0
Jadaon	12	267	317147	771866	0
Jadapal	25	372	207740	841641	0
Jadapal	25	372	206919	840520	0
Jadapara	25	499	199443	819376	0
Jadapeta	1	453	186153	839093	0
Jadapur	35	397	250795	881462	0
Jadar	12	653	314890	774277	0
Jadar	34	430	308747	778384	0
Jadarahalli	1	426	138971	772586	0
Jadaul	12	514	309149	773957	0
Jadaunpur	33	278	267659	790692	0
Jadaunpur	33	329	281370	796152	0
Jadaunpur Khurd	33	656	281818	798930	0
Jadaunpur Natha	33	656	282424	799391	0
Jadaupur	33	584	249721	822579	0
Jadavari Kottavalasa	1	176	184303	835643	0
Jadavpur	35	122	224879	883787	0
Jadayamapatti	30	109	121377	783661	0
Jadayampalaiyam	30	154	112954	769801	0
Jadayankottai	30	109	122227	783215	0
Jadayanur	30	192	126403	789351	0
Jadayeri	30	192	127190	795483	0
Jadbanspur	33	605	267243	821186	0
Jadbanspur	33	686	266327	793006	0
Jadbhaoda	20	168	210003	803422	0
Jadda	12	348	324678	762327	0
Jaddaguda	25	108	185104	819038	0
Jaddangi	1	258	174814	821552	0
Jaddapur	33	269	274787	823744	0
Jaddhe ka Pura	19	465	261312	778350	0
Jaddigadde	15	59	149660	747542	0
Jaddigadde	15	59	148223	748734	0
Jaddikuni	15	59	145575	748404	0
Jaddinagadde	15	248	136109	749996	0
Jaddinkop	15	333	139677	749639	0
Jaddipal	15	59	149867	746273	0
Jaddna	12	348	328094	762012	0
Jaddu Purwa	33	522	270884	818289	0
Jaddupur	33	698	259974	804627	0
Jaddupur	33	33	254970	825029	0
Jaddupur	33	561	253721	827052	0
Jaddupur	33	196	250237	827398	0
Jaddupur	33	242	252540	827521	0
Jaddupur	4	106	249671	854885	0
Jaddur	15	248	136014	747811	0
Jade	15	333	145753	750457	0
Jade Purwa	33	548	269517	795289	0
Jadegadde	15	652	127808	757398	0
Jadegondanahalli	15	92	136981	772003	0
Jadegondanahalli	15	246	140225	766727	0
Jadekunte	15	246	141652	767002	0
Jadeli Muwara	10	140	232264	738119	0
Jadengi	15	55	127885	752752	0
Jadengi	15	55	127922	753077	0
Jadenhatti	30	215	123595	778942	0
Jadeog	12	460	311454	773767	0
Jader	12	267	314042	769752	0
Jaderi	15	47	132699	782403	0
Jaderikhandrika	1	45	134240	798754	0
Jaderu	1	258	174813	819531	0
Jadgatta	15	652	127731	756841	0
Jadgenhalli	15	375	130514	778528	0
Jadginkop	15	59	149089	748816	0
Jadhai	33	593	277787	790095	0
Jadhail	4	491	261255	877307	0
Jadhal	12	604	309545	772199	0
Jadhala	20	156	186531	767992	0
Jadhan Purwa	33	522	272825	819047	0
Jadhana	12	604	311021	770034	0
Jadhar	12	39	320781	768490	0
Jadhewala	33	431	301661	774798	0
Jadhirpur	33	626	255770	813129	0
Jadho	20	64	178295	745293	0
Jadhog	12	460	311779	770738	0
Jadhonwala Mazra	33	531	290687	791304	0
Jadi	34	430	307529	778532	0
Jadi	12	514	307345	773308	0
Jadi	14	310	230727	843532	0
Jadi Chanaur	4	636	258467	866802	0
Jadi Jamalpur	31	75	186992	778528	0
Jadia	4	632	260500	870260	0
Jadia	4	410	260937	869852	0
Jadial	10	133	242129	725441	0
Jadiang	14	678	237909	846326	0
Jadibahal	25	262	217662	850341	0
Jadid	33	488	277011	812496	0
Jadid	33	31	268046	812441	0
Jadid Mutassil Katra	33	31	268238	812409	0
Jadidjavla	20	34	191666	760721	0
Jadidjavla Tanda	20	34	191653	760801	0
Jadigat	15	59	143289	744681	0
Jadighati	25	349	192076	832736	0
Jadiguda	1	258	183917	827966	0
Jadiguda	6	578	189610	820715	0
Jadiguda	1	258	182995	824170	0
Jadiguda	1	258	181907	823424	0
Jadigudem	1	258	182247	825846	0
Jadigumma	25	349	194567	831212	0
Jadikkachattram	30	260	109128	787145	0
Jadimarg	13	529	332689	753434	0
Jadinga	25	499	199409	819825	0
Jadipai	25	349	194024	831011	0
Jadipeta	1	176	185414	837052	0
Jadipodoro	25	305	187523	830246	0
Jadipur	33	584	249398	820753	0
Jadipur	33	575	262333	821164	0
Jadisar	12	267	313483	772577	0
Jadiya	10	133	245958	720338	0
Jadiyankoppa	15	333	139999	749468	0
Jadkal	15	248	137975	748036	0
Jadkal	15	248	138298	748639	0
Jadla	27	283	310805	762185	0
Jadla	34	589	298254	786844	0
Jadli	27	283	310966	762249	0
Jadligat	15	59	143697	744683	0
Jadmi	19	309	234419	762211	0
Jadnathpur	14	310	230348	841614	0
Jado Pali	33	314	265014	833430	0
Jadodharo	25	423	201317	847296	0
Jadog	12	460	312414	773716	0
Jadoli	12	653	314142	775951	0
Jadoli	33	531	285676	789521	0
Jadoli	12	348	324417	759754	0
Jadoli	12	348	324712	762911	0
Jadoli ka Bas	28	463	275405	768753	0
Jadon	12	460	312179	774589	0
Jadonpur	33	174	273564	778597	0
Jadonpur	19	484	256329	787919	0
Jadonpur	33	523	281140	783058	0
Jadonpur	33	329	285855	794720	0
Jadonpur	33	116	280950	794247	0
Jadonpur	33	686	268407	793596	0
Jadonpur Boseha	33	329	282645	796085	0
Jadonpur Patti	33	656	283960	798865	0
Jadopur	33	196	251767	831189	0
Jadopur	33	196	251539	823330	0
Jadopur	33	282	275268	815378	0
Jadopur	33	575	263334	818381	0
Jadopur	33	605	265491	822399	0
Jadopur	33	605	264380	821534	0
Jadopur	33	575	261111	820638	0
Jadopur	33	575	260958	821591	0
Jadopur	33	605	265108	822779	0
Jadopur	33	605	265980	824331	0
Jadopur	33	532	265902	825282	0
Jadopur	33	479	262161	829984	0
Jadopur	33	584	256275	818137	0
Jadopur	33	584	256383	818208	0
Jadopur	4	363	256143	846516	0
Jadopur	4	520	258887	849502	0
Jadopur	4	382	266672	846731	0
Jadopur	4	675	262241	848629	0
Jadopur	4	363	255369	843877	0
Jadopur	4	581	254510	857720	0
Jadopur	4	117	249828	849776	0
Jadopur	4	520	258481	850420	0
Jadopur	35	587	257708	879938	0
Jadopur Dukhharam	4	675	265261	844424	0
Jadopur Shukul	4	675	265250	844341	0
Jadra	11	500	282367	765408	0
Jadrangal	12	39	321603	764160	0
Jadron	12	267	314933	768417	0
Jadu	12	348	327333	760975	0
Jadu Bhalua	4	396	252057	874527	0
Jadu Bigha	4	112	250330	845131	0
Jadu Bigha	4	112	249049	845694	0
Jadu Chak	4	117	246287	850606	0
Jadu Patti	33	314	265136	832014	0
Jadu Purwa	4	597	254567	838947	0
Jadu Purwa	33	522	272085	819807	0
Jadu Purwa	33	522	269119	821028	0
Jadu Purwa	33	152	268572	824400	0
Jadu Purwa	33	488	273616	812676	0
Jadu Tanda	33	27	256272	833548	0
Jadua Chak	4	117	245558	850604	0
Jaduapara	4	602	254024	877616	0
Jaduapatti	4	632	260056	870075	0
Jaduatoli	14	476	223984	842236	0
Jadubigha	4	112	247402	844835	0
Jadubudhutoli	14	541	233516	856304	0
Jadudih	14	454	243296	857013	0
Jadudih	4	112	245537	843835	0
Jadudih	14	541	229943	857758	0
Jadudih	14	628	225061	859539	0
Jadujanda	27	284	314829	758206	0
Jadukhera	28	298	252429	741494	0
Jadukita	14	570	251510	874096	0
Jadukottur	30	215	127077	781593	0
Jaduloi Singh	25	546	213059	840285	0
Jadun	12	460	311874	773535	0
Jadunandanpur	33	698	256515	811649	0
Jadunath	33	522	271861	819290	0
Jadunath Singh	33	282	273742	817245	0
Jadunathpur	33	623	266573	829708	0
Jadunathpur	33	496	271874	832341	0
Jadunathpur	25	399	210258	851116	0
Jadunathpur Chandwara	4	687	258358	852205	0
Jadupalli	25	527	200806	848991	0
Jadupara	14	643	241866	875395	0
Jadupatti	33	688	257422	814173	0
Jadupatti	4	569	261186	863114	0
Jadupatti	4	136	258161	860781	0
Jadupatti	4	560	265795	857878	0
Jadupur	11	667	280706	760067	0
Jadupur	4	718	250242	836411	0
Jadupur	33	561	253014	825658	0
Jadupur	33	637	262075	818502	0
Jadupur	33	605	265632	823995	0
Jadupur	33	532	264899	823686	0
Jadupur	33	314	268211	835571	0
Jadupur	33	314	265128	835219	0
Jadupur	33	515	264254	836449	0
Jadupur	33	688	259098	818909	0
Jadupur	33	688	257352	818988	0
Jadupur	33	31	272074	813380	0
Jadupur	34	617	288431	798764	0
Jadupur	4	112	246039	844322	0
Jadupur	14	633	245852	878011	0
Jadupur	25	527	201649	851067	0
Jadupur	25	399	207521	845579	0
Jadupur Mathia	33	282	273046	816455	0
Jadurampur	4	520	258455	850439	0
Jadurhati	35	432	227371	887422	0
Jaduri	34	413	296645	798625	0
Jadurmanpur	33	564	259634	835741	0
Jadutanr	14	454	244163	855366	0
Jadutola	6	620	208515	807107	0
Jadutola	4	394	253647	841260	0
Jadutola Ghaghra	14	442	250390	876533	0
Jaduwa	19	497	248553	812590	0
Jadwa	4	394	250229	841810	0
Jadwa Tara	33	242	254928	828409	0
Jadwamau	33	31	269807	815303	0
Jadwana	12	39	319963	764647	0
Jadwapatti	4	632	259769	870151	0
Jadwapur	33	488	274569	810744	0
Jadwapur	33	314	264216	831305	0