Jangipur	35	452	244700	880766	82548
Jangaon	31	178	177260	791524	52394
Janjgir	6	669	220092	825778	32833
Jandiala Guru	27	214	315620	750277	29232
Jandiala	27	355	311593	756176	25631
Jansath	33	525	293250	778504	19467
Jandli	11	664	303571	767964	14397
Janpur	4	581	252958	848789	10614
Jangalpur	14	387	238274	865793	7603
Jan	19	635	228010	760596	0
Jan	4	382	266232	846971	0
Jan	34	530	293787	798300	0
Jan	15	59	143137	746108	0
Jan Ali Khera	33	301	263849	808592	0
Jan Khera	33	656	281918	797759	0
Jan Muhammad Purwa	33	522	271046	822749	0
Jan Muhammadpur	33	488	273338	806985	0
Jan Muhammadpur	4	396	252759	872548	0
Jan Muhammadpur	4	136	257119	856664	0
Jan Palio	28	274	250532	709384	0
Jana	34	413	296841	794897	0
Jana	4	495	252137	856549	0
Jana	4	510	256807	860845	0
Jana	14	310	231147	844672	0
Janaba	1	258	180533	822858	0
Janabali	25	349	198515	835228	0
Janabganj	33	685	266691	808099	0
Janadhalli	15	652	129860	759340	0
Janaher	33	431	296619	774270	0
Janai	35	268	227129	882523	0
Janai	33	654	263646	813597	0
Janai Jot	33	280	271650	824471	0
Janaidih	4	363	252347	845020	0
Janain	33	613	283569	781622	0
Janaipur	33	682	273711	787232	0
Janaipur	33	605	265120	822017	0
Janaipur	33	564	259592	834244	0
Janaita	33	622	284743	787376	0
Janaiya Sathaiya	33	661	273771	794950	0
Janak Jagir	33	329	285500	794110	0
Janak Purwa	33	444	252435	805249	0
Janakal	15	246	139128	763154	0
Janakaloti	15	92	138063	773425	0
Janakammapeta	1	6	150125	798439	0
Janakampalle	1	426	141893	778150	0
Janakampalli	1	190	144750	792003	0
Janakampeta	31	75	187422	783495	0
Janakapuram	30	158	131350	795248	0
Janakapuram	1	45	134414	798243	0
Janakapuramkhandrika	1	45	134457	798334	0
Janakarajakuppam	30	220	131793	793952	0
Janakarapalli	1	207	132099	790880	0
Janakavaram	1	212	158192	800860	0
Janakayyapeta	1	219	173879	827373	0
Janakha	13	559	328556	749778	0
Janakha	13	359	327269	752269	0
Janakhai	19	497	249250	815281	0
Janakidevupuram	1	81	180185	833803	0
Janakipeta	1	219	174053	826434	0
Janakipettai	30	197	122118	797234	0
Janakipuram	31	61	179519	793707	0
Janakipuram	30	197	119027	794680	0
Janakipuram Tanda	31	241	169674	799390	0
Janakirampuram	1	219	176588	826631	0
Janakpatti	33	242	254779	827573	0
Janakpur	19	-1	237157	817910	0
Janakpur	19	462	247639	789029	0
Janakpur	19	638	248950	794925	0
Janakpur	19	462	247984	792514	0
Janakpur	28	357	251029	761688	0
Janakpur	19	465	259423	783776	0
Janakpur	33	174	276286	777424	0
Janakpur	6	676	202410	811027	0
Janakpur	33	278	268355	788762	0
Janakpur	19	459	262727	775359	0
Janakpur	33	698	255395	810522	0
Janakpur	19	648	228026	779341	0
Janakpur	19	420	255048	780947	0
Janakpur	19	420	254718	783101	0
Janakpur	19	420	251551	780419	0
Janakpur	19	420	250588	780588	0
Janakpur	19	420	252420	782723	0
Janakpur	19	484	251603	783892	0
Janakpur	19	484	256631	785548	0
Janakpur	33	694	247522	831556	0
Janakpur	19	326	230215	782278	0
Janakpur	19	512	247339	802263	0
Janakpur	33	584	249554	819426	0
Janakpur	19	610	242311	814606	0
Janakpur	19	646	243988	819816	0
Janakpur	33	698	255465	812592	0
Janakpur	33	561	254452	824270	0
Janakpur	33	312	278319	812415	0
Janakpur	33	522	270889	817940	0
Janakpur	33	492	286491	786955	0
Janakpur	33	654	260099	812120	0
Janakpur	33	637	260983	818388	0
Janakpur	33	637	260679	818396	0
Janakpur	33	595	278155	820676	0
Janakpur	33	269	274679	823683	0
Janakpur	33	269	271425	823080	0
Janakpur	33	522	270745	822763	0
Janakpur	33	575	262764	825137	0
Janakpur	33	479	259482	833372	0
Janakpur	33	314	270147	832488	0
Janakpur	33	496	271237	832807	0
Janakpur	33	496	271590	833113	0
Janakpur	33	496	270939	834820	0
Janakpur	33	496	269891	836704	0
Janakpur	33	496	269731	836797	0
Janakpur	6	455	210810	807113	0
Janakpur	28	302	259820	753426	0
Janakpur	33	523	280260	782611	0
Janakpur	25	273	199583	832350	0
Janakpur	4	363	253188	846060	0
Janakpur	4	734	251250	846753	0
Janakpur	4	394	253182	842391	0
Janakpur	4	117	246173	846994	0
Janakpur	4	136	257149	858094	0
Janakpur	4	106	249675	854420	0
Janakpur	33	488	272727	806313	0
Janakpur	14	570	250403	873493	0
Janakpur	4	495	250477	852805	0
Janakpur	4	495	253517	856237	0
Janakpur	33	659	273931	802045	0
Janakpur	25	297	209542	841421	0
Janakpur	25	372	208467	842019	0
Janakpur Kothi	33	314	270146	832488	0
Janakpura	19	462	249310	788802	0
Janakpura	19	638	245856	791393	0
Janakpura	28	302	262000	754119	0
Janakpura	19	459	267007	783943	0
Janakpura	33	526	269541	777175	0
Janakpura	19	638	249302	796939	0
Janakpura	33	27	257326	837200	0
Janakpura	19	635	226695	761484	0
Janakpurchak	19	420	249126	781585	0
Janakpuri	8	739	286216	770946	0
Janakpuri	33	656	287044	798726	0
Janaktiwari ka Purwa	33	688	258153	816587	0
Janal	12	460	311688	774985	0
Janal	27	571	300706	759505	0
Janala	20	110	200409	796069	0
Janala	20	134	199038	799782	0
Janalbagda	31	448	162633	783414	0
Janalkupa	25	373	204799	842993	0
Janalposi	25	281	216829	857795	0
Janalu	12	279	312746	767820	0
Janambera	14	434	241109	860544	0
Janamdih	14	643	244383	875213	0
Janamdih	14	416	231519	854354	0
Janamdol	35	397	254954	879518	0
Janamghuti	4	602	255013	874611	0
Janamguda	1	258	182712	829438	0
Janamjai	35	587	260079	878564	0
Janamjepur	33	694	254181	834626	0
Janamjhuri	28	487	249265	767872	0
Janamkhar	19	142	221379	801696	0
Janamkhari	19	354	221019	798221	0
Janampalle	1	99	143296	770379	0
Janampalli	31	144	161411	779640	0
Janampalli	20	134	188085	799635	0
Janampalli	31	306	169515	777587	0
Janampalli	31	306	169282	778407	0
Janampalli	31	448	163014	782728	0
Janampalli	31	128	172859	791287	0
Janampet	31	306	166268	779848	0
Janampeta	31	60	180929	806912	0
Janampeta	1	25	167757	810521	0
Janan	10	107	238326	703021	0
Janan	12	460	310520	774938	0
Janan	33	450	264023	804511	0
Janan	33	605	264996	822425	0
Janan	27	284	317981	758874	0
Janana	28	467	292125	752850	0
Janana	13	358	330253	756498	0
Janangirpur Patera	4	687	257998	852764	0
Janania	28	467	293222	749501	0
Jananpur	33	605	266642	822503	0
Jananpur	33	488	272492	812098	0
Janantara	33	698	256006	810556	0
Jananur	30	427	109076	781924	0
Janaog	12	267	314704	769756	0
Janaon	12	604	311960	766825	0
Janapada	25	281	216837	858664	0
Janapadu	1	10	164618	798699	0
Janapalacheruvu	1	195	154771	791532	0
Janapanka	25	349	194860	836644	0
Janapiril	31	240	179691	796238	0
Janappakudi	30	118	94473	775526	0
Janapul	35	432	228589	886986	0
Janapur	15	167	179077	769849	0
Janapur	33	637	263097	814990	0
Janapur	33	575	262525	819632	0
Janapur	33	637	263686	815818	0
Janapur	25	349	197828	834561	0
Janapur	28	23	247790	730071	0
Janapuri	20	138	190629	772422	0
Janar	33	102	247102	827727	0
Janarakhani	34	413	298726	791929	0
Janaram	31	90	191220	789964	0
Janardana Rangarayapuram	1	176	185330	833761	0
Janardanahalli	15	188	128071	759243	0
Janardanapalle	1	99	150484	772441	0
Janardanarangarayapuram	1	194	186098	833758	0
Janardanarangarayapuram Agraharam	1	194	185577	835260	0
Janardanavaram	1	25	169664	808652	0
Janardanpur	19	313	245980	810898	0
Janardanpur	4	136	259925	858025	0
Janardanpur	4	535	261702	864096	0
Janardanpur	4	581	254810	852916	0
Janardanpur	25	277	206160	852111	0
Janardhanapuram	1	68	164783	809750	0
Janardhanaykkampalayam	30	192	124329	792310	0
Janari	33	516	257466	842209	0
Janarjanpur	4	718	251961	835193	0
Janarjanpur	33	532	264992	826976	0
Janaro	4	495	251080	853911	0
Janarola	13	1	337878	741892	0
Janasi	20	112	204660	755357	0
Janasni	28	263	261492	739522	0
Janat	12	514	307291	771325	0
Janat Kalan	12	39	320594	759496	0
Janat Khurd	12	39	320528	759554	0
Janatpor	13	35	334905	758447	0
Janatua	4	112	246873	842056	0
Janau Khari	28	519	284756	754144	0
Janau Mithi	28	519	284196	754538	0
Janaui	12	267	313613	770302	0
Janaul	33	593	276246	790160	0
Janaula	11	606	283392	768028	0
Janauli	11	722	281861	773502	0
Janauli	33	661	273590	796902	0
Janauli	33	694	253878	833964	0
Janauli	33	-1	252898	784918	0
Janaupur	33	575	262118	820729	0
Janaupur	33	516	258744	840591	0
Janaur	12	460	311399	771202	0
Janaur	33	33	257977	824118	0
Janaura	33	445	271752	793754	0
Janaura	33	605	267643	821513	0
Janauri	27	284	317137	758928	0
Janaute	12	348	324972	762370	0
Janautha	33	595	276789	816980	0
Janavarigudem	1	25	171374	812088	0
Janavarivalasa	1	194	185622	831834	0
Janawad	28	550	252832	737745	0
Janawarkheda	19	354	219272	794611	0
Janbaks ka Purwa	33	584	256213	816181	0
Janbal	12	348	324469	759767	0
Janbha	11	439	298590	768134	0
Janchrora	28	487	247317	768954	0
Jand	27	250	311973	747100	0
Jand	27	284	318235	756317	0
Jand	27	355	311061	757624	0
Jand	27	214	316220	749941	0
Jand Khera	33	431	297995	773789	0
Jand Mangauli	27	543	303639	766787	0
Janda	13	690	326603	751274	0
Janda	19	317	218604	754689	0
Jandabahal	25	399	210033	852029	0
Jandadihi	25	683	213279	849860	0
Jandaguda	31	62	170913	783542	0
Jandaha	4	136	258471	860765	0
Jandaha	4	687	257225	855237	0
Jandahan Maghrabi	4	718	253279	836203	0
Jandahan Mashraqi	4	718	253263	836115	0
Jandailpur	33	522	272589	822315	0
Jandali	27	647	306579	760371	0
Jandali	27	624	306626	763493	0
Jandanwala	27	542	303429	750015	0
Jandanwas	28	263	261794	738092	0
Jandar	12	514	306373	773321	0
Jandar	12	348	324062	760903	0
Jandarayan	12	514	307064	774968	0
Jandarpeta	1	45	140055	800318	0
Jandarpur	33	553	294353	781343	0
Jandarra	12	39	321345	765539	0
Jandaula	11	614	299004	765817	0
Jandaula	11	482	300860	770243	0
Jandauli	27	543	304585	766022	0
Jandaur	27	284	317931	757178	0
Jandaur	12	39	318977	759557	0
Jandawal	13	412	338284	749033	0
Jande	27	468	321120	753155	0
Jande	27	355	315261	755480	0
Jandehra	12	39	320810	765353	0
Jander	27	355	315660	756698	0
Janderiguda	25	273	198704	834286	0
Jandha	25	546	217386	845729	0
Jandhair	13	477	326341	757083	0
Jandhalpur	4	581	254341	857503	0
Jandhar	13	529	332272	751336	0
Jandhaura	33	488	272596	808601	0
Jandhera	11	482	299965	771105	0
Jandhera	11	88	301685	772086	0
Jandhera	33	431	297877	773001	0
Jandhera Shamaspur	33	431	298610	774942	0
Jandheri	33	431	296652	774345	0
Jandheri	33	316	295429	773342	0
Jandheri	27	-1	300928	766107	0
Jandheri	11	482	301508	769105	0
Jandheri	33	316	294723	771851	0
Jandheri	33	431	301512	775701	0
Jandheri	33	672	290604	778966	0
Jandi	27	468	321232	755769	0
Jandi	27	647	308950	755027	0
Jandi	27	284	315156	757817	0
Jandial	13	559	328912	748022	0
Jandiala	27	283	312262	759572	0
Jandiali	27	647	308671	759938	0
Jandiali	27	283	312007	758147	0
Jandiali	27	355	312149	756284	0
Jandiyahi	14	712	240028	837146	0
Jandla	19	303	230937	753726	0
Jandli	27	608	304990	768872	0
Jandli Kalan	11	425	294940	756341	0
Jandli Khurd	11	425	295118	756472	0
Jandnian	12	514	305713	775541	0
Jandoh	12	279	312479	766894	0
Jandoke	27	250	313784	748932	0
Jandol	25	478	211922	837352	0
Jandor	13	477	323995	755992	0
Jandora	13	477	324483	754770	0
Jandori	12	604	311289	766957	0
Jandpur	12	39	320673	765965	0
Jandra Lar	13	477	324996	756098	0
Jandran	13	559	324970	747528	0
Jandrapalla	1	45	137678	797105	0
Jandrapenta	1	190	141668	790055	0
Jandrapeta	1	212	158059	803339	0
Jandrapeta	30	220	134032	800345	0
Jandratoli	14	476	227628	849251	0
Jandravaram	1	221	147199	788587	0
Jandriya	34	589	299729	791428	0
Jandroga	12	348	323924	760658	0
Jandrogi	12	267	318884	769054	0
Jandroh	12	267	314824	768974	0
Jandroh	12	267	314782	769807	0
Jandrola	12	267	317816	769176	0
Jandroli	12	267	318135	769214	0
Jandu Singha	27	355	313766	756506	0
Jandwa	28	519	281285	748166	0
Jandwa	33	532	263805	827724	0
Jandwal	27	665	322953	757448	0
Jandwal	27	284	320363	756166	0
Jandwala	27	3	300426	739983	0
Jandwala	11	425	295993	754776	0
Jandwala	11	425	293105	752646	0
Jandwala	27	700	307219	746173	0
Jandwala	27	545	307475	748601	0
Jandwala	11	563	297859	746091	0
Jandwala Bime Shah	27	3	303981	742755	0
Jandwala Charhat Singh	27	592	302060	745326	0
Jandwala Kharta	27	3	303609	740365	0
Jandwala Mira	27	3	302150	740220	0
Jandwali	11	563	297965	748268	0
Jane	12	348	329016	761570	0
Jane ki Beri	28	274	255960	707903	0
Janed	12	279	312853	768680	0
Janedpur	11	614	299225	762935	0
Janegaon	20	34	187355	761329	0
Janeh	19	497	250946	816172	0
Janehn	12	267	316179	767982	0
Janehr	12	267	314688	772452	0
Janehr	12	39	320288	766116	0
Janehra	33	682	277281	786366	0
Janekal	15	50	160142	769548	0
Janeora	33	33	257265	825939	0
Janeori	33	451	279915	797592	0
Janepalli	31	75	188016	780637	0
Janephal	20	49	202965	765757	0
Janephal	20	53	202605	759887	0
Janephal	20	53	201036	757668	0
Janephal	20	112	200670	747818	0
Janer	27	480	309003	751608	0
Janer	13	358	331305	757841	0
Janera	12	39	322282	757566	0
Janera	33	659	272269	801526	0
Janeri	33	548	268866	799138	0
Janeri	1	258	180609	825581	0
Janerian	27	700	307409	745850	0
Janerwa	4	382	267363	848517	0
Janesra	11	439	298612	770307	0
Janetha	33	282	277116	816642	0
Janetpur	27	608	305586	768204	0
Janetpur	11	664	303977	768403	0
Janetpura	27	647	309081	754364	0
Janetri Devi	12	267	317827	768169	0
Janevadi	15	77	157967	744163	0
Janewa	14	712	237857	837321	0
Janewaon ki Dhani	28	288	282546	752805	0
Jang	2	511	275667	919833	0
Jang	13	358	330463	759435	0
Jang Bahadur	33	522	270829	817471	0
Jangai	12	604	311841	767014	0
Jangai Purwa	33	31	270726	811626	0
Jangaiya	33	496	269949	833484	0
Jangal	33	688	256142	815967	0
Jangal	13	359	330303	750336	0
Jangal	27	665	321584	755286	0
Jangal	12	348	324184	759771	0
Jangal	27	468	319448	754959	0
Jangal	12	348	329008	761017	0
Jangal	12	39	322255	760695	0
Jangal	12	39	318642	764961	0
Jangal	12	270	317562	764379	0
Jangal	12	270	317532	764156	0
Jangal	12	267	316853	768251	0
Jangal	4	582	250634	867241	0
Jangal Bhawani	33	654	264947	812849	0
Jangal Bhusaul	33	515	265009	835605	0
Jangal Chauki	14	570	251914	874234	0
Jangal Chhapauli	33	515	264805	836241	0
Jangal Dasha	33	623	269550	829663	0
Jangal Demi	31	58	182919	782571	0
Jangal Gali	13	359	330177	750341	0
Jangal Gali	13	359	330059	750465	0
Jangal Gopali	4	396	251918	872926	0
Jangal Kalan	33	301	262305	807789	0
Jangal Kandhauli	33	515	265054	835956	0
Jangal Karaunda	33	694	254194	832394	0
Jangal Khurd	33	301	262241	807833	0
Jangal Koel Gadha	33	515	264472	836785	0
Jangal Purwa	33	312	279640	811373	0
Jangal Purwa	33	488	274662	812107	0
Jangal Raja	33	515	264508	836471	0
Jangal Raja Three	33	515	265515	836508	0
Jangal Sahjauli	33	515	265335	837372	0
Jangal Saraiya Belwaria	33	314	264631	833459	0
Jangal Thakurahi Misir	33	515	264792	837012	0
Jangal Tikri	33	637	261763	817598	0
Jangalagudem	1	212	159798	802058	0
Jangalahalli	15	422	136401	777592	0
Jangalahalli	15	422	135620	780124	0
Jangalahalli	15	47	130715	781037	0
Jangalahalli	15	47	131634	784241	0
Jangalahalli	30	109	119599	782872	0
Jangalakhandrika	1	6	143566	800626	0
Jangalapad	1	453	185462	838752	0
Jangalapalem	1	10	162371	801870	0
Jangalapalem	1	81	178511	831926	0
Jangalapalle	1	103	168036	806370	0
Jangalapalle	1	99	145842	776309	0
Jangalapalle	1	426	138768	774151	0
Jangalapalle	1	426	139083	775944	0
Jangalapalle	1	221	149986	783033	0
Jangalapalle	1	221	144679	789942	0
Jangalapalle	1	190	136876	783918	0
Jangalapalle	1	190	136447	784858	0
Jangalapalle	1	207	134648	786385	0
Jangalapalle	1	207	134007	786825	0
Jangalapalle	1	207	133603	785470	0
Jangalapalle	1	207	133037	786215	0
Jangalapalle	30	184	129783	788199	0
Jangalapalle	1	6	149423	796786	0
Jangalapalle	1	207	132969	793245	0
Jangalapalle	1	45	134357	795780	0
Jangalapalli	31	90	189033	795388	0
Jangalapalli	1	207	128024	783441	0
Jangalapalli	1	207	128548	784070	0
Jangalapalli	1	6	142613	799320	0
Jangalapalli	1	45	134975	790812	0
Jangalapalli	1	207	133334	790253	0
Jangalapalli	1	207	132436	792467	0
Jangalapalli	1	207	131654	792148	0
Jangalapalli	30	184	130153	792443	0
Jangalapalli	30	220	132664	794985	0
Jangalapalli	1	45	137532	796032	0
Jangalapeta	1	453	184793	838640	0
Jangalapuram	30	180	125927	785444	0
Jangalapuram	30	223	111611	782268	0
Jangalar	13	35	332470	762368	0
Jangalavadi	30	109	120760	785130	0
Jangalavaripalle	1	190	135302	784604	0
Jangalbelas	4	615	262002	845214	0
Jangaldehri	19	325	219815	784495	0
Jangalgarhi	33	523	280387	780524	0
Jangali Baba	33	282	275057	815520	0
Jangali Nath Purwa	33	282	277597	814888	0
Jangalia	19	461	230324	803377	0
Jangaligarpalya	15	603	127187	774017	0
Jangalnar	13	412	338767	749930	0
Jangalpalayam	30	215	125489	778503	0
Jangalpalli	15	422	137873	779972	0
Jangalpalli	1	207	131827	790717	0
Jangalpara	6	627	205252	815082	0
Jangalpeta	1	194	188225	834256	0
Jangalpur	6	490	216509	810091	0
Jangalpur	6	490	216080	811272	0
Jangalpur	6	517	217575	811457	0
Jangalpur	6	681	219877	815462	0
Jangalpur	33	682	275862	787776	0
Jangalpur	33	561	253204	823897	0
Jangalpur	33	605	265972	823532	0
Jangalpur	33	605	265927	824278	0
Jangalpur	33	584	256135	818433	0
Jangalpur	6	490	214073	809022	0
Jangalpur	6	455	210653	809733	0
Jangalpur	6	455	209289	806562	0
Jangalpur	6	517	221306	813890	0
Jangalpur	14	434	242099	863253	0
Jangalpur	14	738	240411	864895	0
Jangalpur	6	723	220286	816243	0
Jangalpura	33	242	255233	827363	0
Jangaltola	19	354	221960	797538	0
Jangaltola	6	620	204676	806550	0
Jangalupatti	30	427	106665	779426	0
Jangalura Kalgudi	15	66	154595	765640	0
Jangalvangol Devalam	1	6	146028	798124	0
Jangalwar	13	358	331400	757704	0
Jangalwar	13	358	331345	755262	0
Jangam Husarkapalli	31	32	178863	778200	0
Jangam Kannasandra	15	47	132142	783540	0
Jangam Tumbigeri	15	352	145884	761134	0
Jangam Wari	20	226	179306	733686	0
Jangama Sovenahalli	15	352	149566	763433	0
Jangamagurujenahalli	15	47	131900	781201	0
Jangamaguruvepalli	1	207	129718	784789	0
Jangamaipalli	31	306	169505	780437	0
Jangamakote	15	422	132619	778487	0
Jangamanahalli	15	47	129785	783299	0
Jangamanayakkampatti	30	223	112896	781117	0
Jangamanayakkanpalaiyam	30	154	110957	769309	0
Jangamanayakkanpatti	30	223	112024	780417	0
Jangamaneswarapuram	1	10	163870	795346	0
Jangamarahalli	1	426	138011	770985	0
Jangamarahalli	15	246	142590	766915	0
Jangamarahalli	15	92	141022	770826	0
Jangamarahosahalli	1	228	153442	770710	0
Jangamarajapuram	30	260	108683	788805	0
Jangamarhalli	15	50	160141	767291	0
Jangamayyagarivuru	1	207	133119	791427	0
Jangamayyapalli	31	144	164524	780962	0
Jangambudgatti	15	77	159020	749328	0
Jangamenahalli	30	109	121040	778951	0
Jangameswarapuram	1	10	165379	796410	0
Jangamguda	31	300	176246	786246	0
Jangamgudem	1	25	167722	809020	0
Jangamguntla	1	195	156403	791411	0
Jangamhatti	20	57	158678	742986	0
Jangammet	31	408	173348	784716	0
Jangamnarasayapalle	1	195	153867	792532	0
Jangampadu	1	25	165897	813432	0
Jangampai	6	577	185926	819001	0
Jangampal	6	392	186757	816851	0
Jangampalem	1	212	158162	799696	0
Jangampalle	1	221	147812	787570	0
Jangampalle	1	190	141039	788955	0
Jangampalli	31	128	176116	788735	0
Jangampalli	31	386	180019	782701	0
Jangampalli	31	58	182407	783860	0
Jangampalli	31	90	191903	796585	0
Jangampalli	31	557	183261	790894	0
Jangampalli	31	557	183935	794068	0
Jangampalli	15	47	135456	782867	0
Jangampatti	30	183	104992	781809	0
Jangampet	31	32	176283	783524	0
Jangamput	1	258	181731	828322	0
Jangamputtu	1	258	182070	824525	0
Jangamrajupalle	1	221	145380	787921	0
Jangamreddigaripalle	1	190	140435	786863	0
Jangamreddigudem	31	100	170311	793858	0
Jangamreddipalle	1	99	146884	779063	0
Jangamreddipalle	1	99	146747	778394	0
Jangamreddipalle	1	221	144892	786986	0
Jangamreddipalli	31	272	165419	776553	0
Jangamreddipalli	31	306	169304	778121	0
Jangamreddipalli	31	62	168527	784284	0
Jangamreddipalli	31	448	164089	788378	0
Jangamreddipalli	31	222	183005	789402	0
Jangamsettigaripalli	1	45	137048	791630	0
Jangamsettipalli	15	47	134268	782273	0
Jangamupalle	1	99	146793	781098	0
Jangamureddipalle	1	221	146796	782012	0
Jangamvandlapalle	1	190	137106	782793	0
Jangamvaripalle	1	195	160331	791953	0
Jangamwadi	20	151	192190	766034	0
Jangamwadi	20	156	184115	769555	0
Jangamwadi	20	138	191756	772935	0
Jangamwadi	20	138	188556	772201	0
Janganahalli	15	47	130127	780816	0
Janganpalli	31	295	161559	778372	0
Jangaon	31	128	171121	788987	0
Jangaon	31	128	175984	788749	0
Jangaon	31	90	190140	799299	0
Jangaon	31	717	187726	795267	0
Jangaon	31	58	183835	781816	0
Jangaon	31	58	182292	784996	0
Jangaon	33	659	272198	806044	0
Jangaon	31	447	180809	792037	0
Jangapaderi	25	373	201078	840551	0
Jangapalaiyam	30	109	124689	779617	0
Jangapalle	1	195	154942	792729	0
Jangapalli	31	447	180520	786049	0
Jangapalli	30	215	124589	784043	0
Jangapur	33	575	263438	819157	0
Jangar	12	514	308350	773922	0
Jangar	1	258	180689	824680	0
Jangar Choburi	3	342	266818	926840	0
Jangarada	25	305	184999	828501	0
Jangareddipalli	31	128	174033	790869	0
Jangareddipalli	31	447	178706	788460	0
Jangarh	19	323	259743	771188	0
Jangarpal	6	577	186672	818990	0
Jangarwa	19	239	220732	747820	0
Jangatvadi	20	226	169667	735833	0
Jangavaripalle	1	190	136479	784829	0
Jangayyanagar	31	62	172964	780540	0
Jangbahadur ka Pura	19	459	264062	779692	0
Jangbani	12	348	328514	760437	0
Jangbazpur	33	329	284003	790685	0
Jangda	19	443	220609	780678	0
Jangda	20	134	203438	802778	0
Jangdaguda	1	258	183916	828337	0
Jangdavalasa	1	258	183281	828225	0
Jangehr	12	348	323818	761378	0
Jangela	19	336	233542	807469	0
Jangera	13	477	325300	754982	0
Jangerhi	33	672	290422	776395	0
Jangeri	15	59	147355	749863	0
Jangeshu	12	604	308893	769461	0
Jangeshwar	20	139	208714	789730	0
Jangesu	25	349	190072	833694	0
Janggeriguda	25	273	197634	832900	0
Janghai	33	584	255409	823118	0
Jangharo	4	495	251156	854187	0
Janghasi	14	673	241691	841982	0
Janghawali	33	174	277586	776137	0
Janghi Khera	33	685	270126	807777	0
Janghira	25	281	214265	856180	0
Janghira	14	570	251422	874391	0
Janghona	20	141	203692	787589	0
Janghora	6	393	212281	825138	0
Janghur	28	463	272849	768841	0
Jangi	12	83	316118	784305	0
Jangi	10	107	232212	705668	0
Jangi	12	348	324772	761920	0
Jangi	34	351	305520	791905	0
Jangi	14	377	235695	857549	0
Jangi	14	379	241032	848908	0
Jangi	14	379	242043	849737	0
Jangi	14	740	235126	847894	0
Jangi Bigha	4	117	245712	851982	0
Jangi Khas	12	83	315948	784385	0
Jangi Nagla	33	451	277692	794692	0
Jangi Nagla	33	451	277418	794251	0
Jangi Pakahi	4	687	255703	854471	0
Jangi Singhwala	27	214	315139	749617	0
Jangiala	12	348	327711	761014	0
Jangiana	27	696	304698	752775	0
Jangibar	19	16	235217	768140	0
Jangiburu	14	276	223201	857980	0
Jangid	31	229	184475	798415	0
Jangida	25	349	190215	834087	0
Jangidibhadra	1	194	190724	835909	0
Jangidiri	14	434	240854	860198	0
Jangidivalasa	25	305	188607	832601	0
Jangiganj	33	561	253033	823739	0
Jangine	13	35	333120	756935	0
Jangipara	35	268	227393	880689	0
Jangipur	19	465	259993	784116	0
Jangipur	14	712	242808	835141	0
Jangipur	14	712	243958	838333	0
Jangipur	4	663	252056	857917	0
Jangipur	4	495	251962	856904	0
Jangipur Kalan	33	33	258400	826974	0
Jangipur Khurd	33	33	258447	827090	0
Jangipura	19	638	247347	798891	0
Jangipura	20	78	206626	755815	0
Jangirampur	15	50	162053	763792	0
Jangirampur Tanda	15	50	162109	763796	0
Jangirana	27	542	301503	747409	0
Jangirug	12	514	305866	772960	0
Jangitivandladibba	1	45	140792	801051	0
Jangitola	20	168	215299	803392	0
Jangjolla	25	349	194876	834040	0
Jangkuda	14	541	229691	857075	0
Jangla	33	644	274655	779628	0
Jangla	33	561	253196	825499	0
Jangla	27	468	318378	750786	0
Jangla	19	142	218886	806001	0
Jangla	12	348	327126	760987	0
Jangla	6	80	189919	809434	0
Jangla	20	112	205933	756489	0
Jangla	25	546	216734	840691	0
Jangla Bhud	12	514	305931	772069	0
Jangla Jot	33	522	272688	821179	0
Janglanun	13	485	333665	745259	0
Janglapali	25	546	216826	840682	0
Janglapur	20	141	208354	787580	0
Janglapur	12	604	309161	769043	0
Janglar	12	348	325675	762114	0
Janglatola	19	142	219105	806081	0
Jangle	12	39	318363	763258	0
Jangle Bilas	33	488	274853	810437	0
Janglesar	6	455	210656	810934	0
Janglethar	12	348	328895	761512	0
Jangli	12	270	317815	763960	0
Jangli	19	311	231894	760081	0
Jangli Ahir	33	522	270983	817287	0
Jangli Bari	33	522	270560	817720	0
Jangli Bigha	4	112	248517	842738	0
Jangli Bigha	4	663	250092	857805	0
Jangli Garara	20	390	211166	797755	0
Jangli Khera	33	685	266767	809525	0
Jangli Nagla	33	174	275573	778973	0
Jangli Pathra	19	325	218942	790666	0
Jangli Purwa	33	654	263188	812041	0
Jangli Takia	33	269	273305	823713	0
Jangli Tal English	4	602	253748	877214	0
Janglia	34	530	293330	796185	0
Jangliana	27	284	313628	759587	0
Janglighat	0	-1	116614	927278	0
Jangliheri	28	357	249497	760799	0
Janglikhera	19	461	222839	810008	0
Janglikhera	19	325	223787	793011	0
Janglikonda	31	730	175592	798884	0
Janglikotha	20	112	204919	753794	0
Janglimandar	4	727	254534	864776	0
Janglipara	6	627	205678	815589	0
Janglipur	33	488	276481	811207	0
Janglipur	33	280	271333	825354	0
Janglipur	33	488	272432	810353	0
Janglitoli	14	310	232252	848448	0
Janglog	12	460	310213	775757	0
Jangloga	12	348	327310	761263	0
Janglor	6	365	215079	821589	0
Janglot	13	477	324353	755231	0
Janglot	12	514	305339	774135	0
Janglu	12	270	317638	763826	0
Jangmaipalli	31	58	181427	780124	0
Jangmankop	15	91	146845	751295	0
Jangmankop	15	91	148136	754378	0
Jangmarhalli	15	50	160529	766181	0
Jango	14	434	240889	862759	0
Jangor	25	478	214437	837840	0
Jangpur	27	647	308323	756841	0
Jangpur	33	488	271519	809164	0
Jangpur	33	516	259051	841714	0
Jangpura	8	403	285829	772448	0
Jangra	25	262	217267	849713	0
Jangra	33	278	264907	791636	0
Jangra	33	31	269194	814145	0
Jangra	12	348	328412	762087	0
Jangra	6	365	216418	819179	0
Jangra	6	285	201589	823310	0
Jangrai	31	386	179569	783804	0
Jangratoli	14	310	232609	845118	0
Jangrauli Beldaran	33	656	285650	798127	0
Jangrauli Pandi	33	656	285633	798113	0
Jangrauli Pul	33	656	285676	798123	0
Jangraulti Asa	33	656	286950	798107	0
Jangridih	14	434	244231	862845	0
Jangripani	19	443	217521	775448	0
Jangru	19	324	241424	772035	0
Jangtira	33	329	283432	790679	0
Jangu	19	338	235684	790959	0
Jangu	25	277	211244	853183	0
Jangu ka Pura	19	465	261698	785026	0
Jangu Majra	11	664	305169	771441	0
Jangu Majru	11	664	305005	770688	0
Jangu Tanda	31	730	177337	799838	0
Jangujungu	25	243	190418	839892	0
Jangul	35	347	242662	877583	0
Jangula	25	572	209061	825421	0
Janguluru	1	219	175214	828462	0
Janguluru	1	219	175475	829961	0
Janguluru Velamapalem	1	219	175010	828391	0
Jangundikop	15	91	148521	751710	0
Jangupura	19	502	243097	794655	0
Jangwal	13	559	325174	747543	0
Jangwanpalli	31	448	163665	784797	0
Jangwari	13	559	327913	747582	0
Janha	19	497	249428	814214	0
Janhamunda	25	277	207471	852346	0
Janhapara	25	478	213390	837310	0
Janhapara	25	277	209083	853030	0
Janhaul	4	106	247153	854005	0
Janhera	33	523	278957	778779	0
Janheri	27	543	304161	764710	0
Janho	14	678	239177	843704	0
Janhun	12	39	322734	759223	0
Janhupat	14	310	234677	844057	0
Jani	11	439	296205	768996	0
Jani	12	83	315185	780680	0
Jani	14	442	252502	875535	0
Jani	14	633	247363	875061	0
Jani	14	678	238603	846054	0
Jani Bigha	4	117	246827	850982	0
Jani Buzurg	33	672	289553	775547	0
Jani Chak	27	665	321908	754517	0
Jani Khurd	33	672	289620	775628	0
Janiakheri	19	317	221496	758969	0
Janial	27	665	323247	754062	0
Janialagudem	1	25	169075	812911	0
Janiali	13	559	328375	748667	0
Janiamara	14	377	236254	856971	0
Janiamau	33	659	273565	799347	0
Janian	27	214	315487	750148	0
Janian	27	355	310944	752821	0
Janian	27	283	310322	762304	0
Janian	12	460	312006	770081	0
Janian Jot	33	280	272078	829373	0
Janiankar	12	39	320697	762553	0
Janidih	4	396	252125	871647	0
Janidpur	33	613	284371	777310	0
Janidpur	33	605	267597	815779	0
Janiganj	33	116	281205	793316	0
Janiguda	25	305	186887	828370	0
Janiguda	25	243	188777	839517	0
Janijot	33	282	275389	816226	0
Janijot	33	282	276657	814494	0
Janikaura	33	280	273772	826216	0
Janikheri	15	167	181925	774612	0
Janikpur	33	698	257714	809568	0
Janimtoli	14	476	224311	849076	0
Janinagar	33	31	271984	809922	0
Janinu	13	477	326433	756128	0
Janiodi	12	348	328904	761551	0
Janipadar	25	292	204411	852216	0
Janipur	33	431	301513	777521	0
Janipur	33	316	296446	773835	0
Janipur	33	431	303308	776018	0
Janipur	33	613	282553	779856	0
Janipur	33	694	250051	832072	0
Janipur	33	682	275171	792570	0
Janipur	33	488	273761	811609	0
Janipur	33	31	267099	813679	0
Janipur	33	152	269302	825036	0
Janipur	33	314	264551	833771	0
Janipur	33	488	276643	809453	0
Janipur	33	488	275954	808248	0
Janipur	33	31	270491	811944	0
Janipur	33	613	283835	780807	0
Janipur	4	518	253064	864148	0
Janipur	4	510	254265	863323	0
Janipur	4	581	255205	850188	0
Janipur	33	312	278596	802795	0
Janipura	13	559	327548	748511	0
Janira	34	533	292230	799681	0
Janisahi	25	292	205420	849466	0
Janisahi	25	527	203465	848778	0
Janisahi	25	527	204443	848801	0
Janisai	25	349	193968	833129	0
Janisar	27	3	304950	743615	0
Janisnagar	33	686	265977	793369	0
Janithar	12	267	318048	768305	0
Janivalasa	25	305	184758	829229	0
Janivandlapalle	1	190	138820	782930	0
Janivara	15	652	130542	760435	0
Janivara	15	652	128854	764180	0
Janiya	12	460	312008	770067	0
Janjala	20	112	205452	755855	0
Janjali	19	324	243625	771215	0
Janjali Bari	6	269	237928	831221	0
Janjali Chak	35	340	225400	880603	0
Janjalia	19	317	217471	755959	0
Janjalia	19	317	217631	755884	0
Janjalkheri	19	311	226976	767397	0
Janjan	33	152	266684	828434	0
Janjan Khurd	33	152	266634	828415	0
Janjar	11	565	307092	771111	0
Janjar	28	550	251449	737943	0
Janjarabadi	25	349	192755	834229	0
Janjarbadi	25	349	192485	836611	0
Janjargaddi	15	80	162105	763358	0
Janjargunte	15	246	143014	768516	0
Janjari ka Pura	19	322	265900	786059	0
Janjaripura	28	113	267869	773866	0
Janjehl	12	267	317489	767524	0
Janjeli	12	267	315185	772193	0
Janjer	12	279	313106	767831	0
Janjeu	28	296	280915	737773	0
Janjgir-Kera Road	6	669	219956	825803	0
Janjgiri	6	275	210747	813046	0
Janjgiri	6	275	212419	814722	0
Janjgiri	6	299	214517	817904	0
Janji	6	279	221302	822794	0
Janjigar	25	273	195546	832190	0
Janjili	25	349	191186	835173	0
Janjinahalli	15	652	129580	762489	0
Janjira	33	516	259926	842113	0
Janjirasai	25	373	202681	841105	0
Janjirha	33	515	262469	840897	0
Janjiwadi	20	138	191724	773750	0
Janjli	12	514	305335	776760	0
Janjlu	12	348	325278	761572	0
Janjo	14	673	239362	845539	0
Janjoa	12	604	309582	769449	0
Janjog	12	348	328341	762327	0
Janjohar	12	267	313436	772128	0
Janjohi	12	267	316829	770255	0
Janjra	4	394	249281	839601	0
Janjugaripalle	1	190	136981	784111	0
Janjupalli	30	215	125651	781660	0
Janjurpali	25	290	218253	841647	0
Janjuwatoli	14	310	231457	846779	0
Janka	35	538	218532	879147	0
Janka	33	269	273419	824323	0
Janka	33	269	273486	824775	0
Janka	33	584	254484	816544	0
Jankadavalasa	1	176	184658	832173	0
Jankadkal	15	59	143226	745927	0
Jankaipod	20	67	200624	786897	0
Jankalgudem	31	46	173364	799553	0
Jankampalle	31	203	171840	777193	0
Jankampalli	31	58	182457	780552	0
Jankampalli	31	58	181489	780655	0
Jankampet	31	32	175762	783022	0
Jankampet	31	75	187067	780233	0
Jankapur	20	110	204817	796932	0
Jankapur	33	282	274527	815219	0
Jankapur	33	685	270077	807671	0
Jankapur	31	160	193753	792882	0
Jankapur	31	160	193353	796891	0
Jankapur	31	90	191238	795760	0
Jankapur	31	160	195055	790133	0
Jankapur Tukum	20	110	202924	798704	0
Jankaraguda	1	258	182837	827520	0
Jankaraguda	1	258	182799	827903	0
Jankaraguda	1	258	182742	828054	0
Jankaraguda	1	258	182519	830439	0
Jankaramvalasa	1	258	181324	828191	0
Jankarguda	1	258	183853	828487	0
Jankarguda	25	243	189330	838953	0
Jankaura	33	522	273674	820988	0
Jankera	25	478	209820	832300	0
Jankerguda	1	258	183360	827775	0
Jankhari	12	39	318812	762828	0
Jankhat	33	548	268587	798620	0
Jankhi	4	535	265246	864334	0
Jankhuni	12	267	312895	771501	0
Janki	33	269	273389	824350	0
Janki	33	522	269370	824428	0
Janki	33	605	265239	822518	0
Janki	4	632	259445	867742	0
Janki Ahir	33	282	277597	813141	0
Janki Bigha	4	106	247449	853331	0
Janki Bigha	4	581	254089	853611	0
Janki Chak	4	727	252871	867041	0
Janki Ghat	33	605	266136	820443	0
Janki Jot	33	269	275526	821227	0
Janki Jot	33	269	275974	821537	0
Janki Jot	33	269	273939	823633	0
Janki Khera	33	654	264388	810910	0
Janki Khera	33	654	264349	811015	0
Janki Khera	33	659	271065	808126	0
Janki Khera	33	659	270938	807670	0
Janki Khera	33	685	270773	808150	0
Janki Kunj	4	507	250690	849059	0
Janki Nagar	33	539	269214	840380	0
Janki Nagar	33	515	265521	840262	0
Janki Pandit	33	522	270558	816934	0
Janki Parshad Purwa	33	522	271894	816942	0
Janki Pura	33	522	272512	818316	0
Jankia	25	521	200348	855238	0
Jankiban	33	654	260793	814405	0
Jankibhita	4	491	263095	879512	0
Jankibigha	4	112	245610	843058	0
Jankidhana	19	325	220736	787715	0
Jankidih	4	567	250942	861900	0
Jankihal	33	488	274266	811238	0
Jankikita	14	570	250112	872655	0
Jankinagar	33	451	278666	799393	0
Jankinagar	33	301	263827	808695	0
Jankinagar	33	595	276181	818522	0
Jankinagar	33	522	271377	819492	0
Jankinagar	33	488	272228	809232	0
Jankinagar	33	31	271447	809729	0
Jankinagar	33	282	273800	817730	0
Jankinagar	33	269	277377	821667	0
Jankinagar	33	522	273664	820747	0
Jankinagar	33	522	272851	821836	0
Jankinagar	33	522	271231	820663	0
Jankinagar	33	522	271279	821226	0
Jankinagar	33	269	274435	824109	0
Jankinagar	33	280	273289	824890	0
Jankinagar	33	496	270965	833912	0
Jankinagar	33	515	264564	837221	0
Jankinagar	33	685	270698	807200	0
Jankinagar	33	685	270408	806404	0
Jankinagar	33	31	270378	810612	0
Jankinagar	33	282	276176	813271	0
Jankinagar	33	488	274041	813068	0
Jankinagar	33	31	271978	814090	0
Jankinagar	4	520	259115	846387	0
Jankinagar	4	520	258158	848575	0
Jankinagar	4	615	262026	846495	0
Jankinagar	4	535	266559	860429	0
Jankinagar	4	535	263812	861624	0
Jankinagar	4	535	261196	864216	0
Jankinagar	33	488	274835	805714	0
Jankinagar	4	590	258955	870668	0
Jankinagar	4	590	259065	870913	0
Jankinagar	4	602	255753	877697	0
Jankinagar	35	347	244943	879078	0
Jankinagar	33	659	272996	801278	0
Jankinagar	4	518	253431	865161	0
Jankinagar Grant	33	522	272421	818058	0
Jankinagar Grant	33	312	278718	803983	0
Jankinagar Kalan	33	595	276615	820839	0
Jankinagar Khurd	33	595	275757	818837	0
Jankipur	33	661	274538	794256	0
Jankipur	33	488	272321	807840	0
Jankipur	33	479	261082	830985	0
Jankipur	33	626	254456	816269	0
Jankipur	33	488	273647	808803	0
Jankipur	33	654	262365	815745	0
Jankipur	33	488	274821	805028	0
Jankipur	4	687	258333	852643	0
Jankipur	4	581	254655	852748	0
Jankipur	25	372	207887	841717	0
Jankipuram	31	128	174747	793649	0
Jankipuram	1	176	184078	837962	0
Jankipurwa	33	659	271894	807267	0
Janko	14	276	227164	854555	0
Jankonda	15	246	141720	763285	0
Jankop	4	112	247869	843081	0
Jankopai	14	276	227342	853767	0
Jankoraguda	25	305	184911	828132	0
Jankoriguda	1	258	183201	829089	0
Jankram	1	258	181614	826506	0
Janla	25	521	202146	857143	0
Janlapenta	1	207	133862	793235	0
Janmane	15	59	145989	747915	0
Janmane	15	59	147203	749131	0
Janmane	15	59	145396	747342	0
Janmeja Kund	33	389	273268	786626	0
Janmeri	25	373	205418	843296	0
Janna	13	477	324762	757224	0
Janna	12	348	326601	760210	0
Janna	15	333	139974	748680	0
Jannadi	15	248	135829	748298	0
Jannagar	33	488	273577	810582	0
Jannagara	15	92	128747	769342	0
Jannaghatta	15	47	132166	781335	0
Jannahalli	15	375	131828	777568	0
Jannahalli	15	74	121093	764759	0
Jannaiguda	31	62	171976	785092	0
Jannalagudem	25	108	179394	814673	0
Jannapalli	15	47	132483	781939	0
Jannapalli	15	47	134054	783150	0
Jannapura	15	97	130793	756920	0
Jannapura	15	652	130517	759645	0
Jannatpur	14	740	234361	846712	0
Jannavanguda	1	453	187230	838574	0
Jannavaram	1	219	177881	829162	0
Jannehakalu	15	333	141866	749624	0
Jannenahalli	15	246	143021	765390	0
Jannevandlapalle	1	190	137862	784728	0
Janni	12	348	324899	762783	0
Jannigam	1	453	187564	839851	0
Janniguda	25	305	188564	826074	0
Janniguda	25	305	188054	827019	0
Janniguda	25	305	189460	828088	0
Janniguda	25	305	188501	828159	0
Jannivalasa	1	176	184902	832417	0
Jannivalasa	1	176	184758	834673	0
Jannivalasa	1	176	180740	832638	0
Jannu	12	460	310893	773346	0
Jannur	15	69	121038	768905	0
Jano	6	681	215615	811970	0
Jano	12	348	327140	761383	0
Janoa	14	276	226625	855199	0
Janod	10	140	229980	734175	0
Janoda	14	476	224647	848899	0
Janog	12	460	311163	773646	0
Janog	12	514	307059	771450	0
Janog	12	460	309165	777153	0
Janogra	12	514	307355	772385	0
Janoh	13	690	326212	752620	0
Janoi	12	460	310329	773564	0
Janoikheri	19	311	230660	760681	0
Janojipalya	15	375	132984	772985	0
Janola	13	358	331327	755458	0
Janoli	12	514	307210	774446	0
Janoli	13	477	325517	753263	0
Janoli	11	565	307969	769768	0
Janoli Buzurg	19	311	230307	761725	0
Janoli Khurd	19	311	231161	763095	0
Janor	19	503	229435	790842	0
Janor	13	477	324863	756880	0
Janora	33	613	284591	780075	0
Janorai	12	348	327831	760571	0
Janori	19	484	256016	782917	0
Janori	20	132	211688	774122	0
Janori	20	127	205595	773449	0
Janori	13	359	330746	751210	0
Janori	20	78	212511	758593	0
Janot	12	267	314941	772140	0
Janot	12	514	307139	772956	0
Janot	12	348	324171	764439	0
Janota	12	39	319957	760350	0
Janota	12	279	312535	767950	0
Janoti	33	548	269022	796470	0
Janoti	12	460	311042	773452	0
Janoti	12	514	307304	771549	0
Janoti Palri	34	692	297782	797446	0
Janpag	28	493	236492	735068	0
Janpahad	31	241	167448	797251	0
Janpalia	28	274	250571	709498	0
Janpara	4	581	254510	847839	0
Janphal	20	78	208312	752754	0
Janphal	20	53	203882	757615	0
Janphal	20	185	211163	747843	0
Janphali	20	78	208267	752578	0
Janpur	33	431	297563	771801	0
Janpur	33	526	270328	780456	0
Janpur	19	142	220938	806992	0
Janpur	19	309	232403	762782	0
Janpur	4	112	249440	842811	0
Janpur	4	581	253550	857938	0
Janpur	4	567	252224	859668	0
Janpur	4	117	247066	849719	0
Janpura	19	323	256046	767182	0
Janpura	19	512	243064	804735	0
Janpura	4	106	249108	854482	0
Janpuriya	4	363	252508	845121	0
Janra	10	356	220847	716930	0
Janra	33	526	271043	781239	0
Janrori	12	460	311031	773923	0
Jansa	33	242	253261	828404	0
Jansa Baghaura	33	196	251570	823505	0
Jansal	13	359	327285	752318	0
Jansale	15	59	143164	745091	0
Jansapur	33	488	271338	808184	0
Jansara	4	363	254305	847203	0
Janshanpur	25	281	218704	855418	0
Jansinghdih	4	505	249082	860216	0
Jansla	27	543	305275	766638	0
Jansli	27	543	305395	766692	0
Jansoi	33	644	276024	784402	0
Jansu	11	565	307223	769946	0
Jansua	11	664	302087	766652	0
Jansua	27	543	305121	766386	0
Jansui	11	664	302070	766858	0
Jansui	27	543	305324	766303	0
Jansur	19	311	225995	765468	0
Jant	14	483	241146	867818	0
Jant Sayarwas	11	500	282567	766784	0
Janta	33	152	269805	827086	0
Janta	6	681	218776	814370	0
Janta	25	349	191188	834722	0
Janta	14	416	230755	854832	0
Janta	14	678	235277	840814	0
Janta	14	276	227941	856475	0
Janta	14	628	229640	859338	0
Janta Colony	8	739	286586	771180	0
Jantagalli	15	74	122398	767297	0
Jantajua	33	102	242098	833133	0
Jantalbera	14	276	226538	856180	0
Jantaluru	1	99	147557	776524	0
Jantapali	6	393	213196	829344	0
Jantar	6	455	209847	807615	0
Jantar	34	413	296570	791719	0
Jantargudra	20	168	211789	804695	0
Jantargudra	6	620	208550	806550	0
Jantari	12	460	310367	775725	0
Jantari	25	281	214771	855691	0
Jantasalka	6	398	228430	826625	0
Jantgondanhalli	15	43	129241	777866	0
Jantha	34	692	297455	797369	0
Jantha	34	413	295719	798766	0
Janthal	12	460	314147	777388	0
Janthal	12	-1	309209	777737	0
Janti	13	559	329444	747514	0
Janti	11	500	282520	766833	0
Janti Kalan	11	466	288617	771648	0
Janti Khurd	8	-1	288473	771550	0
Jantiboyinahalli	15	422	136384	778316	0
Jantigolalu	15	246	138592	762114	0
Jantipur	19	461	226166	804081	0
Jantipur	19	461	226331	804101	0
Jantipur	19	461	224467	807012	0
Jantirayapuram	1	194	186489	834262	0
Jantkiya ki Dhani	28	120	275101	762149	0
Jantli	15	583	153641	757847	0
Jantola	4	520	257771	847112	0
Jantoli	14	476	227657	845204	0
Jantra	12	348	324210	763745	0
Jantral	10	124	232191	730873	0
Jantri	25	108	183852	823422	0
Jantrog	13	529	334002	751746	0
Jantron	13	358	330955	757753	0
Jantwalgaon	34	530	293378	795435	0
Janu	33	174	275695	773532	0
Januamba	20	182	215719	741163	0
Januan	33	515	261889	839418	0
Januapura	19	459	262251	776348	0
Janub	33	282	274490	819548	0
Januda	28	263	255570	736365	0
Janugani Tanda	31	100	167462	789775	0
Janugla	4	590	258859	873330	0
Januka Gujar	33	269	272750	823889	0
Janukajhula	25	527	204770	847311	0
Janukheri	19	16	235899	769851	0
Janukita	4	582	248467	870969	0
Janukiya ka Pura	19	459	265905	782962	0
Janulag	12	267	315498	768417	0
Janum	14	541	234044	855102	0
Janumalluvalasa	1	194	186221	834255	0
Janumbera	14	276	227116	858156	0
Janumpet	31	144	161604	780058	0
Janumpi	14	276	219853	858995	0
Janumpidi	14	541	229075	858313	0
Janumpiri	14	416	230564	854018	0
Janumpiri	14	541	230920	856808	0
Janumpiri	14	416	229109	853751	0
Janumtoli	14	541	232655	853373	0
Janun	20	127	203684	771806	0
Januna	20	67	204520	780771	0
Januna	20	49	206635	762724	0
Januna	20	169	204977	772474	0
Januna	20	169	204914	770518	0
Januna	20	132	207845	777415	0
Januna	20	127	204238	775597	0
Januna	20	132	212444	773051	0
Januna	19	443	214002	776350	0
Januna	20	67	196949	776210	0
Januna	20	67	198031	777848	0
Januna	20	78	210078	751980	0
Januna	20	67	199328	774449	0
Januna Buzurg	20	169	212135	771159	0
Januna Khurd	20	127	203329	775607	0
Januna Khurd	20	169	212172	771233	0
Janunagar	33	531	288056	791791	0
Janunda	20	78	213226	760227	0
Janunion	12	39	323260	760060	0
Janupur	33	27	257026	836434	0
Janupura	33	724	288235	780546	0
Janutha	33	526	272049	777948	0
Janvai	25	108	181059	822202	0
Janvi	28	330	248015	715476	0
Janwa	12	604	309181	771160	0
Janwa	19	142	216419	803548	0
Janwa	20	168	207285	800266	0
Janwa Dih	33	584	255014	821481	0
Janwa Dih Khurd	33	584	255641	821624	0
Janwad	10	140	231259	739461	0
Janwada	15	167	180021	774776	0
Janwada	15	167	176457	769307	0
Janwal	20	156	185487	767532	0
Janwal	33	152	266362	827620	0
Janwala	12	514	306675	777091	0
Janwaltoli	14	740	235064	846634	0
Janwamau	33	688	258435	813843	0
Janwan	33	488	274731	810188	0
Janwan	33	584	252037	815372	0
Janwan	12	267	319539	768573	0
Janwan	33	516	259781	840597	0
Janwan Dih Kalan	33	584	254963	821405	0
Janwan ki Dhani	28	331	262077	735012	0
Janwan Purwa	33	522	269081	820736	0
Janwar	33	659	270697	806283	0
Janwara	33	444	254821	805537	0
Janwaran	33	548	268493	797187	0
Janwaran Khera	33	301	265020	809618	0
Janwarpur	33	522	271986	818448	0
Janwasa	19	648	228150	779377	0
Janwasi	33	644	277207	781371	0
Janwe	20	78	209780	749727	0
Janwor	13	289	343388	744944	0
Janwor	13	289	343465	744881	0
Janyari	12	514	306341	777170	0