Jhansi	33	417	254589	785799	412927
Jharsuguda	25	290	218553	840070	97730
Jharia	14	387	237408	864146	86938
Jhalawar	28	321	245963	761650	66919
Jhargram	35	639	224538	869950	57796
Jhajjar	11	586	286063	766565	48424
Jhajha	4	505	247711	863789	40646
Jhalrapatan	28	321	245421	761724	37506
Jhabua	19	335	227677	745909	35753
Jhanjharpur	4	535	262647	862799	31283
Jhalod	10	170	231010	741554	28720
Jhadeshwar	10	149	217136	730323	28148
Jharoda Mazra Burari	8	701	287301	772091	22878
Jhalu	33	553	293361	782261	20356
Jharoda Kalan	8	731	286526	769521	19578
Jhalida	35	400	233655	859764	18057
Jhagra Pt.III	3	540	260399	899592	8838
Jhakal Mandi	11	425	298076	758249	7788
Jhagrakhand	6	494	231942	821976	7680
Jhagarwas	28	414	269148	743141	5728
Jhab	28	330	250236	718339	4349
Jhab	10	170	231230	740767	0
Jhab	10	140	231781	738613	0
Jhaba	19	129	223467	747468	0
Jhaba	14	434	245838	858915	0
Jhabal Purwa	33	522	269622	819407	0
Jhabal Purwa	33	659	272139	801453	0
Jhabali Khas	27	543	305400	762801	0
Jhabali Sani	27	543	305249	762559	0
Jhabalpur	33	659	272193	802121	0
Jhabar	33	548	270704	794843	0
Jhabar	33	593	278802	786117	0
Jhabar	33	488	274885	812031	0
Jhabar	6	725	227780	820233	0
Jhabar	6	611	215837	832453	0
Jhabar	14	673	239986	842014	0
Jhabar	14	678	238586	847492	0
Jhabar Jot	33	522	273877	820068	0
Jhabar Khera	33	685	270028	808047	0
Jhabar Purwa	33	686	266224	795440	0
Jhabara	33	686	266575	797044	0
Jhabargarha	14	379	243134	849928	0
Jhabarhardopatti	33	654	261338	808942	0
Jhabaria Purwa	33	659	275655	801771	0
Jhabarpur	34	574	299649	780102	0
Jhabarpur	33	525	296391	779084	0
Jhabarpur	33	278	268231	788723	0
Jhabarra	19	638	243903	796599	0
Jhabartola	6	725	227814	820312	0
Jhabba	33	698	257814	808242	0
Jhabba Khera	33	685	270631	806682	0
Jhabbalpur	28	113	271617	775929	0
Jhabbapuri	33	672	290052	780308	0
Jhabbu Ahir ka Purwa	33	444	252327	806294	0
Jhabbu Chak	4	581	253604	849209	0
Jhabbunagar	33	116	279480	789945	0
Jhabbupur	33	661	275279	793308	0
Jhabdatanr	14	434	243801	863092	0
Jhabel Khera	34	617	290314	796738	0
Jhabelwali	27	592	305125	746007	0
Jhabiapur	33	31	267829	812486	0
Jhabiran	34	574	297953	781196	0
Jhabiran	33	431	299565	773979	0
Jhabiran	33	431	297099	775039	0
Jhabiran	33	431	296817	776427	0
Jhabiran	34	574	297824	778437	0
Jhabkara	27	468	321612	753679	0
Jhabra	13	485	333272	742794	0
Jhabra	33	548	269648	798236	0
Jhabra	33	417	257647	791189	0
Jhabra	33	242	253285	828221	0
Jhabra	33	312	278108	812450	0
Jhabra	33	31	271784	809792	0
Jhabra	33	488	273340	805676	0
Jhabra	33	488	272358	810129	0
Jhabra Balhora	33	451	277145	798314	0
Jhabra Basoria	33	522	269376	817802	0
Jhabra Purwa	33	659	274302	800907	0
Jhabra Purwa	33	659	273199	801525	0
Jhabra Purwa	33	659	271620	800546	0
Jhabrapur	33	278	269304	788507	0
Jhabrapur	33	31	273155	812558	0
Jhabrapur	33	31	271404	813195	0
Jhabrar	34	430	307928	778836	0
Jhabratoli	14	740	235277	848028	0
Jhabrawala	34	430	301412	780994	0
Jhabrera	34	574	298098	777768	0
Jhabreri Kalan	34	574	298166	777953	0
Jhabreri Khurd	34	574	298252	778029	0
Jhabri	34	574	298604	780968	0
Jhabri	6	365	217095	825359	0
Jhabri	35	400	231975	859715	0
Jhabri Khurd	33	31	269882	810288	0
Jhabrian	13	485	333782	742469	0
Jhabridomar	14	678	237101	847159	0
Jhabriya	19	311	225298	767391	0
Jhabu	10	170	226649	741756	0
Jhabu Khera	33	444	251223	804566	0
Jhabua	19	335	230556	747395	0
Jhabuapura	19	326	233176	786878	0
Jhabugam	10	125	222870	737659	0
Jhabwa	11	500	280162	766211	0
Jhada	20	132	207951	782689	0
Jhada	19	502	236486	799194	0
Jhada	33	329	281010	796381	0
Jhadabandh	25	399	211962	850424	0
Jhadabhumi	25	423	199164	847201	0
Jhadbeda	25	281	211874	854099	0
Jhadegaon	20	127	203356	773851	0
Jhadgaon	20	151	191526	768253	0
Jhadgaon	20	132	207484	782731	0
Jhadgaon	20	141	208004	785211	0
Jhadgaon	20	67	203644	785496	0
Jhadgaon	20	67	196002	777274	0
Jhadhar	33	479	262770	833748	0
Jhadi	20	78	210755	749870	0
Jhadihalli	15	422	135074	777662	0
Jhadina	34	179	300275	797439	0
Jhadkinhi	20	67	202834	784730	0
Jhadsapur	15	77	157662	744899	0
Jhadsi	20	141	208635	786376	0
Jhadti	15	59	148648	741897	0
Jhadupada	25	478	215149	835539	0
Jhadupudi	1	453	190160	846100	0
Jhadutola	6	725	229343	819248	0
Jhadwa	4	457	267708	843867	0
Jhadwan	19	638	246924	793529	0
Jhag	28	120	267244	754528	0
Jhag	12	604	308652	770892	0
Jhag	34	413	298030	791450	0
Jhagadia	10	149	217144	731510	0
Jhagakia	25	373	200063	842282	0
Jhagal Thana	13	1	337831	740721	0
Jhagan Bigha	4	106	246497	854049	0
Jhaganwali	13	1	336427	744487	0
Jhagar	19	324	246786	771334	0
Jhagar	28	321	246919	764488	0
Jhagar	19	502	238161	792421	0
Jhagar	19	395	246578	775736	0
Jhagar	19	395	244286	776482	0
Jhagar	19	208	241585	779280	0
Jhagar	19	208	242150	778781	0
Jhagar	19	648	226321	773267	0
Jhagar	19	395	244422	781649	0
Jhagar	19	395	244305	781594	0
Jhagar	19	239	216962	749320	0
Jhagar ka Bas	28	519	283412	754004	0
Jhagara	19	576	232944	798512	0
Jhagara	19	576	232992	798564	0
Jhagara	25	368	217973	859760	0
Jhagaraha	19	313	242036	810692	0
Jhagarahwa	19	607	244317	825349	0
Jhagarha	19	646	243818	817201	0
Jhagarha	33	196	246175	823866	0
Jhagarha	6	374	223583	827710	0
Jhagarhai	19	503	229142	792450	0
Jhagarhai	19	313	242684	812901	0
Jhagarhat	33	619	252322	813267	0
Jhagarhata	6	723	220867	816554	0
Jhagari	19	338	237451	791853	0
Jhagari	19	338	237362	791845	0
Jhagari	19	576	232951	798480	0
Jhagari	19	502	241228	794918	0
Jhagari	19	646	243205	815403	0
Jhagaria	33	575	261763	824695	0
Jhagaria	33	314	267890	831343	0
Jhagaria	6	269	235446	835085	0
Jhagariya	19	443	219299	778338	0
Jhagariya	19	16	236508	768916	0
Jhagariya	19	202	222205	767243	0
Jhagarjhal	25	478	212144	832889	0
Jhagarkheda	19	239	218018	750571	0
Jhagarkot	12	267	319436	769340	0
Jhagarpata	25	373	203908	843679	0
Jhagarpur	33	445	274143	790463	0
Jhagarpur	14	673	240537	841786	0
Jhagarpuri	34	617	290631	792253	0
Jhagart	19	208	241573	776538	0
Jhagarua	14	673	242529	838955	0
Jhagarua	4	535	262274	860435	0
Jhagarua	4	569	260059	863496	0
Jhagarwa	33	479	260417	832317	0
Jhagarwa	4	590	259038	873827	0
Jhagarwahi	20	134	207079	805479	0
Jhagarwan	33	196	248015	825270	0
Jhagarwapar	33	626	253853	813674	0
Jhagatkhali	33	102	243455	830699	0
Jhagawan	11	667	282263	762541	0
Jhagdi	20	141	204551	785535	0
Jhagota	13	358	331219	757476	0
Jhagra	19	354	222690	798499	0
Jhagra	19	512	243929	799922	0
Jhagra	4	117	243595	845111	0
Jhagra Pakar	33	479	262143	829092	0
Jhagraboh	19	325	222732	791730	0
Jhagrah	12	460	309544	775937	0
Jhagraha	19	512	248996	801964	0
Jhagraha	33	196	248926	822641	0
Jhagraha	33	314	269067	833197	0
Jhagrahatoli	14	434	241933	863535	0
Jhagrahi	33	710	261072	798691	0
Jhagrahi	25	572	205210	825932	0
Jhagrahi	14	483	242109	868809	0
Jhagrahi	14	738	240758	868018	0
Jhagrahi	4	106	248111	859165	0
Jhagrahwa	33	314	269000	832395	0
Jhagrai	33	619	252415	814172	0
Jhagrai Dih	33	269	271859	823866	0
Jhagrakhand	6	725	227667	818612	0
Jhagrakhar	14	712	243838	835175	0
Jhagral	12	39	321887	757913	0
Jhagran	12	267	314762	772179	0
Jhagrar	33	644	274602	779741	0
Jhagrateria	25	546	218963	844202	0
Jhagrauha	33	479	263209	833161	0
Jhagrawa	4	136	256862	862319	0
Jhagrehta	19	449	232175	807976	0
Jhagrendih	6	393	213734	827488	0
Jhagri	19	502	239153	792732	0
Jhagri	19	502	239094	794814	0
Jhagri	19	576	233854	797708	0
Jhagri	19	338	239838	789651	0
Jhagrial	12	270	317847	763951	0
Jhagribahal	6	384	226937	841178	0
Jhagritoli	14	476	227708	849254	0
Jhagriya	19	208	241253	779883	0
Jhagrol	12	39	318239	763498	0
Jhagru	33	522	271161	821553	0
Jhagru	33	575	261954	822388	0
Jhagru	33	314	269657	832239	0
Jhagru Bigha	4	112	248309	842987	0
Jhagru Chak	4	602	256110	873605	0
Jhagru Jot	33	522	270734	822346	0
Jhagru Mahato	4	382	266504	845670	0
Jhagrua	33	688	257286	820482	0
Jhagrua	33	659	272227	800918	0
Jhagrudih	14	434	244638	859375	0
Jhagrudih	14	434	244977	862678	0
Jhagrun Bari	33	522	270421	824075	0
Jhagrutoli	14	476	224532	848380	0
Jhaguatoli	14	541	233597	851734	0
Jhagupur	33	152	269011	826540	0
Jhaguri	11	88	301077	771699	0
Jhagurugaria	25	372	207131	840053	0
Jhahraon	33	280	270922	829458	0
Jhahura	4	410	260490	866688	0
Jhahuri	4	136	259348	857457	0
Jhai	28	120	268223	756502	0
Jhaiharpura	28	429	267529	773392	0
Jhaimal	33	619	250478	811822	0
Jhain	33	314	264106	831344	0
Jhain Chak	4	581	255409	851355	0
Jhaina	33	654	260943	814320	0
Jhaira	28	357	249461	761488	0
Jhaira	12	348	326531	761424	0
Jhairi	28	357	249317	761572	0
Jhaj	27	284	316084	757219	0
Jhaj	27	284	312862	759791	0
Jhaj Kothi	12	348	328344	760794	0
Jhajanikua Muwara	10	140	231621	734033	0
Jhajar	12	514	306751	771842	0
Jhajaura	33	479	261071	831900	0
Jhajeli	27	665	323229	756257	0
Jhajh	19	646	243588	814641	0
Jhajh	4	117	244774	849521	0
Jhajha	12	604	309619	771717	0
Jhajha	4	582	248837	871372	0
Jhajhaha	4	727	254950	867379	0
Jhajham	10	231	239430	713342	0
Jhajhangi	19	142	217080	798331	0
Jhajhani	33	548	268899	797607	0
Jhajhani	4	718	251132	834078	0
Jhajhar	33	613	282692	776645	0
Jhajhara	14	276	227820	855682	0
Jhajhari	33	522	271066	819667	0
Jhajhari	33	522	271102	819795	0
Jhajhari	4	632	257370	868786	0
Jhajhariya	19	325	220098	790703	0
Jhajharkera	6	627	206695	817248	0
Jhajhauli	33	659	271799	806791	0
Jhajhaur	4	615	261987	841091	0
Jhajhawa	4	615	261201	845293	0
Jhajhimura	25	572	207752	826479	0
Jhajhnwa	14	673	240290	838484	0
Jhajhpuri	6	723	222890	816683	0
Jhajhra	33	31	269556	811385	0
Jhajhra	4	727	253879	867504	0
Jhajhra	4	569	257817	862737	0
Jhajhwa	14	712	240374	838501	0
Jhajhwa	33	314	268258	834608	0
Jhajhwa	4	675	264191	845345	0
Jhajhwa	4	675	263636	846886	0
Jhajihar	33	488	274887	810018	0
Jhajipind	27	284	317205	756768	0
Jhajja	12	348	327743	760939	0
Jhajjar Kotli	13	559	328972	749667	0
Jhajjewari	28	599	264944	776107	0
Jhajju	28	296	277706	729959	0
Jhajjuan	12	39	322050	759112	0
Jhajpuri	6	723	221554	817934	0
Jhajra	34	430	303448	779180	0
Jhajra	12	604	311222	766293	0
Jhajrar Badhi	12	267	320473	768204	0
Jhajrar Mathi	12	267	320557	768102	0
Jhajrau	33	116	278632	791774	0
Jhajrighat	19	311	224957	769381	0
Jhajulal ka Purwa	33	688	258071	814580	0
Jhak	28	428	269582	748897	0
Jhak	28	428	260326	743783	0
Jhakaha	33	479	261072	828511	0
Jhakahi	33	314	266238	831557	0
Jhakai	33	623	266316	831191	0
Jhakajharin	25	262	219820	847734	0
Jhakali	19	153	221735	741735	0
Jhakalwadi	20	127	201300	771015	0
Jhakangarha	33	645	266332	798407	0
Jhakar	10	143	223667	698167	0
Jhakar	12	460	309095	775301	0
Jhakar Bigha	4	394	251189	843748	0
Jhakar Kuta	33	637	262994	817831	0
Jhakaria	33	33	258658	826535	0
Jhakarpara	6	634	197880	819149	0
Jhakarpindi	27	468	321473	754688	0
Jhakas	19	443	217376	770907	0
Jhakaura	19	313	248915	810000	0
Jhakela	19	335	227175	746560	0
Jhakhahi	33	102	247691	829147	0
Jhakhargarh	4	410	262368	870240	0
Jhakhari	12	460	311281	773900	0
Jhakhari	4	520	259465	849038	0
Jhakharwara	33	532	263955	828382	0
Jhakhaura	19	497	247794	810960	0
Jhakhia	4	382	266940	848464	0
Jhakhian Lahri	27	665	322940	756048	0
Jhakhiria	33	152	268767	825485	0
Jhakhor	4	106	248435	856398	0
Jhakhra	4	520	259514	849020	0
Jhakhra	4	457	269685	845954	0
Jhakhra	4	382	265363	846516	0
Jhakhra	4	582	250625	867268	0
Jhakhra	4	136	257528	857474	0
Jhakhra	14	740	233335	845817	0
Jhakhra Mal	14	570	251893	874486	0
Jhakhrahi	4	535	264122	864815	0
Jhakhran	4	632	258326	869619	0
Jhakhraun Kalan	19	638	247119	795809	0
Jhakhraun Khurd	19	638	247067	795767	0
Jhakhri	4	112	245842	843185	0
Jhakhwanhi	4	457	269043	842148	0
Jhakjor	34	617	289533	794559	0
Jhakkarwala	27	700	304834	749612	0
Jhakla	12	348	327208	762768	0
Jhaklay	19	568	224899	774147	0
Jhaknawad	19	335	228142	749134	0
Jhaknol	12	514	307485	770806	0
Jhako	12	653	314762	775988	0
Jhako Lahri	27	665	322068	755418	0
Jhakra	19	443	214161	775429	0
Jhakra	33	488	272224	808346	0
Jhakra	33	492	285564	789072	0
Jhakra	4	520	259074	845202	0
Jhakra	4	382	265683	849617	0
Jhakrahi	33	688	257119	815480	0
Jhakrahi	4	410	262270	866420	0
Jhakrahi	4	410	261140	866096	0
Jhakrahi	4	410	260245	865266	0
Jhakrai	33	682	274608	791528	0
Jhakranwan	33	488	273011	808209	0
Jhakrar	12	348	325300	761452	0
Jhakrasai	14	276	225132	854356	0
Jhakrasi	33	654	261665	812603	0
Jhakrasi	33	654	260926	814044	0
Jhakratoli	14	541	234290	852181	0
Jhakratoli	14	541	234422	850717	0
Jhakratoli	14	476	226938	843865	0
Jhakrawal	19	607	243257	823417	0
Jhakrawal	19	607	243197	823400	0
Jhakreli	33	451	276526	794052	0
Jhakri	12	267	315334	771655	0
Jhakri	33	553	293961	780937	0
Jhakrial	12	39	320385	760264	0
Jhakrigal	13	0	346008	741764	0
Jhakron	11	565	306952	770875	0
Jhakru	12	267	313660	773115	0
Jhakru	12	348	326007	762233	0
Jhakua	4	505	249114	862068	0
Jhakundia	28	429	267458	765360	0
Jhakurda	19	142	217052	805815	0
Jhakurdatola	19	142	217127	805696	0
Jhakwa	33	605	266553	817445	0
Jhakwala	33	431	296380	775945	0
Jhakwan	12	267	320128	768956	0
Jhakwasa	33	301	265164	808148	0
Jhal	12	460	313200	773507	0
Jhal	33	553	292554	782024	0
Jhal	33	316	294040	773393	0
Jhal	11	500	284063	764363	0
Jhal	27	742	304830	760069	0
Jhal	6	279	219092	821591	0
Jhal	6	681	217945	815512	0
Jhal	6	681	219484	816141	0
Jhal	19	313	242688	809012	0
Jhal	12	348	325957	761534	0
Jhal	12	267	316712	769193	0
Jhal	6	611	213821	832870	0
Jhal	33	686	268341	793484	0
Jhal Ahlupur	27	544	312617	751519	0
Jhal Bibri	27	544	313340	753188	0
Jhal Chitaura	33	525	293608	777989	0
Jhal Laiwala	27	544	312430	752287	0
Jhal Mandar	4	636	258051	865522	0
Jhala	33	417	255253	790449	0
Jhala	28	599	265911	774144	0
Jhala	19	465	261624	778924	0
Jhala	19	638	252380	803440	0
Jhala	19	646	243469	815377	0
Jhala	33	282	276606	816749	0
Jhala	33	282	273910	817081	0
Jhala	33	522	273050	817645	0
Jhala	19	336	237135	807506	0
Jhala	33	282	279917	812922	0
Jhala	4	491	263553	876404	0
Jhala	33	312	278222	804155	0
Jhala ka Gurha	28	22	247880	736444	0
Jhala ka Gurha	28	22	247276	737400	0
Jhala Kalan	33	282	277214	815078	0
Jhala Purwa	33	31	269178	816847	0
Jhala Tarhar	33	282	274236	817629	0
Jhaladongri	19	512	240569	799338	0
Jhalagdiha	14	454	243540	857705	0
Jhalagondi	19	354	219021	796749	0
Jhalaha	33	152	269237	825195	0
Jhalahr	12	39	322127	761748	0
Jhalai	28	302	263568	760063	0
Jhalai	19	568	223906	779501	0
Jhalai	19	512	246317	801759	0
Jhalai	10	140	232824	735444	0
Jhalair	12	653	315364	775356	0
Jhalak	14	628	225397	859696	0
Jhalakdih	14	454	243188	857470	0
Jhalakdiha	14	434	244577	859987	0
Jhalakdiha	14	434	244258	862910	0
Jhalakdiha	14	434	242888	864459	0
Jhalakdiha	14	434	241374	863627	0
Jhalakdiha	14	434	241242	864438	0
Jhalakui	19	325	219307	787567	0
Jhalakuri	34	533	291816	800596	0
Jhalakwad	20	138	193425	780872	0
Jhalala	19	648	229963	765800	0
Jhalalpur	33	637	263643	818007	0
Jhalam	6	681	218117	815788	0
Jhalam	3	366	271294	948611	0
Jhalamad	28	263	262712	742534	0
Jhalamand	28	331	262074	730658	0
Jhalamari Baihk	13	289	342072	740888	0
Jhalambi	20	182	211833	739167	0
Jhalamli	19	129	224962	747209	0
Jhalan	34	589	298190	791008	0
Jhalan	34	589	301861	788623	0
Jhalana	33	522	269993	823191	0
Jhalana	28	120	268566	758202	0
Jhalania	11	425	295133	755596	0
Jhalanu	12	460	309778	775198	0
Jhalap	6	393	212169	823826	0
Jhalap	25	572	207242	824483	0
Jhalapur	33	575	262232	820639	0
Jhalar	19	512	245485	798895	0
Jhalar	12	39	321327	759491	0
Jhalar	4	117	245437	850261	0
Jhalar	4	495	250653	854297	0
Jhalara	28	357	247011	760791	0
Jhalara	19	635	226846	755711	0
Jhalaran	27	3	302933	742082	0
Jhalari	33	532	264934	824903	0
Jhalari	19	497	251111	815110	0
Jhalari	4	590	255914	871202	0
Jhalaria	33	522	270894	816401	0
Jhalaria	33	637	261691	817110	0
Jhalariya	19	635	227588	759548	0
Jhalariya Mahadev	19	512	246193	798884	0
Jhalarsarai	33	102	240160	831954	0
Jhalas	13	1	337258	740391	0
Jhalas	13	485	333156	742071	0
Jhalasag	10	140	233717	737153	0
Jhalatola	6	490	212657	809389	0
Jhalatola	6	455	209604	806787	0
Jhalauda	28	467	289561	753835	0
Jhalaun	4	535	265964	863492	0
Jhalawa	19	497	249641	815063	0
Jhalawar	19	497	246011	816718	0
Jhalawar	19	497	245853	816714	0
Jhalawat	10	125	220953	739976	0
Jhalbad	14	434	243351	858918	0
Jhalbahal	25	572	208523	825825	0
Jhalbera	25	281	215363	857238	0
Jhalbera	25	281	217998	858008	0
Jhalda	28	429	269357	768937	0
Jhaldungra	34	413	295161	798526	0
Jhale Har	19	512	250269	803941	0
Jhalepura	28	429	261249	767790	0
Jhales	12	267	315018	770662	0
Jhalewara	19	142	217456	800064	0
Jhalewara	19	142	217336	800193	0
Jhalewara Tola	19	142	217354	800091	0
Jhalgi	33	31	272057	810817	0
Jhalha	33	698	259866	808110	0
Jhalhi	33	637	262520	817129	0
Jhali	12	514	306083	775422	0
Jhali	19	648	228308	772237	0
Jhali	19	313	247291	806851	0
Jhali	4	718	249338	837526	0
Jhali	19	129	225415	748240	0
Jhali Kharak	34	179	303430	795056	0
Jhali Purwa	33	522	271301	818485	0
Jhali Tola	19	142	222280	802809	0
Jhalia	33	522	273760	820137	0
Jhalia	33	269	273679	821805	0
Jhalia	33	522	270224	821395	0
Jhalia	33	269	273206	823392	0
Jhalia	20	134	204438	805322	0
Jhalia Bazar	33	314	264007	831474	0
Jhalia Chausela	33	522	269164	819875	0
Jhalia Khurd	20	134	204455	805069	0
Jhaliaban	14	310	227842	844111	0
Jhaliabera	25	281	219093	857708	0
Jhaliagochha	25	423	200952	845475	0
Jhaliamara	14	276	225832	854203	0
Jhaliamari	6	676	203515	816287	0
Jhaliamura	25	478	210405	832348	0
Jhaliamura	25	683	214940	846890	0
Jhalian	27	624	308052	764084	0
Jhalian Kolan	27	704	309085	764889	0
Jhalian Purwa	33	522	270514	819053	0
Jhalian Sambal	27	704	309356	765542	0
Jhaliapara	25	281	216372	858209	0
Jhaliaposi	14	628	226554	859202	0
Jhaliapur	6	723	220728	815953	0
Jhaliapur	6	723	220071	815156	0
Jhaliawa	33	575	260037	824678	0
Jhalighat	4	590	258754	871183	0
Jhaliya	33	698	259929	802877	0
Jhaliya	34	692	300700	798442	0
Jhaliyan ka Pura	33	688	257149	815314	0
Jhaljamira	14	740	233492	846982	0
Jhaljhali	35	587	259654	879664	0
Jhaljhali	4	602	257061	879679	0
Jhalka	6	517	219734	812292	0
Jhalkachhar	6	374	224124	824817	0
Jhalkapattoli	14	310	232066	843305	0
Jhalkhamaria	6	393	210803	821424	0
Jhalkhora	4	394	251157	838621	0
Jhalkhora	4	718	249500	837714	0
Jhalkhoria	4	718	251334	837230	0
Jhalkhoriya	4	394	250145	840573	0
Jhalki	15	80	172572	758028	0
Jhalki	34	481	304029	782460	0
Jhalki	34	430	304417	781696	0
Jhalki	19	648	229918	769763	0
Jhalki Buzurg	15	71	174466	764304	0
Jhalki Khurd	15	71	174476	764782	0
Jhalkir	12	267	314462	770319	0
Jhalkui	19	420	249174	780309	0
Jhalkusum	25	572	204268	826638	0
Jhalla	33	282	272775	815982	0
Jhallar	19	443	217282	777399	0
Jhallar	19	446	221643	772068	0
Jhalli	31	240	178436	798606	0
Jhalmal	33	584	248530	820036	0
Jhalmala	6	642	207180	812387	0
Jhalmala	6	279	221722	822637	0
Jhalmala	6	517	220492	810037	0
Jhalmala	6	517	219725	813860	0
Jhalmala	6	681	216209	816376	0
Jhalmala	6	611	215109	831474	0
Jhalmala	6	17	218106	834373	0
Jhalmali	34	692	299203	796144	0
Jhalmanda	19	420	254916	772987	0
Jhalmau	19	484	255740	785800	0
Jhalog	12	267	317379	768996	0
Jhaloia	27	665	321927	755919	0
Jhalokhar	33	621	259640	800252	0
Jhalon	19	568	226859	780926	0
Jhalon	19	354	229084	796293	0
Jhalon	19	502	234787	793887	0
Jhalon	19	576	231235	794774	0
Jhalon	19	354	225527	797868	0
Jhalone	19	568	228724	783793	0
Jhaloni	19	420	249410	781311	0
Jhalori	34	413	296782	794029	0
Jhaloti	12	514	306162	776379	0
Jhalpa	33	102	240319	829638	0
Jhalpali	6	393	214848	829465	0
Jhalpali	25	478	211827	833338	0
Jhalpan	6	365	215176	824366	0
Jhalpani	19	461	230039	803358	0
Jhalpani	19	461	227200	804682	0
Jhalpha	6	279	219813	820695	0
Jhalpi	33	575	261370	822079	0
Jhalpi	6	269	235751	837431	0
Jhalpipli	19	648	229347	773614	0
Jhalpo	14	454	244291	855474	0
Jhalra	28	302	259990	758846	0
Jhalra	33	553	294283	781825	0
Jhalra	33	566	283715	776087	0
Jhalra	28	298	256021	750893	0
Jhalra	33	526	270083	779774	0
Jhalra	25	281	217452	856656	0
Jhalri	19	630	244702	750117	0
Jhalri	12	460	311192	776628	0
Jhalri	33	553	294162	781873	0
Jhalri	33	553	294109	783502	0
Jhalri	6	723	223436	815934	0
Jhalri	12	460	310800	777686	0
Jhalri	12	460	308754	776428	0
Jhalri	34	413	296493	791156	0
Jhalriya	28	298	254914	743686	0
Jhalro	28	263	257150	738895	0
Jhalronda	6	388	219347	828976	0
Jhalru	12	460	312011	773860	0
Jhalsarbhond	19	568	227422	778310	0
Jhalsargond	19	568	227977	780707	0
Jhalta	12	460	310939	778259	0
Jhaltu	12	460	312268	777072	0
Jhalu	34	589	299368	788739	0
Jhalu	34	589	298438	788728	0
Jhalu Ki Marhi	33	523	277834	779061	0
Jhalua Chak	4	582	250095	867159	0
Jhalua Jala	34	530	292616	793329	0
Jhaludastola	4	396	253443	872236	0
Jhalun	12	39	321998	759605	0
Jhalur	27	696	303945	756583	0
Jhalusingh	4	136	258008	861518	0
Jhalutola	20	168	214878	800645	0
Jhaluwa	14	712	241517	837758	0
Jhalwa	33	623	269951	831051	0
Jhalwa	33	584	254355	817708	0
Jhalwadih	14	434	240018	862651	0
Jhalwala	34	430	305966	778797	0
Jhalwan	19	446	223671	769425	0
Jhalwan	12	267	319773	767907	0
Jhalwani	19	354	225070	797943	0
Jhalwar	19	497	247474	812164	0
Jhalwar	19	313	244380	810223	0
Jhalwar	19	646	244098	815721	0
Jhalwara	19	337	237757	804609	0
Jhalwas	12	348	330990	763862	0
Jhalwasa	19	420	256072	774931	0
Jhalwasa	19	420	253818	775260	0
Jhalyaguda	25	499	194627	821355	0
Jhalyari	12	514	308166	774592	0
Jham Bigha	4	112	250309	845344	0
Jham Khera	33	654	264986	810657	0
Jham Khera	33	654	264011	811772	0
Jham Mahton	33	539	266301	841983	0
Jham Singh Purwa	33	654	260621	814687	0
Jhamach	12	267	316177	772342	0
Jhamai Jot	33	152	267393	826562	0
Jhamai Khera	33	654	265237	812053	0
Jhamai Purwa	33	575	261442	823098	0
Jhamal Khera	33	301	263708	809974	0
Jhaman Bigha	4	507	250482	850621	0
Jhaman Bigha	4	495	252558	855970	0
Jhaman Nagra	33	682	273795	791873	0
Jhaman Purwa	33	654	260071	814102	0
Jhamanpur	33	688	259974	821022	0
Jhamar	19	326	232860	785382	0
Jhamar	19	326	231818	785300	0
Jhamar	19	503	227626	787245	0
Jhamar	19	325	225982	787318	0
Jhamar	19	576	233164	797253	0
Jhamar	19	576	232409	797459	0
Jhamar	19	503	229279	790214	0
Jhamar	19	354	227509	796084	0
Jhamar	19	502	241866	796066	0
Jhamar	19	502	241266	796655	0
Jhamar	19	503	230753	793290	0
Jhamar	13	35	334688	756985	0
Jhamar	19	239	218569	747504	0
Jhamar	4	396	252918	874137	0
Jhamar Kalan	19	503	230631	791177	0
Jhamar Khurd	19	503	230557	791097	0
Jhamar Kotra	28	22	244818	738574	0
Jhamara	13	358	331327	757643	0
Jhamariya	28	487	244466	766358	0
Jhamaro	19	338	232819	791979	0
Jhamat	33	496	272046	833455	0
Jhamatia	4	510	255580	858805	0
Jhamba	11	286	293886	771076	0
Jhambar	12	267	315291	770671	0
Jhambar	12	39	319836	758935	0
Jhambli	20	390	211909	800490	0
Jhambowal	27	284	316989	757467	0
Jhambra	13	485	333415	744804	0
Jhameli	12	653	314824	774479	0
Jhamerha	12	267	320013	768635	0
Jhameri	19	153	224258	746498	0
Jhamhauli	12	460	312241	774469	0
Jhamia Purwa	33	522	271495	816795	0
Jhamkarai	25	546	210073	841527	0
Jhamke	27	250	314079	748109	0
Jhamke	27	545	310911	749336	0
Jhamkoli	20	139	206211	791947	0
Jhamkoliheti	20	139	206310	791954	0
Jhamkul	20	67	199407	787643	0
Jhammanganj	4	687	257082	855224	0
Jhammanpur	33	278	268402	791253	0
Jhammat	27	647	309053	757463	0
Jhamoi	12	460	313407	773924	0
Jhamola	11	353	291394	763400	0
Jhampa	34	589	298036	786960	0
Jhampapuram	1	228	159042	772497	0
Jhampi	25	373	203911	844163	0
Jhampra	19	303	230225	753771	0
Jhampuli	25	399	209249	844592	0
Jhampur	5	-1	307665	767071	0
Jhampur	33	654	261291	808462	0
Jhampur	27	624	306127	765650	0
Jhampura	33	33	256856	828503	0
Jhamra	19	326	235675	787086	0
Jhamra	19	338	236194	786664	0
Jhamra	19	338	233797	789118	0
Jhamra	19	338	232189	791515	0
Jhamra	19	502	232933	792957	0
Jhamra	12	315	318033	759516	0
Jhamrawat	11	524	278850	770757	0
Jhamrawat Ka Bas	11	524	278874	770901	0
Jhamri	11	586	285031	763459	0
Jhamri	19	503	229191	790123	0
Jhamrora	12	267	313141	771548	0
Jhamta	19	325	218081	790406	0
Jhamta	4	727	255471	864292	0
Jhamta	4	727	256018	865759	0
Jhamta	4	641	262196	874464	0
Jhamta	4	636	258741	863318	0
Jhamtia Pada	20	182	213171	740778	0
Jhamtiyalgaon	34	481	303940	782039	0
Jhamtoli	19	638	247112	797863	0
Jhamul	19	142	218195	807960	0
Jhamul	19	449	225265	811749	0
Jhamun	12	460	312418	770371	0
Jhamuwas	28	463	279190	767160	0
Jhamwas	11	524	282365	769299	0
Jhan	12	460	309249	775635	0
Jhan Kuphata	12	514	306941	776184	0
Jhana ka Sarai	28	22	245912	737983	0
Jhanabad	28	429	267259	769799	0
Jhanaga	12	514	308988	774042	0
Jhanakpur	6	695	239391	832121	0
Jhanakpur	6	388	217689	830258	0
Jhanakpur	6	611	215656	832833	0
Jhanakpur	4	117	246068	850290	0
Jhanaurheri	27	608	306673	767840	0
Jhanbke	27	214	317247	751935	0
Jhand	19	313	245305	811069	0
Jhand	13	359	327194	752357	0
Jhand	12	267	318332	768721	0
Jhanda	11	88	304618	772151	0
Jhanda	19	325	221043	789429	0
Jhanda	27	647	308602	757693	0
Jhanda	19	420	255430	781615	0
Jhanda	33	417	252739	783870	0
Jhanda	19	313	247983	806986	0
Jhanda Bagga	27	545	309745	750809	0
Jhanda Bagga	27	545	310554	750904	0
Jhanda Gujaran	27	468	319007	754980	0
Jhanda Labuna	27	468	318924	755158	0
Jhanda Muwara	10	164	231341	731030	0
Jhanda Nagla	33	431	301483	776399	0
Jhandadevi	34	589	297438	785139	0
Jhandaguda	31	160	194404	788959	0
Jhandagura	31	160	193941	792772	0
Jhandahar	33	445	272120	793167	0
Jhandahatola	19	313	242169	807797	0
Jhandahwa	33	522	270254	821436	0
Jhandaiwala	27	480	307405	751666	0
Jhandani	13	358	331115	756591	0
Jhandapur	33	553	293457	781317	0
Jhandapur	33	697	286669	773547	0
Jhandapur	33	626	256153	813998	0
Jhandapur	4	396	253995	869479	0
Jhandapurtola	4	632	256067	869833	0
Jhandatalao	6	455	210937	807431	0
Jhandatalaotola	6	455	210908	807180	0
Jhandatola	19	461	228150	807126	0
Jhandawala	28	467	298363	743475	0
Jhande	27	214	317453	750594	0
Jhande Majra	27	608	308540	766517	0
Jhandepar	20	134	207716	805008	0
Jhander	27	250	314260	749761	0
Jhander	27	250	313606	751173	0
Jhander Kalan	27	283	312120	759292	0
Jhander Khurd	27	283	312111	759207	0
Jhandera	12	348	327607	761914	0
Jhanderi Jatan	33	525	292382	777904	0
Jhandewal	27	283	310738	760920	0
Jhandewaripathot	19	334	236428	761265	0
Jhandi	12	460	309865	773110	0
Jhandi	27	543	302456	763797	0
Jhandi	6	517	219635	811259	0
Jhandi	19	420	249848	777163	0
Jhandi Chaur	33	553	295264	786692	0
Jhandi Khetar	13	485	333349	742988	0
Jhandiahi	33	584	251440	819175	0
Jhandian	12	604	310654	767329	0
Jhandiana	27	480	307991	749478	0
Jhandiana	27	480	307877	753033	0
Jhandipathar	19	325	223480	784342	0
Jhandipur	33	174	273582	777479	0
Jhandipur	33	174	275542	777627	0
Jhandipur	28	113	277676	770944	0
Jhanditola	20	390	214872	796818	0
Jhanditola	14	732	238529	858294	0
Jhandl Dhara	13	485	333032	742172	0
Jhandohr	12	267	314463	767993	0
Jhandoke	27	680	297508	753435	0
Jhandoke	27	592	305911	746135	0
Jhandoriya	19	568	223797	777656	0
Jhandowi	12	604	313129	769681	0
Jhandpur	27	608	307676	766655	0
Jhandpur	27	665	323031	755455	0
Jhandu	19	512	248817	805746	0
Jhandu Bigha	4	495	251432	853401	0
Jhandu Oad	33	-1	303037	775642	0
Jhandua	12	460	309202	777270	0
Jhanduke	27	542	301615	751444	0
Jhanduta	12	279	313708	766433	0
Jhandutola	14	310	233265	844502	0
Jhanduwala	27	544	312564	751391	0
Jhandwa	19	208	242898	776109	0
Jhang	13	690	325425	749175	0
Jhang	27	284	320290	757308	0
Jhang	12	39	319876	762731	0
Jhanga	33	539	267796	837325	0
Jhangai Pura	33	314	264841	831884	0
Jhangai Purwa	33	575	261582	823816	0
Jhangan	12	514	308289	773872	0
Jhangar	13	485	332355	740166	0
Jhangar	4	590	259101	870578	0
Jhangar Dharms	13	485	332384	740534	0
Jhangar Dharmsal	13	485	332705	740508	0
Jhangarbau	34	589	300543	789041	0
Jhangaria	34	589	298421	787673	0
Jhangartoli	35	587	259668	879218	0
Jhangat	4	117	244101	843695	0
Jhangatoli	4	632	258667	868603	0
Jhangatoli	4	632	257123	870337	0
Jhangha	33	314	266431	834924	0
Jhangi	27	284	318410	756928	0
Jhangi Moheshah	27	284	319103	755900	0
Jhangilabana	27	284	319723	757096	0
Jhangnagartola	6	490	217915	808494	0
Jhangola	8	737	288297	772019	0
Jhangoral	19	509	252887	788100	0
Jhangori	12	348	323714	765146	0
Jhangpar	33	496	271460	831495	0
Jhangpur	12	39	322084	759591	0
Jhangrara	12	39	321695	757020	0
Jhangri	12	348	322650	761340	0
Jhangri Baihk	13	0	345645	742656	0
Jhangri Baihk	13	0	346175	744587	0
Jhangroli	12	460	311516	774781	0
Jhangru	12	267	314770	772293	0
Jhangtoli	4	602	255516	873360	0
Jhangul	19	461	222750	804441	0
Jhangul	19	142	221501	804794	0
Jhanguni	12	39	322323	759874	0
Jhangurpara	35	397	254116	878699	0
Jhangwa Gadori	33	280	271127	828004	0
Jhani	14	673	241976	839861	0
Jhanianpur	33	575	260780	823531	0
Jhanihatta	12	348	324875	761638	0
Jhaniitanr	14	738	240646	868915	0
Jhanijhara Dube	33	584	250795	817210	0
Jhanipuri	28	113	275710	771959	0
Jhaniriya ki Dhani	28	120	269771	755364	0
Jhanj Kalan	11	353	293753	762750	0
Jhanj Khurd	11	353	293703	762778	0
Jhanja	28	288	282069	759181	0
Jhanja	19	576	234080	800844	0
Jhanjaheri	19	16	238163	764255	0
Jhanjai	19	326	230577	777802	0
Jhanjar	28	22	244959	730987	0
Jhanjar	12	348	324525	764536	0
Jhanjari	11	439	297529	769728	0
Jhanjariberana	25	277	211253	855167	0
Jhanjariberana	25	277	210147	856112	0
Jhanjarpur	4	410	260175	865277	0
Jhanjarwa Mota	28	163	232143	741766	0
Jhanjarwa Nana	28	163	232221	741730	0
Jhanjarwari	19	311	228691	760466	0
Jhanjauli	11	466	288474	770061	0
Jhanjeri	27	608	306852	766175	0
Jhanjerpura	19	648	228646	765624	0
Jhanjh	6	299	211527	817812	0
Jhanjh	19	576	233357	804806	0
Jhanjh	6	374	222233	824662	0
Jhanjh	14	434	244982	859437	0
Jhanjh	14	434	244177	859197	0
Jhanjh	14	434	243040	859326	0
Jhanjh	14	434	243313	859514	0
Jhanjha	33	314	262865	835774	0
Jhanjha Sheo	33	314	262905	835809	0
Jhanjhadih	6	681	218584	815540	0
Jhanjhani	28	487	245215	767756	0
Jhanjhankhera	19	503	228826	787240	0
Jhanjhanpur	33	539	267850	837182	0
Jhanjhapar	33	33	256578	830441	0
Jhanjhapar	33	280	271122	830470	0
Jhanjhar	28	113	275759	770438	0
Jhanjhar	19	30	214090	762796	0
Jhanjhar	19	313	245886	810356	0
Jhanjhar	19	497	245559	815399	0
Jhanjhar	33	595	274943	820530	0
Jhanjhar ka Bas	28	113	275756	770378	0
Jhanjhara	33	584	250838	817231	0
Jhanjhara Chaube	33	584	250720	817238	0
Jhanjhara Purwa	33	444	254325	803346	0
Jhanjhari	33	621	258803	802703	0
Jhanjhari	33	444	258215	803999	0
Jhanjhari	33	444	258479	804095	0
Jhanjharia Khutia	19	325	220216	790800	0
Jhanjharpur	4	535	262295	862710	0
Jhanjhartola	19	217	229011	813857	0
Jhanjhauli Mahmudpur	33	431	301071	776641	0
Jhanjhaur	33	242	254987	828802	0
Jhanjhbari	19	313	241367	808848	0
Jhanjheri	4	632	259669	868934	0
Jhanjheu	28	296	280917	737806	0
Jhanjhitoli	14	377	235620	854072	0
Jhanjhmer	10	165	211823	720610	0
Jhanjhnagar	19	461	227824	801490	0
Jhanjhni	28	519	287587	749619	0
Jhanjhot	28	288	281646	756367	0
Jhanjhoti	27	214	317191	747494	0
Jhanjhrali	12	39	322928	759852	0
Jhanjhri	19	446	222904	769073	0
Jhanjhri	4	457	271471	846377	0
Jhanjhri	4	535	264975	864911	0
Jhanjhri	4	505	249391	858923	0
Jhanjhritoli	14	310	233187	845208	0
Jhanjhupur	33	242	254168	831188	0
Jhanjhwa	33	532	264881	828678	0
Jhanjhwa	33	314	264628	831205	0
Jhanjhwa	33	314	269385	833586	0
Jhanji	20	132	209773	775743	0
Jhanjia	20	168	213585	802333	0
Jhanjidih	14	454	247013	858222	0
Jhanjir	19	512	242167	802840	0
Jhanjira	33	492	290775	787517	0
Jhanjokhar	33	672	290383	776128	0
Jhanjon	19	324	243808	773248	0
Jhanjpatti Asa	4	535	264690	864628	0
Jhanjpatti Doman	4	535	264767	864500	0
Jhanjra	33	31	272370	813204	0
Jhanjra	33	654	262028	813216	0
Jhanjra	35	452	241549	879182	0
Jhanjra Nayawas	11	415	285027	757710	0
Jhanjra Soran	11	415	285048	757546	0
Jhanjra Toda	11	415	284996	757561	0
Jhanjrat	10	205	244442	730754	0
Jhanjri	33	31	272383	813181	0
Jhanjri	33	329	281808	794040	0
Jhanjri Moti	10	140	231213	736796	0
Jhanjri Nani	10	140	231201	736690	0
Jhanjri Ser	12	348	324487	764134	0
Jhanjron	12	39	321888	760205	0
Jhanjru	12	348	323954	760893	0
Jhanju	33	282	275454	813767	0
Jhanjwa	10	205	241294	730586	0
Jhanjwa	33	314	264515	833848	0
Jhanjwapar	33	280	271173	830073	0
Jhankadpada	25	546	211233	842573	0
Jhankadpada	25	546	210048	843107	0
Jhankaha	4	641	262973	871310	0
Jhankar	12	514	305691	776139	0
Jhankar	33	370	244290	789820	0
Jhankar Mahadeo	34	179	299571	793803	0
Jhankargondi	20	168	210052	801815	0
Jhankargondi	20	134	206684	804439	0
Jhankarpali	25	478	211919	833098	0
Jhankarpali	25	478	210612	833291	0
Jhankarpali	25	380	210284	833525	0
Jhankarpali	25	478	213053	835013	0
Jhankarpali	25	478	214303	837912	0
Jhankarpali	25	478	213742	838363	0
Jhankarpali	25	478	214475	838527	0
Jhankarpali	25	546	214393	839483	0
Jhankarpali	25	546	214066	840546	0
Jhankarpara	25	372	206846	840324	0
Jhankarpara	25	372	207117	841232	0
Jhankartala	25	399	207263	847983	0
Jhankat	34	617	289484	797869	0
Jhankat	34	617	289433	799011	0
Jhankaul	33	539	267562	840327	0
Jhankerbahal	25	546	213414	840387	0
Jhankerpali	25	478	214164	834646	0
Jhankerpali	25	478	213358	834190	0
Jhankerpali	25	478	209704	830688	0
Jhankerpali	25	546	216883	841778	0
Jhankerpali	25	546	216464	841550	0
Jhankerpali	25	546	213976	841239	0
Jhankerpara	25	546	217586	841015	0
Jhankersirgira	25	478	211608	833806	0
Jhankhar	10	143	223611	697706	0
Jhankharpali	6	393	211181	825687	0
Jhankhria Muwara	10	124	230853	732769	0
Jhanki	19	325	220692	787622	0
Jhanki	6	681	219284	815449	0
Jhanki	6	299	210851	817496	0
Jhanki	19	449	227228	811125	0
Jhanki Garhi	33	526	273959	782364	0
Jhankitola	19	217	229305	815092	0
Jhankiyapur	19	323	258946	771921	0
Jhankla	12	514	308139	772259	0
Jhankra	28	550	255431	740660	0
Jhankra	34	692	298501	799450	0
Jhankri	19	465	259992	781045	0
Jhankri	33	417	252793	791363	0
Jhankwani	34	351	305617	792007	0
Jhanneshwar Madadev	19	311	230558	762117	0
Jhanpa	14	732	243497	851989	0
Jhanpatoli	6	269	235637	839624	0
Jhanpda Bara	28	120	265799	761556	0
Jhanpda Chhota	28	679	265741	761748	0
Jhanpgarha	14	678	237481	849027	0
Jhanphali	28	274	261983	711154	0
Jhanpi	19	337	236802	806093	0
Jhanpia	19	325	223450	784872	0
Jhanpur	28	599	267916	779817	0
Jhans	27	284	316512	756371	0
Jhansa	11	482	301160	767414	0
Jhansa	33	282	276108	815813	0
Jhansa	33	31	272102	811812	0
Jhansa Colony	11	482	301145	767376	0
Jhansakheri	19	395	244255	777626	0
Jhansal	28	467	291911	753881	0
Jhansapur	33	33	259376	827064	0
Jhansapur	33	33	256790	823739	0
Jhansepur	33	33	257894	827596	0
Jhansi	19	503	231014	795700	0
Jhansi	19	576	230726	796970	0
Jhansi	33	694	252543	832080	0
Jhansi	19	576	233636	800817	0
Jhansighat	19	503	231085	795791	0
Jhanswah	11	586	284836	764167	0
Jhanti	14	673	242033	845303	0
Jhantibari	4	491	261616	878132	0
Jhantkisai	25	281	217300	859723	0
Jhantli	28	113	276012	770679	0
Jhanun	28	115	263831	762472	0
Jhanwa Purwa	33	659	273071	801097	0
Jhanwan	27	284	316664	756845	0
Jhanwan	4	495	252573	854481	0
Jhanwandih	4	495	252566	854384	0
Jhanwar	28	331	261957	728623	0
Jhanwar	33	370	251493	785670	0
Jhanzi	3	501	268667	945000	0
Jhao Gali	12	348	324275	761380	0
Jhaog	12	267	313638	771683	0
Jhaokuti	35	404	263191	897498	0
Jhaopara	14	643	241597	876656	0
Jhaopara	35	347	242695	878083	0
Jhaot	12	267	316327	771170	0
Jhapadhra	19	335	230097	744952	0
Jhapahi	14	712	243090	837471	0
Jhapaintoli	14	310	232392	841643	0
Jhapal	19	443	220159	775069	0
Jhapal	19	443	220088	775204	0
Jhapal	6	723	222415	816780	0
Jhapamauri	28	163	231277	743984	0
Jhapan	19	502	235023	793632	0
Jhapandri	19	443	215172	774584	0
Jhapani	19	576	230080	799344	0
Jhapani	4	567	252787	863027	0
Jhapania	4	582	248166	870293	0
Jhapania	14	570	249981	871721	0
Jhapar	33	102	240278	829896	0
Jhapar	4	602	254753	875212	0
Jhapar	4	602	254634	875357	0
Jhapara	33	389	272636	786469	0
Jhapari	19	646	240802	818306	0
Jhaparwa	33	282	273384	815759	0
Jhaparwadi	15	167	177739	768779	0
Jhaparwadi	20	67	199112	781291	0
Jhapas	33	539	266448	841949	0
Jhapatkheda	20	67	204965	781798	0
Jhapatpur	33	282	272903	816216	0
Jhapeli	6	669	221177	824875	0
Jhapi	19	336	234479	805910	0
Jhapimahua	6	393	213952	827876	0
Jhapka Purwa	33	659	275118	800911	0
Jhapla	14	476	226174	847637	0
Jhapnadeh	19	446	220287	771701	0
Jhapni	19	354	228640	796900	0
Jhapnipur	33	686	265802	795331	0
Jhapra	28	-1	273254	775852	0
Jhapra	14	416	231744	850474	0
Jhapragarh	20	134	207265	805214	0
Jhapramali	19	317	214782	756362	0
Jhapratola	33	102	238920	830020	0
Jhaprawah	33	196	246096	823595	0
Jhapri	19	443	223171	777520	0
Jhapsi	14	442	251595	877025	0
Jhapu i Gwari	28	429	263125	770721	0
Jhapul	19	461	223039	807508	0
Jhapul Kisli	19	461	223200	807495	0
Jhapula	33	451	277000	795523	0
Jhar	28	339	254845	757354	0
Jhar	25	478	212291	832767	0
Jhar	12	267	315809	772115	0
Jhar	28	22	243191	739393	0
Jhar	28	22	242960	739224	0
Jhar	13	690	326327	752746	0
Jhar	34	413	296404	792522	0
Jhar	4	117	245171	847563	0
Jhar	4	117	245076	847587	0
Jhar Balaskupa	25	373	204858	843454	0
Jhar Baroda	19	323	259995	773079	0
Jhar Chandna	11	88	301683	771484	0
Jhar Dokeni	25	373	204702	843484	0
Jhar Dumuria	25	368	217961	859597	0
Jhar Gulunda	25	546	214152	841001	0
Jhar Khandhi	33	314	266463	834492	0
Jhar Majri	12	604	309254	768337	0
Jhar Sadri	28	550	248509	737930	0
Jhar Sahib	27	647	308839	763001	0
Jhar Sentli	11	741	283088	773043	0
Jhar Umargam	6	578	191731	820251	0
Jhara	33	645	266597	799324	0
Jhara	6	269	240843	833286	0
Jhara	19	607	240301	821135	0
Jhara	19	142	221251	804993	0
Jhara	6	393	211439	822939	0
Jhara	25	349	191841	837408	0
Jhara	14	379	243287	846933	0
Jhara	4	636	258368	863985	0
Jhara Gogwa	25	683	216279	846152	0
Jhara Khempur	33	312	279069	802300	0
Jhara Kondhal	25	683	216575	849653	0
Jhara Pipri	33	479	261812	831090	0
Jhara Purwa	33	659	272106	797841	0
Jhara Sangam	31	32	177645	777133	0
Jharabahal	25	683	214827	850813	0
Jharabahal	25	399	214104	850859	0
Jharabera	25	399	213781	853196	0
Jharabereni	25	399	213489	850134	0
Jharaberini	25	399	211299	850395	0
Jharaberni	25	399	209590	845147	0
Jharadhab	14	434	246386	858525	0
Jharadihi	25	683	213356	849688	0
Jharagaria	25	373	202840	845247	0
Jharaha	4	112	249890	847260	0
Jharaha	4	112	246171	842585	0
Jharaha	4	117	246859	848592	0
Jharahi	4	510	257700	861176	0
Jharai	19	338	242198	787448	0
Jharai	25	478	212315	832534	0
Jharail	33	102	244755	828379	0
Jharailtola	33	102	240782	831274	0
Jharaintoli	14	476	225832	842124	0
Jharaka	33	672	291837	780293	0
Jharakani	25	262	219834	839389	0
Jharakhwara	10	140	232416	737153	0
Jharal	19	338	239692	783564	0
Jharal	12	39	319568	762721	0
Jharala Pada	20	182	213077	742027	0
Jharalo	25	399	213613	853347	0
Jharalo	25	399	213665	853272	0
Jharamli	28	357	249806	760817	0
Jharamunda	25	546	210211	843388	0
Jharan	19	153	224956	744310	0
Jharan	6	620	205486	808936	0
Jharana	33	523	279692	776996	0
Jharanbahali	25	277	210105	852827	0
Jharanbahalisahi	25	277	208169	853732	0
Jharandalli	6	642	205743	810668	0
Jharandia	28	463	278052	767053	0
Jharanpara	25	546	212299	841168	0
Jharantola	6	642	206870	810553	0
Jharap	20	139	210652	793186	0
Jharap	20	390	209537	799079	0
Jharap	6	388	217314	828707	0
Jharapada	25	546	211067	843525	0
Jharapali	25	478	212672	838089	0
Jharapali	25	546	214271	839703	0
Jharapani	19	337	233991	803907	0
Jharapapilya	19	16	236333	768456	0
Jharapapra	20	134	200749	805034	0
Jharapara	25	399	206183	846927	0
Jharapdih	14	673	241987	839859	0
Jharapdih	6	611	215980	831017	0
Jharapos	25	262	216884	849454	0
Jharaposi	25	281	218162	855499	0
Jharar	33	370	251203	784625	0
Jharasahi	25	527	200491	849017	0
Jharasahi	25	277	207980	853790	0
Jharatwa	4	457	272481	843440	0
Jharaudi	27	647	309495	761730	0
Jharauli	33	431	300518	773607	0
Jharauli	19	465	258287	782174	0
Jharauli	19	502	237675	796676	0
Jharauli	19	502	233870	795641	0
Jharauli	19	337	236802	799961	0
Jharauli	33	591	255111	797022	0
Jharauli	27	468	321097	755550	0
Jharauli Khurd	11	482	301477	767851	0
Jharaunti	12	267	315298	772290	0
Jharaut	11	466	289169	769398	0
Jharauta	33	370	244490	785883	0
Jharautha	33	174	274098	778781	0
Jharauthi	33	526	271775	776815	0
Jharauti	11	466	289330	769385	0
Jharayan	4	106	249315	855955	0
Jharbahal	25	546	215401	841627	0
Jharbahali	25	273	195342	828997	0
Jharbalapura	28	339	254730	757521	0
Jharband	6	393	213799	828933	0
Jharband	25	478	207377	827209	0
Jharband	25	572	200239	825939	0
Jharbandh	25	478	210591	827930	0
Jharbandh	25	277	207724	853071	0
Jharbandhali	25	399	209821	844773	0
Jharbandhali	25	399	209239	845580	0
Jharbandhli	25	380	210156	833712	0
Jharbari	4	491	261363	879595	0
Jharbari	35	587	257919	879267	0
Jharbeda	25	399	212511	850703	0
Jharbeda	25	546	212483	845993	0
Jharbera	25	262	220646	850249	0
Jharbera	19	446	222628	772840	0
Jharbera	25	262	222420	850547	0
Jharbera	25	368	220356	859973	0
Jharbera	25	262	218063	848765	0
Jharberna	25	290	216975	837712	0
Jharbhuin	25	262	217141	848773	0
Jharbira	19	568	224294	775369	0
Jharbori	20	110	204016	796025	0
Jharda	19	303	236056	757251	0
Jharda	10	124	235644	735154	0
Jharda	19	129	222787	748669	0
Jhardag	14	673	244105	842947	0
Jhardag	14	732	241795	852115	0
Jhardag	14	379	243122	852855	0
Jhardi	19	129	222728	748793	0
Jhare ka Pura	19	459	263111	777327	0
Jhare ka Pura	28	599	268659	779837	0
Jharedarba	20	134	193694	806062	0
Jharegaon	20	49	209408	764749	0
Jharegaon	19	443	219060	778277	0
Jhareguda	6	80	193485	805206	0
Jharehr	12	267	314570	772865	0
Jharel	19	420	250952	775052	0
Jharela	33	710	263314	791337	0
Jharela	19	459	262055	775029	0
Jharela	19	337	236731	806556	0
Jhareli	28	414	273986	740205	0
Jharer	19	323	257784	768489	0
Jharera	28	463	274990	766894	0
Jharera	28	429	267482	769772	0
Jharera	8	691	285818	771416	0
Jharera	19	324	243919	769830	0
Jharera	27	284	318289	759385	0
Jharera	33	613	281779	780985	0
Jharerian	27	284	320517	756722	0
Jharesa	28	429	269553	768867	0
Jhargad	20	67	203360	785498	0
Jhargada	19	459	267149	784908	0
Jhargag	14	379	239973	845700	0
Jhargaon	25	281	220531	853790	0
Jhargaon	3	367	266794	920200	0
Jhargaon	20	67	196720	775221	0
Jhargaon	19	142	216950	800887	0
Jhargaon	20	390	209839	800087	0
Jhargaon	6	285	200026	825210	0
Jhargaon	25	290	218035	835016	0
Jhargaon	25	290	217863	836810	0
Jhargaon	34	530	292724	797783	0
Jhargaon	14	541	230192	856732	0
Jhargaon	14	276	225337	854349	0
Jhargaon	14	310	231471	842115	0
Jhargaon	14	310	231352	845395	0
Jhargaon	6	384	226991	842059	0
Jhargaon	14	454	247726	857577	0
Jhargawan	33	27	256228	831743	0
Jhargawan	4	495	251542	852875	0
Jharghatha	14	434	241703	863744	0
Jharghati	25	546	215994	840577	0
Jharghosda	25	368	218938	858987	0
Jhargota	12	348	324111	764067	0
Jhargura	6	17	219480	835230	0
Jharha	33	698	258554	810226	0
Jharha	33	654	260502	811922	0
Jharha	4	112	246706	842206	0
Jharha	14	673	243429	842784	0
Jharha	14	673	241073	843009	0
Jharha	14	434	243886	859447	0
Jharha	14	434	242167	859339	0
Jharha	14	434	240942	861670	0
Jharha Kalan	14	673	241983	840033	0
Jharha Khurd	14	673	242027	840037	0
Jharhar Dhondu	33	451	278189	796453	0
Jharhar Haripur	33	451	278097	796525	0
Jharhi Dhanawan	4	112	246553	841079	0
Jhari	20	151	193155	764471	0
Jhari	20	138	190793	772888	0
Jhari	31	346	190761	778173	0
Jhari	20	138	184429	775175	0
Jhari	20	67	198621	787259	0
Jhari	19	497	246791	821752	0
Jhari	20	390	208526	799225	0
Jhari	20	110	204870	792893	0
Jhari	14	673	244741	839115	0
Jhari	19	16	238323	764938	0
Jhari	19	313	249924	807323	0
Jhari	19	313	247343	808919	0
Jhari	33	584	255175	823266	0
Jhari	20	110	206476	795752	0
Jhari	20	110	200994	795087	0
Jhari	33	619	250551	810803	0
Jhari	20	112	201708	752759	0
Jhari	20	134	205760	800127	0
Jhari	20	134	200737	802045	0
Jhari	10	170	228999	744554	0
Jhari	4	112	250231	846786	0
Jhari	19	129	224912	747349	0
Jhari	34	617	289688	796870	0
Jhari	4	112	245717	841929	0
Jhari	14	673	241994	841069	0
Jhari	4	117	246161	846474	0
Jhari Baroda	19	129	225245	755727	0
Jhari Bigha	4	734	251115	847630	0
Jhari Jamli	19	239	216453	752591	0
Jhari Khurd	14	673	245519	840521	0
Jhari Nima	14	673	241055	840952	0
Jhari Pada	20	182	213319	740911	0
Jhari Purwa	33	659	271679	801274	0
Jhari Tanda	31	346	190681	778037	0
Jharia	14	562	223016	866908	0
Jharia	28	519	284103	749365	0
Jharia	4	718	248432	833991	0
Jharia	33	102	245030	832533	0
Jharia	19	338	242696	784102	0
Jharia	19	354	226485	797293	0
Jharia	33	488	272926	810691	0
Jharia	33	488	273222	807379	0
Jharia	14	633	243303	877023	0
Jharia	14	732	240269	856187	0
Jhariabahal	25	290	219784	843138	0
Jhariabita	4	491	263871	877315	0
Jhariag Dih	33	269	276112	821394	0
Jhariag Dih	33	269	273295	822498	0
Jhariagara	14	476	226986	849830	0
Jhariana	28	463	278694	766611	0
Jhariana	28	22	242916	738426	0
Jharianar	25	290	218961	840004	0
Jhariatola	14	434	241692	863647	0
Jhariatoli	14	416	228520	850029	0
Jhariatoli	14	310	232982	845931	0
Jhariatoli	14	310	231829	847112	0
Jhariba	14	673	241747	839544	0
Jharibad	14	434	241761	861441	0
Jharibahaltola	25	290	218942	843161	0
Jharidih	6	17	219899	830475	0
Jharidihi	6	627	202761	818813	0
Jharigan	6	-1	197170	823687	0
Jharigaon	34	413	296155	791108	0
Jhariguda	25	305	188128	824113	0
Jharihai	19	638	252006	803601	0
Jharikhera	19	337	239341	801785	0
Jharila	28	429	263252	772058	0
Jharimata	19	239	216255	749686	0
Jharina	33	724	288590	780626	0
Jharinga	19	461	226331	802536	0
Jharinwa	12	514	307287	772563	0
Jharipani	34	430	304239	780880	0
Jharipura	33	526	270033	779741	0
Jharitanr	14	454	244647	856361	0
Jharitoli	14	416	232690	852106	0
Jharitoli	14	476	225365	841886	0
Jharivav	10	133	242105	728242	0
Jhariwa	14	673	244305	838789	0
Jhariwa	14	673	240316	840321	0
Jhariwala	27	700	308262	746657	0
Jhariya	19	484	257110	784929	0
Jhariya	33	102	242651	830474	0
Jhariya	33	102	244284	833290	0
Jhariya	14	712	242605	834443	0
Jhariya	19	497	249489	816868	0
Jhariya	19	646	244910	822230	0
Jhariya	19	313	248855	810309	0
Jhariya Mahal	4	718	249629	835452	0
Jhariyahi	33	584	256616	819881	0
Jharjakhaman	25	399	214084	850989	0
Jharjhari	25	546	214188	841586	0
Jharjhari	25	683	214133	845920	0
Jharjhila	28	463	279127	766820	0
Jharjhila Dhani	28	463	279140	766672	0
Jharka	28	463	278888	766117	0
Jharka	4	507	251604	848593	0
Jharka	4	535	263090	860401	0
Jharka	4	410	262024	867312	0
Jharkaha	4	632	260831	868779	0
Jharkaha	4	410	261766	869023	0
Jharkaha	4	602	254401	875159	0
Jharkali	19	153	221851	741799	0
Jharkariakheri	19	16	238143	768769	0
Jharkata	33	314	266281	832448	0
Jharkata	33	314	263661	833152	0
Jharkata	25	372	207807	841131	0
Jharkata	25	372	206696	844052	0
Jharkatha	33	516	258517	844696	0
Jharkatha	33	516	258549	844177	0
Jharkatia	33	152	268139	828564	0
Jharkatia	33	152	268094	827860	0
Jharkatia	14	673	240627	841892	0
Jharkatiya	33	-1	244301	827322	0
Jharkatiya	19	607	244530	827192	0
Jharkatta	6	676	200722	807587	0
Jharkhaman	25	372	205964	845897	0
Jharkhand	28	487	248059	766046	0
Jharkhand Bawa	33	522	270776	817705	0
Jharkhandi	33	553	293154	783994	0
Jharkhariya	4	394	253403	842717	0
Jharkhera	19	648	233694	771822	0
Jharkhera	19	648	229141	769109	0
Jharkheri	28	487	246306	769008	0
Jharkheri	33	316	293727	771976	0
Jharkheri	19	311	231534	762164	0
Jharkheri	19	648	229158	767401	0
Jharkhi	14	434	241771	859714	0
Jharkhuria	4	396	252440	870320	0
Jharkhurpa	19	503	228713	792526	0
Jharki	14	454	245211	855096	0
Jharkilinda	25	399	212812	850849	0
Jharkon	33	370	246761	785379	0
Jharkot	12	460	312206	779306	0
Jharkot	34	692	298760	798806	0
Jharkot	33	312	278821	802234	0
Jharkua	19	512	243525	800457	0
Jharkua	19	638	244499	797645	0
Jharkula Chatti	34	179	305394	795309	0
Jharkumunda	25	297	208622	840557	0
Jharkund	19	443	220358	777978	0
Jharkut	34	413	297787	792901	0
Jharkuwa	19	512	245163	800932	0
Jharla	28	298	256406	742390	0
Jharla	19	335	228725	745234	0
Jharlama	25	572	206350	823821	0
Jharli	11	586	284972	763850	0
Jharli	11	667	283770	762582	0
Jharli	28	302	262016	751893	0
Jharli	28	263	260760	742092	0
Jharlingi	25	349	191387	836980	0
Jharlo	19	16	236066	769769	0
Jharmahu	19	16	239265	763774	0
Jharmahui	4	457	270915	842948	0
Jharmal	25	290	219064	841440	0
Jharmal	25	546	217899	844991	0
Jharmari	27	608	304242	767890	0
Jharmokhli	6	275	209648	815165	0
Jharmunda	6	17	218069	833711	0
Jharmunda	25	478	214544	833598	0
Jharmunda	25	478	214230	834716	0
Jharmunda	25	478	212214	833305	0
Jharmunda	25	290	217329	838052	0
Jharmunda	25	290	216792	839302	0
Jharmunda	25	546	214315	838956	0
Jharmunda	25	273	198895	834187	0
Jharmunda	25	290	219507	841773	0
Jharmunda	25	546	215142	841416	0
Jharmunda	25	546	215553	841986	0
Jharmunda	25	546	218576	844457	0
Jharmunda	25	546	216680	843865	0
Jharmunda	25	683	216625	847178	0
Jharmunda	25	372	207666	841008	0
Jharmunda	25	372	206796	841365	0
Jharmunda	25	546	209609	842888	0
Jharmunda	25	399	209148	844727	0
Jharmunda	25	546	216653	840252	0
Jharmunga	14	498	235892	859417	0
Jharmura	6	393	214232	827642	0
Jharna	6	669	220626	827989	0
Jharna	33	102	247227	833555	0
Jharna	14	673	243951	838644	0
Jharna	33	196	246399	823527	0
Jharna	33	314	264211	834563	0
Jharna	19	449	227806	809101	0
Jharna	14	379	243609	845409	0
Jharna	4	106	246431	854060	0
Jharna	4	112	245306	843667	0
Jharna	14	434	241679	862154	0
Jharna	4	505	249202	864842	0
Jharna Kalan	14	673	243319	839251	0
Jharna Khurd	14	673	243353	839253	0
Jharnamal	25	572	204307	825840	0
Jharnaoda	19	303	233708	760726	0
Jharnasa	14	276	225080	854090	0
Jharnatola	14	673	240253	840840	0
Jharnatola	14	673	240600	841627	0
Jharnatola	14	442	252374	874793	0
Jharnatoli	14	377	237813	855832	0
Jharnawa	4	106	247385	859656	0
Jharni	19	16	241905	763112	0
Jharni	12	604	311783	766958	0
Jharni	19	335	230538	743357	0
Jharni	25	546	217314	839530	0
Jharnia	10	124	236001	736140	0
Jharnia	19	335	227693	747263	0
Jharnitoli	14	740	233837	845721	0
Jharniyan	19	16	241819	763094	0
Jharnoinda	25	399	208875	847057	0
Jharo	14	310	228446	848772	0
Jharo Kalan	33	102	241844	831688	0
Jharo Khurd	33	102	241817	831490	0
Jharoda	28	115	263376	765287	0
Jharoda	28	429	262737	766951	0
Jharoda	11	500	283668	764052	0
Jharoda	28	288	282647	759325	0
Jharog	12	460	312147	770851	0
Jharog	12	460	312487	770718	0
Jharoguda	20	134	193986	805984	0
Jharoka	12	460	311287	773354	0
Jharokhari	11	524	278448	772788	0
Jharol	28	22	243677	735322	0
Jharol	28	22	242252	738879	0
Jharol	28	298	252653	740868	0
Jharol	28	428	263539	749390	0
Jharol	28	402	250785	749922	0
Jharola	19	338	242921	790088	0
Jharola	10	170	230840	740256	0
Jharoli	28	23	248190	730284	0
Jharoli	28	463	277118	766263	0
Jharoli	28	115	265929	766207	0
Jharoli	28	113	272489	775582	0
Jharoli	27	665	322963	757165	0
Jharoli	12	39	322859	759394	0
Jharoli	12	39	321467	758957	0
Jharoli	28	609	240477	743540	0
Jharon	27	571	301321	756484	0
Jharot	12	460	311296	773438	0
Jharota	28	487	248081	764937	0
Jharoti	12	267	315213	772201	0
Jharotoli	14	740	233393	848816	0
Jharpa	19	446	223471	770267	0
Jharpa	19	446	221915	771936	0
Jharpa	33	102	247656	833344	0
Jharpa	4	718	247093	835943	0
Jharpadar	25	373	204908	843832	0
Jharpai	19	324	241780	772733	0
Jharpal	19	324	241719	772710	0
Jharpali	6	611	215938	831124	0
Jharpali	34	589	299544	789530	0
Jharpali	25	478	215731	834450	0
Jharpani	25	281	217438	852230	0
Jharpara	20	168	208001	799875	0
Jharpat	20	67	200766	788909	0
Jharpat	6	517	220163	810422	0
Jharpi	33	102	247678	833341	0
Jharpiya	33	102	245203	828866	0
Jharpiya	33	102	245096	828891	0
Jharpo	14	732	240571	855813	0
Jharpokharia	25	368	221730	866457	0
Jharponiya	19	208	236575	782633	0
Jharpur	33	389	271070	784260	0
Jharpur	25	546	216134	845029	0
Jharpura	33	370	249206	784429	0
Jharpura	33	526	270328	781763	0
Jharpura	33	526	269485	776442	0
Jharpura	28	599	267897	778564	0
Jharpura	28	-1	269101	780655	0
Jharpura	33	553	294996	784739	0
Jharra	6	669	219482	827509	0
Jharra	6	388	219491	830725	0
Jharradabar	19	335	229257	745021	0
Jharrajing	25	372	205798	844110	0
Jharru ka Khera	28	298	258029	743028	0
Jharsa	33	659	276080	800185	0
Jharsa Alampur	33	659	276016	800056	0
Jharsaila	11	664	303652	771401	0
Jharsan	4	636	259191	865926	0
Jharsanga	25	373	204497	841193	0
Jharsar Bara	28	519	285327	752356	0
Jharsar Chhota	28	519	285397	752110	0
Jharsar Kanran	28	519	288259	750188	0
Jharsaram	25	572	202752	827146	0
Jharsawan	33	488	273497	808591	0
Jharsawan	33	31	271952	811096	0
Jhart	34	589	296717	788591	0
Jhartalai	19	446	223941	772431	0
Jharu Majra	11	664	302980	770681	0
Jharu Majra	11	664	303059	766735	0
Jharu Nangal	27	214	315861	751895	0
Jharua	14	628	230858	858787	0
Jharupara	25	290	217742	835850	0
Jharurela	6	393	214413	828396	0
Jharutola	6	517	217454	812138	0
Jharutola	14	498	237371	858906	0
Jharwa	33	314	267103	833628	0
Jharwa	33	539	266860	842652	0
Jharwa	4	382	265439	847356	0
Jharwa	35	452	244028	879755	0
Jharwa Chhapra	33	539	267870	839821	0
Jharwachharantola	14	673	243531	843867	0
Jharwahn	12	653	314227	774401	0
Jharwahni	12	267	315572	769873	0
Jharwai	11	415	286875	761147	0
Jharwan	33	431	297157	772815	0
Jharwania	33	584	249651	822047	0
Jharwasa	28	428	262028	747200	0
Jharwatola	19	142	219496	807952	0
Jhasani	34	413	296261	795235	0
Jhasi	33	661	272798	795240	0
Jhassu	33	659	274469	800768	0
Jhat	10	133	244876	723547	0
Jhat	10	133	244771	723652	0
Jhata	33	522	270333	821408	0
Jhatala	20	67	199747	782872	0
Jhatala Khurd	20	67	199835	782741	0
Jhatan	13	358	330309	757391	0
Jhatapara	25	290	219422	841139	0
Jhatar	12	348	325015	760351	0
Jhatatari	4	518	251269	865125	0
Jhatauli	33	451	278892	794697	0
Jhatawa	4	505	249788	864462	0
Jhatgaon	14	541	230154	856851	0
Jhatialisai	25	368	218482	859826	0
Jhatiari	25	368	218116	859138	0
Jhatibahali	25	277	208877	853221	0
Jhatikra	11	-1	285201	769637	0
Jhatingri	12	267	319470	768844	0
Jhatingri	12	267	314405	773029	0
Jhatka	12	348	325181	762441	0
Jhatka	4	535	265127	862975	0
Jhatkahia	4	535	266005	860314	0
Jhatkandi	34	589	299953	787245	0
Jhatkia	4	632	259707	867932	0
Jhatkia	35	587	259590	878588	0
Jhatku	33	282	278092	813383	0
Jhatkwali	34	692	298891	797910	0
Jhatnitola	14	416	229647	850871	0
Jhatnitoli	14	740	233488	846119	0
Jhatnitoli	14	740	234519	846143	0
Jhatnitoli	14	310	233165	847347	0
Jhatnitoli	14	310	233018	847729	0
Jhatra	27	545	309358	750401	0
Jhatri	34	589	298627	785942	0
Jhatta	33	566	284642	774521	0
Jhattiali	13	485	333413	742065	0
Jhatu Chak	4	117	248184	848571	0
Jhatwari	12	460	312023	778077	0
Jhau	19	465	257715	782009	0
Jhau	19	465	257716	782118	0
Jhau ka Nagla	33	278	268666	790238	0
Jhau ka Purwa	33	688	258422	816132	0
Jhau ka Purwa	33	688	258182	816308	0
Jhau ka Purwa	33	584	256234	817590	0
Jhau Khera	33	301	263934	810152	0
Jhau Lal Pande	33	522	270580	817553	0
Jhau Mednipur	33	698	259776	807043	0
Jhau Purwa	33	548	269053	795449	0
Jhau Purwa	33	522	271755	817267	0
Jhau Purwa	33	282	274207	818029	0
Jhaua	33	269	274414	825383	0
Jhaua	4	615	260921	843402	0
Jhaua	4	363	256250	845161	0
Jhaua	4	520	257487	849240	0
Jhaua	4	535	263362	862148	0
Jhaua	4	641	262430	874517	0
Jhaua	4	602	255973	877800	0
Jhaua Nagla	33	329	284480	791380	0
Jhaua Nagla	33	329	284432	791609	0
Jhauamani	4	590	260498	877564	0
Jhauapatti	4	520	258651	849262	0
Jhauara	33	575	262072	821598	0
Jhauari	4	641	261007	875147	0
Jhauatola	4	590	255627	871191	0
Jhauatola	4	520	258496	851223	0
Jhaudanga	35	432	229492	888514	0
Jhaude	33	522	270661	820017	0
Jhaugarh	33	637	265694	815970	0
Jhauha	33	661	274124	792328	0
Jhauha	33	661	274866	795355	0
Jhauhanan	33	269	275193	821234	0
Jhauhara	4	136	256189	859865	0
Jhauhni	33	269	275327	821252	0
Jhaujor	33	593	275795	791298	0
Jhaukudar	6	384	226874	842175	0
Jhaulia	19	335	229227	747460	0
Jhaulua Jali	34	530	292585	793304	0
Jhaund	19	459	262769	778692	0
Jhaund ka Pura	19	459	262921	778695	0
Jhaundpura	19	459	264266	779365	0
Jhaunhan	33	522	272031	818899	0
Jhauni	33	637	261319	817529	0
Jhauni Khera	19	-1	250336	804490	0
Jhauni Purwa	33	659	276615	801921	0
Jhauni Purwa	33	659	275647	802152	0
Jhauni Purwa	33	659	274112	800619	0
Jhauni Purwa	33	659	274045	800617	0
Jhaunka	12	39	320291	759766	0
Jhaunkapara	6	279	223173	820206	0
Jhaunpra	12	267	317650	768337	0
Jhaunpra	34	692	299601	799834	0
Jhaunt Kalan	19	325	223293	785221	0
Jhaunt Khurd	19	325	223282	785142	0
Jhaupur	33	698	259056	807998	0
Jhaura	19	497	246190	816593	0
Jhaura Chak	4	582	250157	870211	0
Jhaurah	4	136	256678	859207	0
Jhauri	4	590	259586	876125	0
Jhaurtola	4	581	256486	850320	0
Jhauwa	33	561	252925	826810	0
Jhauwa	4	590	257094	876762	0
Jhauwa	4	602	254849	876781	0
Jhauwa Kalan	33	314	264988	831973	0
Jhauwa Khurd	33	488	275474	810689	0
Jhauwa Khurd	33	314	264920	831972	0
Jhauwa Komar	33	623	270974	831129	0
Jhauwan	33	479	258526	832728	0
Jhauwari	4	590	258619	872286	0
Jhawa Kalan	33	488	276510	810016	0
Jhawaban	4	602	254966	877418	0
Jhawakot	33	496	270903	834132	0
Jhawali Dhani	28	120	275825	760373	0
Jhawalpura	19	322	263972	783568	0
Jhawanu	34	589	297792	785976	0
Jhawanu Sari	34	589	297732	785961	0
Jhawar	12	267	315087	770476	0
Jhawar	33	548	270420	795068	0
Jhawar	27	468	320020	753818	0
Jhawara	20	390	210955	796402	0
Jhawatari	14	434	245454	858369	0
Jhawe ka Pura	19	459	264248	776933	0
Jhayangpu Thach	12	83	317062	784180	0