Kadapa	1	221	144800	788235	344893
Kadayanallur	30	236	90728	773415	90364
Kadiri	1	426	141117	781598	89429
Kadi	10	161	232991	723336	81404
Kadungalur	16	173	100948	763211	39666
Kadur	15	97	135529	760116	34151
Kadodara	10	137	211616	729623	27336
Kadakkavoor	16	211	86792	767671	25362
Kadiganpalli	30	215	125232	782086	22714
Kadayal	30	435	84083	772658	21665
Kadikkad	16	232	106705	759798	19147
Kadachira	16	256	118370	754490	18979
Kadipur	8	737	287740	771631	18369
Kadod	10	137	212172	732197	16747
Kadamakudi	16	173	100642	762457	16295
Kadaura	33	710	259854	798384	13784
Kadaiya	7	728	204645	728543	12717
Kadiyampatti	30	51	118720	780961	11390
Kadattur	30	109	120861	782926	11382
Kadambuttur	30	220	130976	798623	11235
Kadannappalli	16	256	121000	752762	10430
Kadaparai	30	427	109992	780823	9574
Kadipikonda	31	61	179637	795098	8685
Kadipur	33	575	261678	823703	7472
Kadma	14	732	239874	853454	7239
Kadiganahalli	15	43	131688	776283	6587
Kadakola	15	74	121918	766657	6436
Kadaiyam	30	236	88204	773729	5430
Kadmat	18	746	112247	727748	5404
Kadambur	30	201	89974	778619	4512
Kadvad	15	59	148342	741765	4403
Kad	28	22	243828	737118	0
Kada	20	34	188962	750785	0
Kada	28	428	264698	749130	0
Kada	6	490	215032	810821	0
Kada Hammige	15	93	128223	763744	0
Kada Jamuda	14	276	221269	855516	0
Kadaba	15	92	132410	768630	0
Kadaba	15	55	127440	754611	0
Kadaba	15	93	125816	766142	0
Kadabageri	15	352	147147	760867	0
Kadabahalli	15	93	129661	766358	0
Kadaballi	15	93	122928	770429	0
Kadabanhalli	15	652	129748	757943	0
Kadabarahalli	30	109	122198	782831	0
Kadabettu	15	55	129313	750957	0
Kadabgal	15	652	129056	759918	0
Kadabgaon	20	131	174511	761550	0
Kadabgeri	15	59	147754	750298	0
Kadabgeri	15	43	129965	774331	0
Kadabinabail	15	97	136560	754875	0
Kadabur	15	71	169861	769421	0
Kadaburu	15	422	135909	775760	0
Kadaburu	15	74	120415	765065	0
Kadach	10	711	213542	699174	0
Kadachchellipalaiyam	30	204	113523	773729	0
Kadachchinallur	30	223	113686	778033	0
Kadacheri	16	528	90983	769239	0
Kadadakatte	15	265	142224	756082	0
Kadadakatte	15	265	141225	756704	0
Kadadakatte	15	333	138554	756805	0
Kadadanamarri	15	422	136331	781256	0
Kadadanhalli	15	47	128670	779662	0
Kadadankere	15	246	137344	762611	0
Kadadarabenchi	1	99	151285	772163	0
Kadadaraguttapalle	1	99	150683	777660	0
Kadadarahalli	15	246	143344	767446	0
Kadadarakeri	15	50	162826	764991	0
Kadadarakunta	1	99	145271	773251	0
Kadadarakunta	1	99	147346	773940	0
Kadadarvalli	15	652	129992	759007	0
Kadadenhalli	15	47	130035	779118	0
Kadadhakumritota	15	248	134336	750372	0
Kadadhal	15	97	130660	756185	0
Kadadhalli	15	655	156451	754097	0
Kadadi	20	78	208070	749839	0
Kadadi	15	583	155859	756345	0
Kadadia	25	399	215192	852914	0
Kadadih	14	643	242030	875392	0
Kadadih	35	347	240627	875367	0
Kadadukai	15	333	138724	749461	0
Kadaga	15	652	130811	761014	0
Kadagakkudi	30	257	109473	796204	0
Kadagakoppal	15	652	130900	761028	0
Kadagal	30	255	112297	787689	0
Kadagam	30	257	109766	797164	0
Kadagaman	30	192	120551	791723	0
Kadagampalli	16	211	85027	769188	0
Kadagampatti	30	436	99097	788505	0
Kadagampattu	30	197	120300	796740	0
Kadagampundi	30	197	122016	794257	0
Kadagandi	1	194	185865	838765	0
Kadagandivalasa	1	194	185861	838843	0
Kadaganhalli	30	204	116920	772568	0
Kadaganthirudipalaiyam	30	227	110125	774070	0
Kadaganur	30	197	119834	792632	0
Kadagarvalli	15	652	128411	757197	0
Kadagassheri	16	148	108502	759942	0
Kadagattur	15	47	132361	779798	0
Kadagatturu	15	92	137464	774559	0
Kadagavalasa	1	194	187654	835143	0
Kadaghati	25	349	199122	834120	0
Kadagrahar	15	43	130800	776917	0
Kadaguda	6	578	194014	820438	0
Kadagunta	1	45	140822	796784	0
Kadah	15	248	133580	750225	0
Kadahar	4	106	248891	858443	0
Kadahatti	30	204	117324	772777	0
Kadahi	12	460	310965	774922	0
Kadahole	15	248	133561	750122	0
Kadahra	33	33	256734	828579	0
Kadai	4	718	250301	837738	0
Kadai Bungalow	15	652	129299	757809	0
Kadaiambalanayakkanur	30	183	105351	781392	0
Kadaikkanallur	30	198	113189	797299	0
Kadaikkanpatti	30	193	105779	784859	0
Kadaikkaranpalaiyam	30	427	109901	778799	0
Kadaipichchanpatti	30	260	104848	783099	0
Kadaiyakulam	30	5	92345	785231	0
Kadaiyam	30	197	120697	793228	0
Kadaiyanendal	30	436	98202	788286	0
Kadaiyankudi	30	436	101078	789596	0
Kadaiyanodai	30	201	85937	779766	0
Kadaiyanur	30	183	105313	781380	0
Kadaiyur	30	227	109820	775166	0
Kadaiyurvalasu	30	227	109485	776857	0
Kadajaint	14	276	220968	857723	0
Kadajana	20	141	205342	788807	0
Kadajetti	15	74	120051	765101	0
Kadajit	25	580	198177	856974	0
Kadajji	15	265	145032	759800	0
Kadakachchanahalli	15	47	131230	784383	0
Kadakadappai	30	254	108008	791799	0
Kadakadu	30	198	111812	798496	0
Kadakara	16	173	101071	762208	0
Kadakaraisembadakuppam	30	197	120772	798912	0
Kadakatla	1	307	168188	815144	0
Kadakawadi	20	53	194574	760013	0
Kadakella	1	194	187065	835619	0
Kadakkad	16	216	92234	766881	0
Kadakkal	16	528	88333	769210	0
Kadakkam	30	198	112092	796168	0
Kadakkam	30	198	110547	796911	0
Kadakkattu Paracheri	30	435	81274	774645	0
Kadakkavur	16	211	86807	767689	0
Kadakkinaru	30	264	99859	781737	0
Kadakkod	16	528	89566	767446	0
Kadakkottai	30	227	108099	777573	0
Kadakodu	30	114	114434	768490	0
Kadakol	15	71	168732	764908	0
Kadakoli	15	333	137617	750294	0
Kadakolla	15	352	147968	761183	0
Kadakolla	15	352	147531	764818	0
Kadakonda	1	176	180124	830091	0
Kadakothanahalli	15	93	124544	769877	0
Kadakpura	19	648	229109	765784	0
Kadakshivanendal	30	264	99779	781705	0
Kadakunta	15	333	140293	747791	0
Kadakvadi	20	150	192833	743667	0
Kadakwadi	20	151	192400	765569	0
Kadal	33	102	242062	831811	0
Kadal	28	22	239634	736224	0
Kadal	4	117	244272	850036	0
Kadal	14	541	234232	854096	0
Kadal Kurmi	14	673	243892	838483	0
Kadala	25	277	207508	852730	0
Kadalabalu	15	352	150851	762010	0
Kadaladi	30	192	124042	789650	0
Kadaladi	30	5	92233	784966	0
Kadalagala	15	93	124849	769624	0
Kadalagere	15	93	126662	766662	0
Kadalai Kattuppudur	30	227	108133	774433	0
Kadalaikkattuppudur	30	227	109731	775095	0
Kadalamangalam	30	159	126424	797952	0
Kadalangudi	30	230	107016	797198	0
Kadalangudi	30	257	109316	795142	0
Kadalangudi	30	198	111781	795599	0
Kadalangudi	30	198	110898	795830	0
Kadalanjipatti	30	436	100850	784983	0
Kadalaveni	15	422	136001	774654	0
Kadalbal	13	412	340109	749136	0
Kadalbal	13	76	338978	745254	0
Kadalbera	14	276	224768	858822	0
Kadaldih	14	416	228691	853921	0
Kadaldih	14	416	228397	854843	0
Kadalge-budrukh	20	57	159437	743583	0
Kadalge-khurd	20	57	159392	743481	0
Kadalgori	14	379	243279	849462	0
Kadali	31	346	191232	782132	0
Kadali	20	616	199655	770429	0
Kadali	30	197	123062	793961	0
Kadali	30	198	110550	797369	0
Kadalibadi	25	281	214716	855394	0
Kadalibana	25	674	205866	865211	0
Kadalibandh	25	527	200042	849956	0
Kadalibari	25	527	204262	849291	0
Kadalibasta	25	527	201662	851578	0
Kadaliberni	25	399	207710	847610	0
Kadalidihi	25	546	213861	843769	0
Kadaligarh	25	423	201946	847234	0
Kadaliguda	25	349	192207	834265	0
Kadalimunda	25	478	210299	830104	0
Kadalimunda	25	683	217099	846757	0
Kadalimunda	25	683	216441	847123	0
Kadalimunda	25	399	209186	844007	0
Kadalimunda	25	399	209241	847592	0
Kadalipal	25	399	212632	850345	0
Kadalipal	25	277	208326	854980	0
Kadalipal	25	683	214493	848158	0
Kadalipura	15	93	126318	770479	0
Kadalkazhikaraparattu	22	-1	83353	771480	0
Kadalkecha	14	276	224954	853201	0
Kadalkudi	30	201	92049	782432	0
Kadallat	16	233	115556	761979	0
Kadalpaliyur	30	223	114662	778161	0
Kadalpur	33	686	264745	795801	0
Kadalsukua	14	276	223560	854178	0
Kadalu	15	652	129384	760259	0
Kadalur	1	-1	124543	801302	0
Kadalur	16	252	113937	757193	0
Kadalur	16	252	114667	756348	0
Kadalur	30	5	96285	789379	0
Kadalur Sanarkudi	30	5	96256	789360	0
Kadaluru	1	99	148441	768682	0
Kadaluru	15	93	126345	770748	0
Kadaluru	1	45	136798	799982	0
Kadam	33	116	277232	792274	0
Kadam	25	273	199317	833224	0
Kadam	30	436	99445	788929	0
Kadam	4	410	261262	865347	0
Kadam	3	341	273159	941492	0
Kadam ka Bad	28	115	263528	763786	0
Kadam Kunj	28	113	271556	775389	0
Kadamadai	30	109	122787	780772	0
Kadamadugu	30	109	120565	779391	0
Kadamage	15	652	135043	763791	0
Kadamageri	15	72	166916	766547	0
Kadamaguda	25	349	198586	834735	0
Kadamaguntla	1	228	152699	776551	0
Kadamaha	25	373	201953	844867	0
Kadamalaikkundu	30	189	98110	775040	0
Kadamalaippatti	30	436	103651	784689	0
Kadamalaiputtur	30	238	123682	797805	0
Kadamalakonda	1	228	155715	778235	0
Kadamalakonda	1	228	155683	778414	0
Kadamalakunta	1	99	149658	773390	0
Kadamalakunte	15	92	141125	773291	0
Kadamalavandlapalli	1	45	138218	795254	0
Kadamalkatte	15	246	144362	764422	0
Kadamanchenahalli	15	93	129445	767908	0
Kadamangalam	30	5	92188	783676	0
Kadamanjeri	30	220	133216	802615	0
Kadamanpatti	30	109	121498	786085	0
Kadamara	14	633	244122	877325	0
Kadamawadi	20	48	179199	760379	0
Kadamba	25	373	199188	836759	0
Kadamba	31	160	193803	796537	0
Kadambadi	30	154	110332	771615	0
Kadambadi	30	230	107842	798384	0
Kadambai	30	192	122277	791582	0
Kadambai	30	192	124816	794847	0
Kadambainellur	30	158	130151	796989	0
Kadambakambe	30	154	112746	767806	0
Kadambakkudi	30	436	99585	789893	0
Kadambakkudi	30	436	97852	787813	0
Kadambakkudi	30	5	97803	789411	0
Kadambakkurichchi	30	427	110676	780707	0
Kadambalam	30	223	113049	784203	0
Kadambanad	16	216	90900	766850	0
Kadambanendal	30	5	97071	789777	0
Kadambangudi	30	254	110916	794269	0
Kadambangudi	30	254	108430	790418	0
Kadambangudi	30	257	109271	795094	0
Kadambangudi	30	254	108159	789034	0
Kadambankovil	30	193	105459	790032	0
Kadambankudi	30	436	97282	783427	0
Kadambankudi	30	436	97537	785122	0
Kadambankudi	30	436	97238	786003	0
Kadambankudi	30	5	93492	787314	0
Kadambankulam	30	186	83356	776071	0
Kadambankulam	30	118	97328	780829	0
Kadambankulam	30	118	95843	781916	0
Kadambankulam	30	118	95136	780026	0
Kadambankulam	30	118	96348	783869	0
Kadambankulam	30	5	94062	784146	0
Kadambankulam	30	5	93746	784901	0
Kadambankulam	30	436	98012	786579	0
Kadambankulam	30	5	93303	785135	0
Kadambankulam	30	236	90623	774188	0
Kadambapatti	30	193	103883	785861	0
Kadambappatti	30	193	105796	788003	0
Kadambaravalkkarai	30	230	107847	797766	0
Kadambarayapatti	30	193	104613	786516	0
Kadambarkoil	30	159	127049	797485	0
Kadambaru	16	294	127180	749163	0
Kadambasingi	1	194	188692	837921	0
Kadambazhipuram	16	253	108858	764564	0
Kadambdurha	25	683	214495	847634	0
Kadambera	14	628	227839	859156	0
Kadambera	14	628	227915	859149	0
Kadambi Kallu	15	55	127641	753126	0
Kadambilabal	15	55	126835	755615	0
Kadambiri	1	258	183501	824677	0
Kadambiri	1	258	183326	824679	0
Kadambodai	30	5	93105	786684	0
Kadamboduvalvu	30	186	84918	775954	0
Kadambu	15	55	127681	750821	0
Kadambur	15	69	120142	775082	0
Kadambur	30	197	122698	794760	0
Kadambur	30	238	125450	797620	0
Kadambur	16	253	108426	764112	0
Kadambur	30	257	107696	794069	0
Kadambur	30	5	99151	789299	0
Kadambur	30	376	119397	790512	0
Kadambur	30	376	116949	791097	0
Kadambur	30	369	110105	792297	0
Kadambur	30	51	115018	786040	0
Kadambur	30	255	114234	787209	0
Kadamburpatti	30	264	101052	783754	0
Kadamdandwa	33	280	271322	828249	0
Kadamdanga	35	-1	243672	877870	0
Kadamdi	25	262	219383	853505	0
Kadamdih	14	541	232464	856937	0
Kadamdih	14	476	224461	843493	0
Kadamdih	14	310	227956	848804	0
Kadamdiha	14	276	225333	855299	0
Kadamdiha	14	628	227794	858238	0
Kadamdiha	14	628	227439	859112	0
Kadamdiha	14	628	226591	859478	0
Kadamdiha	14	276	221515	858796	0
Kadamdihi	25	290	217631	836980	0
Kadamdihi	25	262	219536	840365	0
Kadamenasa	15	93	127295	764849	0
Kadameri	16	252	116370	756690	0
Kadamgachhi	4	590	258454	876078	0
Kadamgachhi	4	602	257037	878873	0
Kadamgachhi	4	602	255371	878621	0
Kadamgachhi	4	602	255876	879078	0
Kadamgachhi	4	491	261527	876938	0
Kadamgachi	14	633	245510	877305	0
Kadamgaria	14	643	241635	876904	0
Kadamghat	25	290	217954	835454	0
Kadamguda	25	273	199823	834104	0
Kadamguda	25	273	196775	833557	0
Kadamguda	6	578	190168	821978	0
Kadamguri	3	684	264559	899974	0
Kadamguri	3	367	266602	920188	0
Kadamkachhar	6	384	227821	840826	0
Kadamkottai	30	215	123881	779476	0
Kadammal	25	546	214923	839466	0
Kadammal	25	546	217196	842174	0
Kadampadar	25	373	204034	840608	0
Kadampadi	30	238	125960	801486	0
Kadampal	6	392	186638	812909	0
Kadampal	6	392	186499	812813	0
Kadampala	15	55	128173	755237	0
Kadampalli	31	272	169620	777009	0
Kadamparai	16	253	110852	766979	0
Kadamparai	30	154	103928	770455	0
Kadampatti	30	193	105581	791468	0
Kadampatti	30	260	104488	783586	0
Kadampatti	30	264	101794	783747	0
Kadampatti	30	193	103072	786140	0
Kadampatti	30	51	116957	780079	0
Kadampattukonam	16	528	88008	767678	0
Kadampuliyur	30	175	117046	795533	0
Kadampur	15	583	153478	757124	0
Kadampur	33	278	269731	792882	0
Kadampur	14	442	251329	875912	0
Kadampur	14	633	245343	877729	0
Kadampur	14	434	243978	863106	0
Kadampura	28	428	265435	749958	0
Kadamsai	14	633	245994	878870	0
Kadamsara	19	217	229413	818933	0
Kadamsingh ka Bas	33	525	295513	779552	0
Kadamtal	4	495	250672	855056	0
Kadamtala	35	452	245999	879804	0
Kadamtanr	14	541	233985	857624	0
Kadamtola	3	715	264083	906491	0
Kadamtola	3	585	266405	914640	0
Kadamtola	19	142	215550	804415	0
Kadamtola	4	590	257837	872558	0
Kadamtola	35	587	258245	879221	0
Kadamtola	14	633	246593	877173	0
Kadamtoli	4	491	261817	879197	0
Kadamtoli	14	541	234953	850551	0
Kadamtoli	14	476	224998	850534	0
Kadamtoli	14	476	225978	850107	0
Kadamtoli	14	740	233995	845653	0
Kadamtoli	14	310	230627	845382	0
Kadamtoli	6	384	228886	841329	0
Kadamtoli	6	384	228922	841925	0
Kadamtoli	14	476	225795	841132	0
Kadamtoli	14	476	225822	841252	0
Kadamtoli	14	476	226285	841124	0
Kadamtoli	6	384	226809	841237	0
Kadamtoli	6	384	226863	841690	0
Kadamtoli	14	310	228695	844041	0
Kadamtoli	14	310	228980	844424	0
Kadamtoli	14	476	227885	844472	0
Kadamtoli	14	476	226798	842929	0
Kadamtoli	14	476	227031	843488	0
Kadamtoli	14	310	227566	845187	0
Kadamtoli	14	310	228394	846571	0
Kadamtoli	14	476	227311	848583	0
Kadamtoli	14	476	226355	849956	0
Kadamtoli	14	476	224439	848949	0
Kadamtoli	14	476	224501	849246	0
Kadamu	25	305	186487	825907	0
Kadamunda	25	372	206793	842546	0
Kadamuttanpatti	30	436	100112	784605	0
Kadamwadi	20	34	187312	760310	0
Kadamwadi	20	48	178982	761679	0
Kadamwadi	20	138	188030	771028	0
Kadamwatan	4	718	247678	834495	0
Kadan Patti	33	479	260403	829171	0
Kadana	10	140	232891	738388	0
Kadana	11	565	306252	771277	0
Kadana	12	39	321695	759245	0
Kadana	20	185	212206	747313	0
Kadanadu	30	114	114607	767182	0
Kadanaduppuram	30	186	84593	777492	0
Kadanallur	30	220	132880	801115	0
Kadananenivaripalli	1	6	144745	796226	0
Kadanavayal	30	230	103642	797812	0
Kadancheri	16	148	108264	759909	0
Kadanda	14	673	244323	838865	0
Kadandakudi	30	254	104674	794386	0
Kadandalaje	15	248	131989	751250	0
Kadandale	15	55	131145	749196	0
Kadandapatti	30	223	114017	781772	0
Kadaneri	30	118	96294	777217	0
Kadaneri	30	5	94765	784463	0
Kadaneri	30	436	99605	785736	0
Kadanga	25	499	199593	819596	0
Kadangambattu	30	376	119098	789319	0
Kadangamurur	15	188	122183	757551	0
Kadanganeri	30	236	89228	775504	0
Kadangilavayal	16	233	117652	758361	0
Kadangipatti	30	436	97755	784375	0
Kadangudi	30	5	97532	789798	0
Kadanibaru	25	349	199377	834554	0
Kadanjadi	30	436	97702	784347	0
Kadankanhalli	15	603	125087	771827	0
Kadankop	15	655	152630	750456	0
Kadankulam	30	186	84872	777695	0
Kadankupu	15	603	126176	772970	0
Kadannamanna	16	148	110372	761603	0
Kadanpur	33	479	259514	827596	0
Kadanpur	33	532	263974	825599	0
Kadantirutti	30	230	105740	797550	0
Kadanu	12	460	313220	774695	0
Kadanur	15	375	132434	774552	0
Kadanur	15	188	122258	757782	0
Kadanur	15	188	122163	757772	0
Kadanvangiyur	30	427	107350	783476	0
Kadapa	16	528	90425	765843	0
Kadapa	16	528	90294	765994	0
Kadapada	25	281	213150	853459	0
Kadapagunta	1	207	131886	792247	0
Kadapalakere	15	92	141404	772342	0
Kadapalli	1	207	128236	783752	0
Kadapanagayyapalle	1	221	146106	781984	0
Kadapanandal	30	197	123411	792126	0
Kadapanandal	30	192	125656	793255	0
Kadapara	25	399	208690	843311	0
Kadaparajupalle	1	195	158990	790755	0
Kadapatra	1	45	137837	801649	0
Kadapatti	30	260	106766	785447	0
Kadapavadlapalle	1	426	140225	781260	0
Kadapavaripalle	1	190	140985	786149	0
Kadapayapalle	1	221	145138	788732	0
Kadapgal Buzurg	31	58	182894	777587	0
Kadapillaiyarpatti	30	193	105958	787938	0
Kadaplamattom	16	261	97155	766070	0
Kadaponaral	15	248	132526	750342	0
Kadaponaral	15	248	132834	749978	0
Kadappakada	16	528	88930	766032	0
Kadappakkam	30	220	133795	802938	0
Kadappakkam	30	238	124101	799149	0
Kadappalaiyam	30	227	111775	774280	0
Kadappalli	30	223	112814	781365	0
Kadappamadai	30	204	112503	775478	0
Kadappamarattuppatti	30	260	106256	782842	0
Kadappanallur	30	204	115605	777315	0
Kadappanendal	30	436	101039	789614	0
Kadappangulam	30	436	98667	786831	0
Kadappantangal	30	192	125794	794145	0
Kadappanthangal	30	158	129150	793909	0
Kadappanthangal	30	158	128329	794111	0
Kadappanvayal	30	436	100618	789349	0
Kadappasandampatti	30	215	123885	783595	0
Kadapperi	30	158	128990	794398	0
Kadapperi	30	238	125076	798915	0
Kadapperi	30	238	123302	798411	0
Kadapperikuppam	26	-1	119769	797335	0
Kadappuram	16	232	105475	760231	0
Kadapuram	16	173	101739	761674	0
Kadar	12	460	312416	776982	0
Kadar	13	477	327466	755132	0
Kadar	16	294	125947	750894	0
Kadar	25	546	211789	841194	0
Kadar Bakhsh	33	522	271591	819869	0
Kadar Chak	4	582	250463	867196	0
Kadara Gurha	28	550	249647	736545	0
Kadarabad	11	439	298899	770334	0
Kadarabad	1	228	157966	780874	0
Kadaraban	12	460	312219	770706	0
Kadaragumma	25	349	195213	834188	0
Kadarahalli	15	66	154907	761419	0
Kadarahatti	15	652	128669	761817	0
Kadaramapalle	1	99	147063	770169	0
Kadarampalle	1	99	142839	770672	0
Kadarampalle	1	99	145565	773066	0
Kadaranahalli	15	265	142768	758701	0
Kadaranayakanhalli	15	265	144204	756897	0
Kadaranhalli	15	43	130416	774481	0
Kadarapur	15	80	167400	763710	0
Kadarapur	15	422	133021	779306	0
Kadarapura	15	92	129317	770393	0
Kadarayyanahalli	15	352	148155	765658	0
Kadarbari	33	593	279269	787484	0
Kadarchunan	4	117	245133	852072	0
Kadarenahalli	15	422	136886	776234	0
Kadarenhalli	15	92	133346	771949	0
Kadarenhalli	15	422	136110	774036	0
Kadarenhalli	15	422	133918	776862	0
Kadarenhalli	15	47	128726	781484	0
Kadarenhalli	15	47	129577	781722	0
Kadarennagarikota	15	422	138266	780544	0
Kadarevu	1	258	181175	830151	0
Kadarganj	28	599	268924	777953	0
Kadarganj	34	589	296800	785215	0
Kadarganj	4	518	251155	865483	0
Kadargarh	33	431	299797	773676	0
Kadargi	15	71	171668	770157	0
Kadarguda	25	108	183566	822801	0
Kadarhal	15	72	163362	764856	0
Kadari	6	669	220520	827698	0
Kadari	19	638	248231	796792	0
Kadari	34	489	297310	798981	0
Kadaria Kotal	12	267	313669	772952	0
Kadaridevarahalli	15	422	135040	775454	0
Kadaridih	25	281	217114	852510	0
Kadariganahalli	1	-1	130144	784544	0
Kadarikota	1	258	178380	819281	0
Kadarikuppam	30	215	125481	782891	0
Kadarikuppam	30	220	130658	793396	0
Kadarikuppam	30	158	131145	795320	0
Kadarippatti	30	183	102662	778992	0
Kadaripura	15	47	129808	784137	0
Kadarivaripalle	1	221	144276	785136	0
Kadarjot	28	113	276538	770453	0
Kadarlankaguda	1	194	188412	837399	0
Kadarmandalgi	15	91	146433	755160	0
Kadarmangal	15	603	127365	770886	0
Kadarnagar	28	463	277596	765587	0
Kadarnatta	15	47	127787	782003	0
Kadaroligadde	15	47	134275	782249	0
Kadarpalaiyam	30	204	112837	775923	0
Kadarpatti	30	260	106950	786573	0
Kadarpokhar	14	643	241342	875571	0
Kadarpur	19	208	242003	777499	0
Kadarpur	33	31	269664	812188	0
Kadarpur	33	605	267485	817716	0
Kadarpur	20	112	200626	751110	0
Kadarpur Masti	33	492	286814	787409	0
Kadarpur Nanon	33	553	295786	784476	0
Kadarpura	28	487	246706	769300	0
Kadarsapatti	30	264	99554	783435	0
Kadarsapuram	30	435	82266	774781	0
Kadarvedu	30	-1	133955	799476	0
Kadasampanai	30	186	85295	776487	0
Kadasettihalli	15	92	129157	768885	0
Kadasgatti	15	77	156454	748718	0
Kadashettihalli	15	91	148036	751935	0
Kadashir	35	347	243137	877660	0
Kadasikoppa	15	603	126935	774076	0
Kadasin	35	347	242032	877655	0
Kadasinakuppam	1	207	128466	784693	0
Kadasippalaiyam	30	197	119350	797524	0
Kadasolai	30	114	114707	766717	0
Kadasur	15	333	138723	751894	0
Kadasuru	15	333	143614	749963	0
Kadatanmale	15	43	132099	775456	0
Kadathanalu	15	93	124635	766687	0
Kadati	15	352	146616	758087	0
Kadatkheda	20	132	208598	771910	0
Kadatotapalle	1	207	130519	786155	0
Kadatti	30	436	99718	788678	0
Kadattippatti	30	254	107079	789046	0
Kadattiyur	30	51	115833	777710	0
Kadattur	30	215	127628	780436	0
Kadattur	30	154	111657	770459	0
Kadattur	16	528	90905	765401	0
Kadattur	30	204	114200	772855	0
Kadattur	30	227	106104	773981	0
Kadattur	30	376	117364	788789	0
Kadatturu	16	528	90974	765284	0
Kadatvadi	20	169	209213	770168	0
Kadatwadi	20	169	210505	770913	0
Kadauli	33	523	279920	782463	0
Kadauli	33	645	264995	796483	0
Kadaun	12	267	314212	772048	0
Kadaunan	33	329	283743	792126	0
Kadaur	12	604	310412	770871	0
Kadaura	33	621	258444	797223	0
Kadaura	33	417	251680	792546	0
Kadaura	33	522	268244	819559	0
Kadauwan	19	497	245391	818054	0
Kadavachcheri	30	175	113611	796981	0
Kadavachcheri	30	-1	119449	798116	0
Kadavakallu	1	99	148121	779220	0
Kadavakollu	1	68	163981	808528	0
Kadavakuduru	1	212	157261	802547	0
Kadavallur	16	232	105787	760789	0
Kadavambakkam	30	197	122967	798266	0
Kadavampatti	30	193	104696	786043	0
Kadavanad	16	148	107569	759362	0
Kadavani	30	215	123820	785496	0
Kadavanpur	15	47	128934	779587	0
Kadavant	15	97	133679	755649	0
Kadavappara	16	249	95577	769649	0
Kadavarahalli	15	652	130893	760564	0
Kadavarapalli	30	215	127044	781674	0
Kadavasal	30	198	112564	797732	0
Kadavayal	30	436	97745	787933	0
Kadavehattihundi	15	74	122213	767999	0
Kadavila	16	211	87247	768451	0
Kadavinabachahalli	15	652	127621	763344	0
Kadavinkattehundi	15	69	118999	768770	0
Kadavinkote	15	652	127961	762350	0
Kadavugere	15	246	136516	764494	0
Kadavukarai	30	154	112058	770450	0
Kadavur	30	427	105932	781907	0
Kadavur	16	234	92436	765051	0
Kadavur	30	264	100776	781744	0
Kadavurseri	16	528	89213	765937	0
Kadawa	19	635	228978	758989	0
Kadayakkudi	30	254	107956	788711	0
Kadayakkudi	30	193	103293	788284	0
Kadayakkudi	30	201	85799	781344	0
Kadayaluruttu	30	236	90269	774321	0
Kadayamhalli	30	109	122224	782796	0
Kadayampalaiyam	30	204	115279	774561	0
Kadayampatti	30	204	114588	776760	0
Kadayan	30	5	93463	785761	0
Kadayapatti	30	193	103660	787010	0
Kadayattu	16	528	89849	766781	0
Kadayattur	16	252	113624	759334	0
Kadayil	16	528	88451	767595	0
Kadayilkulamvattam	16	211	86860	768161	0
Kadayiruppu	16	173	100049	764544	0
Kadbal	15	59	146409	747264	0
Kadbatola	4	535	263859	860317	0
Kadbikheda	20	139	216124	793501	0
Kadboranhalli	15	92	128150	771098	0
Kadbur	15	69	117102	768198	0
Kadchal	31	32	178424	778194	0
Kadchinhalli	15	422	134632	775764	0
Kaddam	31	346	191005	787811	0
Kaddaral	15	50	160340	764651	0
Kaddargudem	31	240	178124	795921	0
Kadder	6	80	188915	809134	0
Kaddibbur	15	422	134708	777890	0
Kaddoni	15	50	162382	766933	0
Kaddu Dih	33	522	273462	821082	0
Kaddu Purwa	33	31	266983	812352	0
Kaddubhata	25	499	193152	821919	0
Kadduguda	25	108	185013	822335	0
Kaddupodoro	25	108	186281	821880	0
Kaddutanr	4	687	257427	854502	0
Kaddvakutipalle	1	190	142628	787318	0
Kade	14	379	242831	849914	0
Kadebail	15	97	133881	755626	0
Kadeburu	15	55	128485	755034	0
Kadechur	15	72	165182	773289	0
Kadegadde	15	333	137643	751901	0
Kadegadde	15	74	118592	761269	0
Kadegaon	20	65	173008	743307	0
Kadegaon	31	160	194398	793720	0
Kadegarje	15	652	130437	758251	0
Kadehalli	15	71	170666	768594	0
Kadehalli	15	422	137651	777482	0
Kadehl	12	267	313049	773087	0
Kadehoda	15	246	141940	769315	0
Kadehr	12	267	313062	773019	0
Kadehr	12	653	314471	774501	0
Kadehr	12	39	319116	763957	0
Kadehr	12	39	318224	763049	0
Kadehri	12	460	311355	773261	0
Kadekai	31	218	185308	804321	0
Kadekar	15	248	133250	747266	0
Kadekatigaru	15	97	133342	755609	0
Kadekodi	15	59	143819	744105	0
Kadekodipalya	15	92	133609	771023	0
Kadellavaripalle	1	190	142188	786765	0
Kadelmunda	25	290	217780	838572	0
Kadelpita	25	290	218181	838408	0
Kademada	15	188	121614	758853	0
Kademadakal	15	97	131622	756752	0
Kademakki	15	333	135967	753297	0
Kademane	15	97	134408	752618	0
Kademane	15	59	145342	745937	0
Kademanuganhalli	15	74	122582	761394	0
Kademvaripalli	1	190	142288	792648	0
Kadenahalli	15	93	128313	766622	0
Kadenahalli	15	93	126576	766663	0
Kadenahalli	15	47	132455	785123	0
Kadenandihalli	15	333	144272	753684	0
Kadepalli	1	207	127988	782772	0
Kadepur	20	65	172732	743020	0
Kadepura	4	602	256052	875708	0
Kader	12	653	314871	776763	0
Kadera	28	428	258075	750542	0
Kadera	12	460	311414	772999	0
Kadera	12	39	323570	759891	0
Kaderahar	33	445	271788	790073	0
Kaderanahalli	15	92	137347	771345	0
Kaderanahalli Junction	15	43	129138	775663	0
Kadergu	31	447	179086	789392	0
Kaderiyan ka Pura	19	322	266665	787475	0
Kadernu	12	653	314835	773377	0
Kadersabdoddi	15	603	124153	775118	0
Kadeshiyanhalli	15	92	129396	770987	0
Kadeshvalya	15	55	128365	751648	0
Kadevri	19	311	224770	764152	0
Kadgamdoddi	15	50	162404	774296	0
Kadganchi	15	71	174435	766601	0
Kadgaon	20	57	161919	739773	0
Kadgaon	4	590	259638	876481	0
Kadgaon	20	78	210595	756898	0
Kadgawan	4	491	264192	879031	0
Kadgawan	4	590	258932	874192	0
Kadgawan Kalan	14	379	243306	852559	0
Kadgawan Khurd	14	379	243278	852660	0
Kadgi	10	711	214545	699794	0
Kadgil	27	250	314839	749453	0
Kadgod	15	59	146440	747676	0
Kadgod	15	59	145528	750113	0
Kadgodi	15	43	129974	777646	0
Kadgujjanhalli	15	92	133244	772647	0
Kadhal	15	167	180262	772687	0
Kadhalabari	4	602	257481	879331	0
Kadhalli	15	91	150724	751711	0
Kadhalli	15	47	132736	779928	0
Kadhalli	15	93	124155	771970	0
Kadhalli	15	603	124209	773095	0
Kadhalli	15	69	119531	769288	0
Kadhamdiri	14	379	239526	850248	0
Kadhara Mal	14	570	250121	873298	0
Kadharab	12	460	310687	773030	0
Kadharab	12	460	309834	772105	0
Kadharan	12	460	310320	774874	0
Kadhari	12	460	311544	775050	0
Kadhari	12	604	309120	771698	0
Kadhasar	12	514	308507	771416	0
Kadhe	14	379	240828	847352	0
Kadheka	33	116	279941	794488	0
Kadhel	20	182	215840	743035	0
Kadhel	13	35	332850	761121	0
Kadheria	33	539	266831	841867	0
Kadhiali	12	270	317819	764417	0
Kadhlabari	35	587	257824	879645	0
Kadhli	33	525	291996	777928	0
Kadholi	20	139	211434	792498	0
Kadholi	20	110	201416	790837	0
Kadholi	20	78	209617	754948	0
Kadholi	20	134	197205	797916	0
Kadholi	20	110	199920	799413	0
Kadhre	20	78	205817	749061	0
Kadhu	11	500	282177	764886	0
Kadhur	20	78	209422	754908	0
Kadhwan	14	673	241936	839420	0
Kadhwan	14	673	242066	839605	0
Kadhwan	14	712	245020	836313	0
Kadi	21	537	253028	937733	0
Kadi Bigha	4	495	252786	855321	0
Kadi Chak	33	242	254088	829663	0
Kadi Majra	27	608	308221	766553	0
Kadi Sirur	15	97	134291	752254	0
Kadia	33	522	271160	816462	0
Kadia	33	623	268716	830320	0
Kadiadra	10	205	238877	730950	0
Kadiahi	4	112	248594	843876	0
Kadiahi	4	112	248701	843811	0
Kadian	28	463	279189	766605	0
Kadian	27	468	318491	750886	0
Kadian	27	355	310055	756539	0
Kadianapalli	30	215	124959	781753	0
Kadianwali	27	468	320979	752989	0
Kadianwali	27	468	320307	752893	0
Kadianwali	27	355	312492	755807	0
Kadiapattanam	30	435	81312	773067	0
Kadiapur	33	282	277036	816839	0
Kadiapur	33	637	262772	817774	0
Kadiapur	33	522	271276	817201	0
Kadiapur	33	532	263949	824702	0
Kadiapur	33	312	278689	809031	0
Kadiar	13	477	324624	755206	0
Kadichchambadi	30	254	110087	793621	0
Kadidinne	15	50	161351	769923	0
Kadidoddi	1	228	158931	770721	0
Kadigere	15	333	137917	750308	0
Kadigere	15	93	128931	766575	0
Kadiguda	6	578	192996	820906	0
Kadihalli	20	-1	160721	746055	0
Kadihalli	15	652	131653	761839	0
Kadihera	28	357	251022	760379	0
Kadika	16	216	91058	767629	0
Kadikadu	25	527	203761	845629	0
Kadike	15	248	139233	746540	0
Kadikkonpatti	30	193	106266	784788	0
Kadil	13	35	333136	761771	0
Kadil Sarai	33	312	277948	811105	0
Kadila	34	589	298561	790055	0
Kadilapura	15	92	135813	773174	0
Kadilbhavi	31	128	171576	787882	0
Kadili	28	487	249236	766964	0
Kadili	25	305	187261	829258	0
Kadilijholla	25	305	185863	825587	0
Kadilmunda	25	546	210441	842996	0
Kadilpur	4	495	252067	852074	0
Kadim	33	488	277073	812544	0
Kadim Purwa	33	605	267696	817290	0
Kadima	33	548	270905	795836	0
Kadimaha	25	373	199171	837780	0
Kadimaraka	25	349	199342	835181	0
Kadimetla	1	228	157376	775385	0
Kadimochi	27	544	312659	753983	0
Kadimpur	4	636	260431	865110	0
Kadinamkulam	16	211	85920	768300	0
Kadincha	12	653	320360	769996	0
Kadingsupa	25	273	196429	832420	0
Kadingunta	1	25	165875	810290	0
Kadini	12	604	308249	769752	0
Kadinippatti	30	193	104306	787739	0
Kadinkop	15	583	150635	754577	0
Kadipatti	30	183	107438	779424	0
Kadipur	28	357	249943	760924	0
Kadipur	19	502	239010	795165	0
Kadipur	33	27	255586	830944	0
Kadipur	33	242	254231	831037	0
Kadipur	33	27	257117	832724	0
Kadipur	33	27	256697	833673	0
Kadipur	33	564	259868	836705	0
Kadipur	33	27	257754	837138	0
Kadipur	33	27	257162	838422	0
Kadipur	33	688	259076	820208	0
Kadipur	33	688	258566	820485	0
Kadipur	33	688	259898	824228	0
Kadipur	33	33	257030	826589	0
Kadipur	33	33	256670	827380	0
Kadipur	33	242	252661	829363	0
Kadipur	33	242	253513	829539	0
Kadipur	33	33	257239	827568	0
Kadipur	33	488	273851	810682	0
Kadipur	33	522	269391	820956	0
Kadipur	13	412	338129	747778	0
Kadipur	33	605	266894	820625	0
Kadipur	33	605	265299	821109	0
Kadipur	33	605	265750	822312	0
Kadipur	33	575	264437	821070	0
Kadipur	33	605	266133	823966	0
Kadipur	33	479	259479	832466	0
Kadipur	33	479	258800	832365	0
Kadipur	33	27	257530	832332	0
Kadipur	33	575	260096	823490	0
Kadipur	33	33	261149	824847	0
Kadipur	33	532	264727	825876	0
Kadipur	33	479	262041	826932	0
Kadipur	33	479	258655	833099	0
Kadipur	33	27	257860	833982	0
Kadipur	33	532	264096	830411	0
Kadipur	33	479	262773	832796	0
Kadipur	33	564	260762	835974	0
Kadipur	33	584	255123	819859	0
Kadipur	33	312	278584	807744	0
Kadipur	33	637	264335	817366	0
Kadipur	4	520	258936	847583	0
Kadipur	35	452	241457	879330	0
Kadipur	33	532	262021	827750	0
Kadipur	33	27	257006	837004	0
Kadipur Bahadur	33	27	257057	833700	0
Kadipur Harkesh	33	479	261811	830925	0
Kadipur Kalan	4	597	254297	839332	0
Kadipur Khud Kasht	33	479	261809	831177	0
Kadipur Khurd	33	522	271252	817235	0
Kadipur Khurd	33	575	261289	823535	0
Kadipur Manpur	33	479	261582	831897	0
Kadipur Tiwari	33	479	261884	831203	0
Kadipura	13	76	340477	747082	0
Kadir	13	36	336994	749939	0
Kadir	4	457	271645	843348	0
Kadir Narasingapuram	30	189	99382	776003	0
Kadirabad	20	53	198500	759000	0
Kadirabad	33	451	277931	794972	0
Kadirabad	27	543	302316	761258	0
Kadirabad	31	32	178299	779115	0
Kadirabad	31	62	172229	785953	0
Kadirabad	33	553	292358	786099	0
Kadirabad	33	280	271736	826113	0
Kadiramangalam	30	257	109755	796921	0
Kadiramangalam	30	254	110706	795318	0
Kadiramangalam	30	198	111727	797028	0
Kadirampadi	16	253	110704	766361	0
Kadirampalli	15	47	135610	783122	0
Kadirampatti	30	215	121988	784072	0
Kadirampatti	30	180	124747	786124	0
Kadirampatti	30	204	113047	776452	0
Kadirampuram	15	352	153130	764508	0
Kadiranallur	30	223	113897	781952	0
Kadiranampatti	30	183	104391	778538	0
Kadiranayakkanpalaiyam	30	154	111024	769236	0
Kadirannagaripalli	15	422	137401	777688	0
Kadirapatti	30	436	98671	785677	0
Kadirappanapalya	15	92	135245	773460	0
Kadirappanayakanakote	15	422	134902	781913	0
Kadirappanayakkanpatti	30	189	101257	776272	0
Kadirayakkavundanpatti	30	189	100100	775748	0
Kadirayangulam	30	183	104088	778940	0
Kadirdadpur	33	451	277029	798472	0
Kadiregaudanakote	15	47	130139	782922	0
Kadirehalli	1	426	138322	770134	0
Kadirenahalli	15	43	129132	775592	0
Kadirenahalli	15	422	136681	774951	0
Kadirenahalli	15	47	130120	780900	0
Kadirenapalli	30	109	124424	780684	0
Kadirennagaripalli	15	422	137821	778237	0
Kadirepalle	1	426	142429	777955	0
Kadirepalle	1	426	139563	772198	0
Kadirepalle	1	426	139846	775531	0
Kadirganj	4	106	249153	855844	0
Kadirganj	33	619	253214	808489	0
Kadirganj	33	329	281175	795182	0
Kadirganj	4	394	249404	840172	0
Kadirganj	4	117	244690	845479	0
Kadirguda	1	258	183562	824049	0
Kadirgudem	31	557	183767	792291	0
Kadiri Brahmanapalle	1	426	140570	781151	0
Kadiridevarapalle	1	426	142643	777857	0
Kadiridevarapalle	1	99	144097	772034	0
Kadirikuntlapalle	1	426	141729	781637	0
Kadirimangalam	30	180	124951	785287	0
Kadirimangalem	1	45	135596	795213	0
Kadirimuthanapalli	1	207	128596	784194	0
Kadirinadhunikota	1	190	137778	782739	0
Kadirinayakkanahalli	30	109	121550	783016	0
Kadirinayanipalli	1	6	146536	792419	0
Kadiripulikunta	1	426	139886	781587	0
Kadiripuram	30	215	124067	781851	0
Kadiripuram	1	207	127111	785195	0
Kadiripuram	30	109	119626	783089	0
Kadirisettihalli	15	422	136660	778335	0
Kadirivandlapalle	1	190	140034	787199	0
Kadirkamam	26	191	119434	797947	0
Kadirnagar	33	116	281923	787049	0
Kadirnagar	33	488	273108	805468	0
Kadirpur	33	593	277560	786377	0
Kadirpur	33	31	266692	814184	0
Kadirpur	33	622	284894	786568	0
Kadirpur	33	33	260471	825511	0
Kadirpur	33	479	260576	829513	0
Kadirpur	27	284	319016	757454	0
Kadirpur	4	117	243748	844988	0
Kadirpur	4	117	249354	849525	0
Kadirpur	35	347	243116	878636	0
Kadirpura	28	120	271790	755757	0
Kadirpura	4	112	249492	842857	0
Kadirpura ki Dhani	28	120	271971	755731	0
Kadisihalli	30	215	124598	777083	0
Kaditoli	14	541	234047	854297	0
Kaditota	1	228	156653	772240	0
Kadiun	12	460	312345	776070	0
Kadival	15	86	160942	761401	0
Kadival	15	66	158377	758906	0
Kadivanakatte	15	246	138614	761869	0
Kadivedu	1	45	140757	799089	0
Kadivedu	1	45	134501	798405	0
Kadivella	1	228	156874	774866	0
Kadiwadgaon	20	34	191128	761072	0
Kadiya	28	519	280112	747553	0
Kadiya	15	55	125516	755479	0
Kadiyadda	1	307	168774	815149	0
Kadiyalavaripalli	1	190	140584	793197	0
Kadiyam	1	87	169167	818333	0
Kadiyampatti	30	260	104007	783679	0
Kadiyampatti	30	51	116186	780072	0
Kadiyangad	16	252	116028	757622	0
Kadiyapur	15	72	166484	769145	0
Kadiyapur	15	71	168266	767510	0
Kadiyar	30	376	118714	791922	0
Kadiyatbailu	15	652	127574	757161	0
Kadiyavayal	30	436	100149	788406	0
Kadiyavayal	30	436	97527	785896	0
Kadiye	15	59	148664	742648	0
Kadiyur	30	180	125669	785837	0
Kadjahnan	33	152	270342	826478	0
Kadjakanhalli	15	43	127376	776345	0
Kadjali	10	209	210095	714900	0
Kadjora	14	541	232727	849458	0
Kadkada	31	241	171662	796281	0
Kadkada	6	517	218343	813052	0
Kadkal	15	59	144964	747106	0
Kadkandla	31	447	178647	787611	0
Kadkare	15	333	136588	750318	0
Kadkarenhalli	15	375	130546	773154	0
Kadkol	15	80	166811	761749	0
Kadkol	15	583	151924	756786	0
Kadkol	15	91	149900	754613	0
Kadkuli	15	59	146947	748407	0
Kadkusan	14	416	229240	855260	0
Kadla	19	338	238276	790789	0
Kadla	19	142	221909	808060	0
Kadla	14	498	235395	858547	0
Kadlabad	15	167	180241	772533	0
Kadlabad	33	688	257694	814865	0
Kadlabalu	15	265	145308	759128	0
Kadlabalu	15	352	150850	761986	0
Kadle	14	379	240555	850015	0
Kadle	15	59	143349	744607	0
Kadle	14	379	241648	847890	0
Kadlegondi	15	265	144103	758214	0
Kadleguddu	15	246	142365	762484	0
Kadlekomsagara	15	246	137283	763847	0
Kadleta	4	491	263437	876843	0
Kadlewad	15	80	171385	763583	0
Kadli	25	478	215156	837969	0
Kadligarh	25	546	209523	843087	0
Kadlikola	25	373	203551	841910	0
Kadlikop	15	77	158703	752977	0
Kadlikop	15	91	145999	752317	0
Kadlimane	15	59	143336	746664	0
Kadlimuda	6	285	199444	825997	0
Kadlimunda	25	478	210905	835538	0
Kadlimunda	25	290	219214	839389	0
Kadlimunda	25	546	214351	841548	0
Kadlimunda	25	373	204052	843239	0
Kadlipali	25	478	212008	835987	0
Kadlipali	25	478	212095	838252	0
Kadlipali	25	297	210559	837771	0
Kadlipali	25	546	210627	840713	0
Kadlipali	25	297	209627	840417	0
Kadlisarar	6	611	213813	833426	0
Kadlivad	15	80	169340	760395	0
Kadliya	14	712	241166	836635	0
Kadlur	15	652	126846	758488	0
Kadlur	31	386	179583	779980	0
Kadlur	15	50	163912	772913	0
Kadlur	15	652	128686	758600	0
Kadma	11	747	284527	760237	0
Kadma	28	22	241816	741237	0
Kadma	14	570	251030	874647	0
Kadma	14	442	251036	876379	0
Kadma	4	582	249597	871062	0
Kadma	14	570	249854	872372	0
Kadma	14	633	246184	878239	0
Kadma	14	541	234414	853060	0
Kadma Bade	6	578	189791	818460	0
Kadma Chhote	6	578	189757	818523	0
Kadma Khurd	14	732	239990	853276	0
Kadmachak	14	483	241839	868329	0
Kadmaha	4	641	259695	871160	0
Kadmahwan	33	280	271654	829741	0
Kadmahwan	33	280	271537	830177	0
Kadmal	28	22	248321	736234	0
Kadman	33	623	268903	830798	0
Kadman ka Pura	19	322	265419	782872	0
Kadman ka Pura	19	322	266109	785299	0
Kadmane	15	652	129069	756902	0
Kadmanhalli	15	91	147571	754664	0
Kadmas	28	22	248457	736308	0
Kadmatoli	14	434	242941	864768	0
Kadmattikere	15	92	129864	770323	0
Kadmi	12	279	313666	768042	0
Kadmohal Dih	33	280	271965	829701	0
Kadmur	31	203	172209	780334	0
Kadmur	31	272	164214	776754	0
Kadmutsandra	15	47	129247	778639	0
Kadna	4	520	258283	848931	0
Kadnal	15	71	172855	766456	0
Kadnamloddi	31	346	191998	785147	0
Kadnapur	33	532	264283	824765	0
Kadnemula	16	294	122320	751106	0
Kadni	15	71	172563	767335	0
Kadni	15	80	171695	762050	0
Kadnir	15	59	144032	745301	0
Kadnur	15	652	125943	759796	0
Kado Basant	25	277	209893	854848	0
Kadoari	14	276	221229	858736	0
Kadobahal	25	478	213090	838424	0
Kadobahal	6	384	226906	841015	0
Kadobahal	25	290	219337	841330	0
Kadobera	25	380	204625	827245	0
Kadodar	25	297	209615	840029	0
Kadodih	25	262	218965	852353	0
Kadodih	14	454	243707	858053	0
Kadodiha	25	368	219398	859851	0
Kadodihi	25	281	217417	852268	0
Kadodihi	25	683	216788	847402	0
Kadog	12	460	311993	773952	0
Kadog	12	460	312039	771806	0
Kadogarh	25	281	217111	855551	0
Kadogarh	25	546	216630	844199	0
Kadohan	19	638	248052	797960	0
Kadohar	33	444	255340	808633	0
Kadohl	12	653	313962	775385	0
Kadojhariatoli	14	740	235736	845127	0
Kadokal	15	333	138419	755628	0
Kadokara	14	276	220950	856575	0
Kadokhari	4	112	246819	841061	0
Kadokhari	4	112	247547	842945	0
Kadokola	25	281	217606	853195	0
Kadolai	28	428	258818	749863	0
Kadoli	20	169	209122	770168	0
Kadoli	20	110	201044	792794	0
Kadoli	20	110	198579	792916	0
Kadoli	15	77	159366	744893	0
Kadoli	20	110	197929	790928	0
Kadolundi	25	423	200229	846560	0
Kadon	12	604	309076	770329	0
Kadon	27	647	307695	760445	0
Kadon	33	613	282344	780186	0
Kadona	33	174	277803	773437	0
Kadona Imlia	19	420	255627	782134	0
Kadonkota	16	294	122133	751353	0
Kadopadar	25	273	198169	831320	0
Kadopadar	25	372	208035	840123	0
Kadopani	6	384	226994	841931	0
Kadopani	6	384	227699	842717	0
Kadopani	14	476	227349	843489	0
Kadopani	14	476	223633	843884	0
Kadopani	14	476	224526	847275	0
Kadopara	25	277	210271	852196	0
Kadopara	25	683	213327	846336	0
Kadopara	25	683	216169	849585	0
Kadopodoro	25	373	203217	842519	0
Kadora	19	322	267179	786562	0
Kadora ka Pura	19	322	267262	786520	0
Kadora ka Pura	19	322	267084	786603	0
Kadora Lodhi	19	420	254802	782442	0
Kadori	34	413	296405	798857	0
Kadoti	12	460	309894	773263	0
Kadparti	31	100	172124	794119	0
Kadpatti	15	86	159866	755813	0
Kadpura	15	603	128685	772409	0
Kadra	15	59	149054	743459	0
Kadra	33	102	246243	828790	0
Kadrabad	33	622	281766	785929	0
Kadrabad	33	31	270836	812628	0
Kadrabad	4	510	255793	859475	0
Kadrahalli	15	652	127281	757267	0
Kadrahatoli	14	732	237705	853536	0
Kadrakha	33	152	269919	826545	0
Kadral	12	460	311796	774120	0
Kadramanhalli	15	92	129382	770643	0
Kadrana	19	395	246275	781579	0
Kadraun	33	688	258759	813905	0
Kadregowdanpalya	15	92	133857	772937	0
Kadrehalli	20	131	176469	760348	0
Kadrenahalli	15	422	135703	779986	0
Kadrenigudem	31	128	174551	790659	0
Kadrepahad	31	144	162436	782101	0
Kadri	20	132	207268	778849	0
Kadri	15	248	136859	748967	0
Kadri	15	55	128903	748529	0
Kadribagh	33	613	281973	782899	0
Kadriganj	33	531	289318	792574	0
Kadriganj	4	590	258362	873087	0
Kadriguda	25	305	187916	828471	0
Kadringa	6	398	229789	826575	0
Kadringa	6	398	229850	826671	0
Kadripalli	1	-1	133116	784377	0
Kadripura	15	47	131423	781182	0
Kadroh	12	39	322861	759506	0
Kadru	4	396	253529	869784	0
Kadsigenhalli	15	422	133753	778061	0
Kadta	19	142	215303	806181	0
Kadtala Iravattur	15	248	133552	749777	0
Kadtanhal	15	77	156961	747963	0
Kadtippur	15	375	133423	773517	0
Kadtoka	15	59	143718	744378	0
Kadu	28	263	256058	736567	0
Kadu Agrahar	15	43	128631	777626	0
Kadua	4	396	254665	870753	0
Kadua	4	396	254506	870439	0
Kadua	35	452	245539	879129	0
Kadua	25	423	200027	848288	0
Kadua	25	527	204345	850031	0
Kadua	25	527	203179	851586	0
Kadua	25	527	201895	851215	0
Kadua Chaulhar	4	602	255340	878158	0
Kaduabaheli	25	546	211890	844749	0
Kaduajagannathprasad	25	527	201946	851947	0
Kaduakhaman	25	368	219155	859703	0
Kaduapara	25	527	201922	851919	0
Kaduapatna	25	527	201937	851975	0
Kaduatanr	4	505	249881	862954	0
Kaduawan	19	497	245321	817900	0
Kadubasavanmala	30	204	117445	772792	0
Kadudia	25	281	216590	852581	0
Kadugadde	15	333	139664	753473	0
Kadugamarattur	30	51	118698	782269	0
Kaduganur	30	192	126422	794246	0
KadugondanaHalli	15	43	130186	776245	0
Kadugupattu	30	197	123326	794988	0
Kadugur	16	148	110441	761115	0
Kadugur	30	369	111677	791484	0
Kadukamanna	16	253	111344	765288	0
Kadukara	30	435	83058	774634	0
Kadukarai	30	114	115146	763525	0
Kadukheri	19	648	228470	767050	0
Kadukkaitturai	30	260	109010	786639	0
Kadukkakadu	30	193	103985	790613	0
Kadukkalur	30	238	122835	799472	0
Kadukkalur	30	5	96943	789492	0
Kadukkamkunnu	16	253	108107	766634	0
Kadukkampalaiyam	30	204	114149	774902	0
Kadukkappatti	30	51	117163	777594	0
Kadukkaykulam	30	118	96430	782878	0
Kadukutti	16	232	102692	763118	0
Kadum	2	735	277913	961798	0
Kadumane	16	294	122950	753422	0
Kadumittanpatti	30	264	101659	782917	0
Kadumu	1	453	188111	839085	0
Kadumur	1	258	175198	816053	0
Kadumuru	1	224	157600	782301	0
Kadunata	15	55	127819	750381	0
Kadund	12	267	319049	768583	0
Kadung	25	373	198640	836847	0
Kadungallur	16	148	109241	759718	0
Kadungallur	16	148	111978	760316	0
Kadunganam	16	173	101169	765739	0
Kadungapuram	16	148	109764	761269	0
Kadungutt	16	148	110300	761120	0
Kadupadar	25	373	203159	841528	0
Kadupalli	31	717	185166	792834	0
Kadupatti	30	260	109892	782501	0
Kadupattu	30	51	118393	786818	0
Kadupettai	30	159	128128	797949	0
Kaduppalavandlapalle	1	426	138862	782654	0
Kaduppangulam	30	223	112205	783590	0
Kadupulayyapalem	1	426	139709	771619	0
Kadupur	27	544	313907	754100	0
Kadur	15	91	144100	755545	0
Kadur	15	246	141374	761039	0
Kadur	30	215	123024	778642	0
Kadur	1	45	136048	799531	0
Kadur	30	197	123023	797267	0
Kadur	30	197	120681	797893	0
Kadur	30	255	112606	791071	0
Kadur Sahib	27	250	314255	750990	0
Kadura	19	484	259465	785452	0
Kadurahalli	15	97	135187	760196	0
Kadurpali	6	611	216309	833522	0
Kadurtangal	1	45	136169	799579	0
Kaduru	15	248	134719	748238	0
Kadus	20	52	188949	738127	0
Kadusannahalli	15	47	130273	780121	0
Kadutala	30	186	82092	777542	0
Kaduthang	25	349	190267	839601	0
Kaduthuruthy	16	261	97500	765000	0
Kadutola	14	570	250108	873465	0
Kaduvakuzhi	16	173	101993	762532	0
Kaduvalichattram	30	257	105035	795779	0
Kaduvalli	15	333	139637	750572	0
Kaduvanadka	16	294	125225	751772	0
Kaduvangudi	30	257	106999	796377	0
Kaduvangudi	30	198	112233	796384	0
Kaduvankal	16	234	91294	765679	0
Kaduvanur	30	-1	118167	796946	0
Kaduvanur	30	376	119441	789528	0
Kaduvarippatti	30	193	104135	788840	0
Kaduvattankurichchi	30	369	111232	793170	0
Kaduveli	30	254	108806	790687	0
Kaduvetti	30	197	121896	798373	0
Kaduvetti	30	369	113094	794871	0
Kaduvetti	30	369	112946	794405	0
Kaduvetti	30	236	89104	775787	0
Kaduvettipalaiyam	30	154	111805	771440	0
Kaduvettipalaiyam	30	154	111825	770536	0
Kaduvettividudi	30	254	104871	791563	0
Kaduvinahosahalli	15	652	125743	760174	0
Kaduvinal	16	234	91266	765807	0
Kaduviranpatti	30	193	106375	790405	0
Kaduwala	27	284	316623	759465	0
Kadval	10	125	224937	737625	0
Kadvali	10	149	215269	734367	0
Kadvalia	19	239	219312	748541	0
Kadvanchi	20	53	199148	760044	0
Kadvati	15	59	143705	747025	0
Kadvi	20	169	207338	773229	0
Kadvia	10	124	232173	732975	0
Kadwa	14	712	241565	833816	0
Kadwa	14	712	240684	835121	0
Kadwa	4	394	250316	840924	0
Kadwa	4	117	245949	848106	0
Kadwa	4	641	261515	873681	0
Kadwa	4	590	256572	870662	0
Kadwa	4	590	258686	876000	0
Kadwa	4	602	256447	877382	0
Kadwa	4	590	258415	877594	0
Kadwa	4	505	246646	862599	0
Kadwa Chanpi	4	602	256576	875611	0
Kadwa Police Station	4	602	256622	877167	0
Kadwadih	14	377	236363	857434	0
Kadwaha	19	395	249641	779157	0
Kadwahi	4	535	266227	860352	0
Kadwai	19	323	257459	772900	0
Kadwai	19	323	257389	772935	0
Kadwai	19	420	257303	773002	0
Kadwai	19	153	225325	742172	0
Kadwal	19	153	222722	746251	0
Kadwal	13	559	324964	748020	0
Kadwal	10	170	230645	741064	0
Kadwal	19	153	224877	746380	0
Kadwal	19	129	224185	748209	0
Kadwal	19	129	223946	749368	0
Kadwalan	10	124	235977	736023	0
Kadwalgaon	34	533	293782	799896	0
Kadwali	19	635	224064	757342	0
Kadwali Bujurg	19	635	228289	759861	0
Kadwali Khurd	19	635	228318	759983	0
Kadwalya	19	317	223078	760206	0
Kadwan	19	638	245968	791758	0
Kadwan	19	638	247560	796256	0
Kadwan	33	196	251132	829468	0
Kadwana	19	153	221083	741387	0
Kadwar	10	135	208531	704495	0
Kadwar	14	712	242866	835592	0
Kadwara	19	638	245043	797564	0
Kadwara	19	335	230413	747098	0
Kadwara	4	106	246651	853160	0
Kadwara	14	387	240026	863790	0
Kadwas	12	348	331447	764255	0
Kadya	15	55	127957	755091	0
Kadyachiwadi	20	151	187733	766982	0
Kadyakheri Kalan	19	324	243159	770766	0
Kadyakheri Khurd	19	324	243195	770737	0
Kadyala	13	477	323856	752760	0
Kadyani	11	565	307113	770024	0
Kadyarpanhalli	15	43	131846	777049	0