Kamarhati	35	432	226711	883747	332965
Kamthi	20	139	212162	791973	86793
Kamareddi	31	58	183200	783418	80315
Kamal Pur Majra Burari	8	701	287467	771935	43086
Kampli	15	352	154063	766001	39307
Kaman	28	113	276579	772691	38040
Kamalapuram	15	352	153044	764765	25552
Kamaruddinnagar	8	739	286770	770537	25126
Kammivapettai	30	175	117530	797457	18745
Kamakhyanagar	25	277	209339	855449	16810
Kamalganj	33	661	272618	796313	16222
Kamayakkavundanpatti	30	189	97386	773200	16134
Kamatgi	20	-1	160779	758132	15620
Kamuthi	30	5	94073	783734	14754
Kamalapuram	1	221	145983	786695	14677
Kambainallur	30	109	122066	783172	12194
Kamalapuram	31	218	182680	804890	11493
Kamalpur	32	668	241959	918344	10872
Kampur Town	3	631	261596	926586	10371
Kamalnagar	15	167	182310	771791	10252
Kamalabaria N.C.	3	433	267685	941930	10071
Kampil	33	661	276127	792769	9200
Kambe	20	237	193124	730364	6642
Kamtuli	23	235	220983	926060	598
Kam	19	607	240226	826046	0
Kam Sarai	33	532	264848	823523	0
Kama	28	550	249079	736352	0
Kama	34	413	297528	794946	0
Kama Khan	13	1	337824	742185	0
Kama Khera	33	685	265720	809815	0
Kama Purwa	33	654	261131	814287	0
Kama Tikri	33	522	269357	822030	0
Kamabigha	4	112	247361	843829	0
Kamacha	30	184	129376	788613	0
Kamachammapettai	30	184	129531	789804	0
Kamachanparambu	30	435	81246	774457	0
Kamachh	13	35	335314	755777	0
Kamachinnayyapalli	1	207	133773	792302	0
Kamad	19	484	256286	786281	0
Kamad	34	692	298735	798974	0
Kamad	19	239	218014	745155	0
Kamad Bigha	4	507	252306	849774	0
Kamadabri	6	517	222424	812728	0
Kamadahalli	15	92	133477	764922	0
Kamadai	34	589	298229	790047	0
Kamadat	15	86	161865	760721	0
Kamadenahalli	15	47	131607	781654	0
Kamadh	19	311	226294	762705	0
Kamadhal	15	50	164342	769871	0
Kamadhenu Gauraram	31	100	165755	788351	0
Kamadhia	10	171	218482	709276	0
Kamadihalli	15	93	129370	766853	0
Kamadonga	25	373	203560	842771	0
Kamadtoli	14	541	232135	853050	0
Kamadupeta	1	453	185254	839923	0
Kamaduvalasa	1	194	186785	831885	0
Kamaganapalli	15	422	135897	777701	0
Kamaganhalli	15	422	135142	774699	0
Kamaganhalli	15	422	134690	776031	0
Kamaganikuntla	1	224	154255	779158	0
Kamagaram	30	197	122242	792430	0
Kamagetanahalli	15	265	145089	763929	0
Kamagiri	31	271	194592	785093	0
Kamagondanahalli	15	92	133131	766672	0
Kamahalli	15	74	121164	768382	0
Kamahan	12	514	306697	772465	0
Kamaharanpura	28	599	267540	780936	0
Kamaharja	12	514	309136	773999	0
Kamahati	35	347	241528	877501	0
Kamahi Devi	27	284	318675	758398	0
Kamahu	24	84	265619	947798	0
Kamai	33	174	276325	774271	0
Kamai	20	-1	198167	785606	0
Kamai	33	637	264002	814181	0
Kamai	14	276	226068	851317	0
Kamaid	13	559	329587	744123	0
Kamaidih	14	454	244199	856227	0
Kamainallur	30	109	122066	783172	0
Kamainpur	33	688	259869	817042	0
Kamaipur	6	627	205706	818598	0
Kamaipur	33	479	262252	826979	0
Kamaipur	33	532	264271	828370	0
Kamaipur	33	584	256121	817692	0
Kamaipur	33	488	277883	807660	0
Kamairala	33	566	284899	775946	0
Kamaiyanur	30	215	125926	778010	0
Kamajiwadi	20	138	183307	774361	0
Kamajola	34	533	294782	799959	0
Kamakandi	15	333	137776	753927	0
Kamakavundanpatti	30	427	107744	785337	0
Kamakerai	15	69	121338	772303	0
Kamakhandigai	1	207	132395	793291	0
Kamakheri	19	338	241600	782657	0
Kamakhia Bhawani	33	605	266131	816773	0
Kamakhya	3	345	261673	917249	0
Kamakkalanpatti	30	427	107555	779183	0
Kamakkammavur	30	427	108592	781937	0
Kamakkanahalli	1	99	144767	771380	0
Kamakkapalaiyam	30	51	115456	787561	0
Kamakkapatti	30	189	101786	776662	0
Kamakkapatti	30	189	100603	775569	0
Kamakkudumbanpatti	30	183	104044	779549	0
Kamakkur	30	192	126754	792328	0
Kamaknur	15	71	173987	770343	0
Kamakota	1	219	178987	827148	0
Kamakshammakhandigai	30	220	132235	796573	0
Kamakshi Palya	15	43	129836	775295	0
Kamakshipatti	30	215	123814	784955	0
Kamakshipatti	30	260	109840	784985	0
Kamakshipatti	30	264	100738	783108	0
Kamakshipettai	30	175	117483	794639	0
Kamakshippatti	30	215	122415	783692	0
Kamakshipur	15	43	131981	774886	0
Kamakshipuram	30	227	110908	775468	0
Kamakshipuram	30	118	93620	775885	0
Kamakshipuram	30	183	106115	780231	0
Kamakshipuram	30	183	103158	781254	0
Kamakshipuram	30	183	101542	777284	0
Kamakshipuram	30	189	101266	775943	0
Kamakshipuram	30	183	100814	777215	0
Kamakshipuram	30	189	100245	775538	0
Kamakshipuram	30	189	100536	775319	0
Kamakshipuram	30	254	107388	789106	0
Kamakshipuram	30	264	99699	780076	0
Kamakshipuram	30	427	106600	778146	0
Kamakshipuram	30	183	105132	778617	0
Kamakshipuram	30	183	104747	779424	0
Kamakshipuram	30	183	104471	778277	0
Kamakshipuram	30	183	103794	779321	0
Kamakshipuram	30	254	111578	795181	0
Kamakshipuram	30	189	98656	774536	0
Kamakshipuram	30	264	98495	777132	0
Kamakshivalasu	30	227	110201	775999	0
Kamakshya	35	347	241570	878051	0
Kamakunta	1	221	148831	790173	0
Kamakuru	1	45	139696	797116	0
Kamal	11	563	298133	750849	0
Kamal	13	529	332546	752343	0
Kamal	12	348	325690	761615	0
Kamal	14	379	241937	846719	0
Kamal	14	673	239687	844645	0
Kamal Bigha	4	495	250608	856245	0
Kamal Bigha	4	117	248470	848223	0
Kamal Bigha	4	495	250584	854796	0
Kamal Bigha	4	495	253263	855170	0
Kamal Chak	14	570	251056	873392	0
Kamal Chak	4	396	252410	873679	0
Kamal Dih	33	31	266376	814187	0
Kamal Keria	14	673	240571	842425	0
Kamal Krishnabari	32	371	233439	917864	0
Kamal Kurha	4	106	246504	853204	0
Kamal Pipra	4	382	266091	846136	0
Kamal Purwa	19	638	250520	802296	0
Kamal Sarai	33	488	275143	807622	0
Kamal Uddin Khan	33	659	275822	799545	0
Kamala	13	690	325678	749860	0
Kamala	33	553	291021	785246	0
Kamala	13	477	324557	755187	0
Kamala	16	294	124494	751661	0
Kamala Bodla	27	545	310597	747751	0
Kamala Jud	33	458	290411	774188	0
Kamala Kulian	13	690	325720	749915	0
Kamalabad	33	523	279238	783680	0
Kamalabad	33	31	266674	813432	0
Kamalabad	31	447	177089	786478	0
Kamalabanda	25	-1	183837	830092	0
Kamalabanda	1	258	183432	830108	0
Kamalabari	2	729	278833	941167	0
Kamaladeipur	25	292	204466	851164	0
Kamaladhi	25	292	205114	848954	0
Kamaladinni	15	50	163255	768009	0
Kamalahatti	15	50	159865	772199	0
Kamalai	30	436	101239	789184	0
Kamalakur	1	221	146403	790834	0
Kamalamarri	1	190	140602	785848	0
Kamalampatti	30	109	120491	785247	0
KamalaNagar	15	43	129949	775275	0
Kamalang	25	277	208872	852753	0
Kamalapadu	1	99	150600	774032	0
Kamalapadu	1	99	150727	779062	0
Kamalapadu Tanda	1	99	150673	774199	0
Kamalapatna	25	527	201599	849987	0
Kamalapatti	30	109	122432	780824	0
Kamalapur	33	31	267194	812615	0
Kamalapur	33	654	259396	814659	0
Kamalapur	33	584	256156	816258	0
Kamalapur	33	488	277972	807730	0
Kamalapur	15	655	154708	750102	0
Kamalapur	15	91	143206	755985	0
Kamalapur	15	97	135732	754088	0
Kamalapur	4	510	254120	863133	0
Kamalapur Tanda	20	131	174477	761311	0
Kamalapura	15	333	144410	749619	0
Kamalapura	15	265	144456	757313	0
Kamalapura	15	422	135147	775178	0
Kamalapura	15	652	132345	761870	0
Kamalapura	15	92	134274	764375	0
Kamalapuram	31	240	179463	799022	0
Kamalapuram	6	80	183892	808620	0
Kamalapuram	1	25	171404	809382	0
Kamalapuram	1	258	182542	830019	0
Kamalapuram	1	99	148723	775315	0
Kamalapuram	1	224	153514	779376	0
Kamalapuram	31	61	181765	795244	0
Kamalapuram	30	109	122017	781480	0
Kamalapuram	30	257	107380	795742	0
Kamalapuram	30	201	91192	781404	0
Kamalapuram	30	51	117680	780599	0
Kamalapuram	30	260	110291	783294	0
Kamalapuri	1	224	151986	782499	0
Kamalapuri Colony	31	408	174262	784283	0
Kamalaputtur	30	192	123840	791501	0
Kamalashile	15	248	137137	748898	0
Kamalashile	15	248	137369	748992	0
Kamalasingi	25	349	190575	839569	0
Kamalavandlapalle	1	221	144932	786079	0
Kamalavaripalle	1	426	139528	783937	0
Kamalawadi	15	167	178201	768367	0
Kamalayapalli	31	75	186364	780955	0
Kamalbangdi Timmapur	15	91	149253	754495	0
Kamalbar	14	732	243646	853150	0
Kamalbayal	1	258	180321	825328	0
Kamalda	4	518	252567	864788	0
Kamaldah	4	569	262966	859969	0
Kamaldah	4	117	247555	848884	0
Kamaldaha	4	641	260784	874300	0
Kamaldaha	14	442	251784	875009	0
Kamaldari	14	570	250964	873976	0
Kamaldhara	4	117	246886	847927	0
Kamaldi	33	479	260912	827591	0
Kamaldini	15	80	162385	760707	0
Kamaldini	15	86	161406	761891	0
Kamaldinni	15	50	161713	763113	0
Kamaldipur	33	584	253971	819480	0
Kamale ki Thoan	27	545	310367	746269	0
Kamalewala	27	545	310069	746205	0
Kamalganj	33	659	271477	802188	0
Kamalgaon	20	78	211866	754751	0
Kamalgarh	4	663	251171	858958	0
Kamalgarh Kalan	27	545	309764	750741	0
Kamalghati	14	633	247137	877003	0
Kamalghorai	4	396	252777	874858	0
Kamalha	33	242	253273	827059	0
Kamali	12	460	311378	774869	0
Kamali	33	282	276381	815885	0
Kamali	27	624	307030	765443	0
Kamalipalli	1	221	143086	790263	0
Kamalippatti	30	436	98936	784380	0
Kamalipuliyangulam	30	118	95673	783035	0
Kamaliya Bara	34	589	299089	790988	0
Kamaliya Chhota	34	589	299051	790972	0
Kamaljari	4	636	258330	867744	0
Kamaljari	4	410	262088	866552	0
Kamalkanpatti	30	264	99476	783650	0
Kamalke	27	545	311147	749192	0
Kamalke	27	355	310407	752865	0
Kamalke Kalan	27	480	309938	752853	0
Kamalke Khurd	27	480	309875	752850	0
Kamalkeria	14	673	241077	843508	0
Kamalkhed	20	169	206251	773548	0
Kamalkhera	33	591	254656	799033	0
Kamalkhera	19	30	214561	760424	0
Kamalkhera	19	335	228803	749301	0
Kamalkot	13	289	341314	739637	0
Kamallakota	31	346	189627	785252	0
Kamallapalli	15	47	132725	784732	0
Kamalmadagu	31	75	185084	780583	0
Kamalnagar	19	462	248707	789754	0
Kamalnar	13	146	339068	753658	0
Kamalner	33	445	271168	792530	0
Kamalni	20	169	206315	773584	0
Kamalpada	25	478	209346	832463	0
Kamalpadar	25	478	211186	833227	0
Kamalpalli	31	32	177814	777565	0
Kamalpat	4	510	256747	861495	0
Kamalpokhar	4	569	260076	860976	0
Kamalpriyan Ka Pura	28	679	268941	769563	0
Kamalpui Awandih	33	654	264800	813078	0
Kamalpur	33	488	273832	808190	0
Kamalpur	4	641	260947	872892	0
Kamalpur	10	123	224938	720638	0
Kamalpur	11	439	298891	770094	0
Kamalpur	11	439	298212	771582	0
Kamalpur	33	116	279910	792780	0
Kamalpur	33	445	272339	792728	0
Kamalpur	33	445	271958	793456	0
Kamalpur	33	661	272239	794957	0
Kamalpur	33	445	271535	793344	0
Kamalpur	33	686	268154	795510	0
Kamalpur	33	645	265156	797945	0
Kamalpur	3	612	263460	916770	0
Kamalpur	11	500	281513	766100	0
Kamalpur	11	500	280872	766446	0
Kamalpur	28	463	280963	767997	0
Kamalpur	11	439	298531	768523	0
Kamalpur	28	463	275279	766963	0
Kamalpur	33	553	295235	781124	0
Kamalpur	28	115	265628	767374	0
Kamalpur	33	316	296100	771427	0
Kamalpur	20	132	211880	780468	0
Kamalpur	34	574	299331	779938	0
Kamalpur	33	724	286791	777038	0
Kamalpur	33	613	283619	776757	0
Kamalpur	27	284	315307	759012	0
Kamalpur	33	329	283743	792395	0
Kamalpur	33	523	280007	777096	0
Kamalpur	33	672	289369	777665	0
Kamalpur	27	571	301119	760480	0
Kamalpur	27	647	309703	762661	0
Kamalpur	27	704	309150	764758	0
Kamalpur	33	174	276874	774089	0
Kamalpur	27	543	301338	762815	0
Kamalpur	27	543	303058	766468	0
Kamalpur	20	48	180828	763195	0
Kamalpur	11	614	296003	763272	0
Kamalpur	33	613	282617	777675	0
Kamalpur	33	613	284280	778185	0
Kamalpur	33	613	281718	778625	0
Kamalpur	33	613	280897	779695	0
Kamalpur	33	523	277374	779140	0
Kamalpur	33	644	275977	779402	0
Kamalpur	33	593	277327	787090	0
Kamalpur	33	682	275400	785521	0
Kamalpur	33	523	278469	781181	0
Kamalpur	33	445	270331	789295	0
Kamalpur	33	593	276162	789231	0
Kamalpur	33	682	275820	788169	0
Kamalpur	33	445	273408	790107	0
Kamalpur	33	445	273250	791825	0
Kamalpur	33	451	279295	796168	0
Kamalpur	33	451	279769	796884	0
Kamalpur	33	659	276732	797511	0
Kamalpur	33	548	271234	795244	0
Kamalpur	19	324	241920	773405	0
Kamalpur	19	395	245828	775558	0
Kamalpur	33	644	276896	783461	0
Kamalpur	33	686	265414	795947	0
Kamalpur	33	645	262624	796955	0
Kamalpur	33	645	264231	799627	0
Kamalpur	33	682	273695	787414	0
Kamalpur	33	33	256473	821886	0
Kamalpur	33	479	259917	829014	0
Kamalpur	33	479	258670	827840	0
Kamalpur	33	27	255726	832220	0
Kamalpur	33	694	254373	832285	0
Kamalpur	33	196	251987	830802	0
Kamalpur	33	196	251544	830285	0
Kamalpur	19	420	252734	782380	0
Kamalpur	33	27	255895	833470	0
Kamalpur	19	420	251571	782542	0
Kamalpur	33	27	257700	836782	0
Kamalpur	20	132	212546	770283	0
Kamalpur	20	132	210510	774101	0
Kamalpur	19	395	244397	781165	0
Kamalpur	33	445	270843	791864	0
Kamalpur	33	698	259043	809285	0
Kamalpur	33	698	259817	809455	0
Kamalpur	33	661	276244	792768	0
Kamalpur	33	33	259262	825047	0
Kamalpur	33	626	257039	813456	0
Kamalpur	33	242	253318	828240	0
Kamalpur	33	196	251843	829945	0
Kamalpur	33	654	262551	809778	0
Kamalpur	33	553	291444	781592	0
Kamalpur	33	685	266332	810528	0
Kamalpur	33	31	269158	812673	0
Kamalpur	33	654	263475	811324	0
Kamalpur	33	492	290323	788403	0
Kamalpur	33	575	263111	819745	0
Kamalpur	33	685	270885	808054	0
Kamalpur	33	685	270497	809199	0
Kamalpur	33	685	270647	808870	0
Kamalpur	33	31	271977	809303	0
Kamalpur	33	450	264183	803878	0
Kamalpur	33	522	270982	815594	0
Kamalpur	33	522	271497	817467	0
Kamalpur	33	622	284513	783981	0
Kamalpur	33	622	287434	786614	0
Kamalpur	33	654	259397	813729	0
Kamalpur	33	622	283810	785327	0
Kamalpur	33	116	282791	789725	0
Kamalpur	33	522	270642	823783	0
Kamalpur	33	532	264895	825802	0
Kamalpur	33	532	264615	825726	0
Kamalpur	33	532	263761	825950	0
Kamalpur	33	564	259672	833357	0
Kamalpur	33	564	259967	834178	0
Kamalpur	33	479	262492	829026	0
Kamalpur	33	27	256613	836969	0
Kamalpur	33	626	254499	816068	0
Kamalpur	33	626	254124	815199	0
Kamalpur	33	626	253762	816381	0
Kamalpur	33	584	256040	818007	0
Kamalpur	33	584	254129	819950	0
Kamalpur	10	133	241157	725886	0
Kamalpur	27	250	313647	748025	0
Kamalpur	33	525	293762	775198	0
Kamalpur	27	355	310930	752234	0
Kamalpur	27	544	316049	754628	0
Kamalpur	27	284	317214	755876	0
Kamalpur	33	488	273706	808353	0
Kamalpur	27	355	310980	758053	0
Kamalpur	33	431	300583	777419	0
Kamalpur	33	613	285293	781235	0
Kamalpur	33	523	280424	783453	0
Kamalpur	33	654	261613	814644	0
Kamalpur	33	637	263969	816165	0
Kamalpur	33	654	262222	815900	0
Kamalpur	19	317	222916	761483	0
Kamalpur	4	112	250205	845406	0
Kamalpur	4	520	258303	848291	0
Kamalpur	4	520	257726	849812	0
Kamalpur	4	581	255053	848694	0
Kamalpur	33	329	286741	793214	0
Kamalpur	4	675	263762	845253	0
Kamalpur	4	117	250328	848095	0
Kamalpur	4	117	250591	848443	0
Kamalpur	4	507	250931	849024	0
Kamalpur	4	394	251315	840046	0
Kamalpur	4	663	250383	858410	0
Kamalpur	4	535	265268	860220	0
Kamalpur	4	535	265946	863541	0
Kamalpur	4	535	265368	864481	0
Kamalpur	4	117	249925	852940	0
Kamalpur	4	106	249303	855754	0
Kamalpur	4	106	248731	855463	0
Kamalpur	4	106	247632	856935	0
Kamalpur	4	106	247590	856573	0
Kamalpur	4	535	262711	860921	0
Kamalpur	4	569	260818	860049	0
Kamalpur	4	569	260534	860541	0
Kamalpur	4	569	260203	861247	0
Kamalpur	4	535	262076	862946	0
Kamalpur	4	410	261705	867939	0
Kamalpur	4	569	259767	862166	0
Kamalpur	4	727	255111	864622	0
Kamalpur	4	510	253663	862885	0
Kamalpur	4	636	258619	865309	0
Kamalpur	4	632	259983	866651	0
Kamalpur	10	140	230206	735484	0
Kamalpur	33	488	272852	807246	0
Kamalpur	4	491	261307	878596	0
Kamalpur	4	590	258001	870640	0
Kamalpur	4	396	250878	871514	0
Kamalpur	4	590	259704	874671	0
Kamalpur	4	590	258691	874743	0
Kamalpur	4	590	258371	876016	0
Kamalpur	4	396	253094	874101	0
Kamalpur	4	687	258874	851546	0
Kamalpur	35	587	259248	878564	0
Kamalpur	4	602	255152	878385	0
Kamalpur	35	397	254718	879235	0
Kamalpur	35	347	244827	879202	0
Kamalpur	35	347	242028	879815	0
Kamalpur	4	687	256452	853389	0
Kamalpur	4	687	257031	854178	0
Kamalpur	33	312	278382	801612	0
Kamalpur	33	312	279608	801191	0
Kamalpur	33	659	275586	800541	0
Kamalpur	33	659	275467	801428	0
Kamalpur	33	659	274170	800016	0
Kamalpur	33	312	279384	803700	0
Kamalpur	14	310	232007	849073	0
Kamalpur	14	310	229803	841600	0
Kamalpur	14	628	227843	859401	0
Kamalpur	25	546	211953	844303	0
Kamalpur	25	297	208499	840357	0
Kamalpur	25	372	208427	841799	0
Kamalpur	25	372	206144	844397	0
Kamalpur	25	399	207193	845907	0
Kamalpur	33	645	264424	798413	0
Kamalpur	4	535	264546	864423	0
Kamalpur Afghanan	27	468	320476	752520	0
Kamalpur Bakhtawarganj	33	451	281021	796786	0
Kamalpur Bakrauli	33	431	296850	774260	0
Kamalpur Barela	33	654	261580	814512	0
Kamalpur Bhoga	33	553	294878	784379	0
Kamalpur Buzurg	33	27	257329	836991	0
Kamalpur Chandaura	33	492	285585	787495	0
Kamalpur Chunni Lal	33	451	281990	796826	0
Kamalpur Fatah	33	688	260548	815423	0
Kamalpur Fatehabad	33	492	287203	787806	0
Kamalpur Garhiwa	33	698	259194	808142	0
Kamalpur Jaid	33	464	287756	785330	0
Kamalpur Jalunagar	33	116	281334	787121	0
Kamalpur Janubi	33	329	286448	794404	0
Kamalpur Khalsa	33	464	290330	784338	0
Kamalpur Khas	33	389	272212	785504	0
Kamalpur Kuhna	33	694	253956	833746	0
Kamalpur Mafi	33	464	290093	783731	0
Kamalpur Mai	33	682	273961	788193	0
Kamalpur Mazra	33	464	288776	786194	0
Kamalpur Naya	33	694	253881	833786	0
Kamalpur Pikar	33	532	263636	830756	0
Kamalpur Puraini	33	553	294107	784522	0
Kamalpur Qazi	33	464	289473	782625	0
Kamalpur Rakhauli	33	389	272874	785130	0
Kamalpur Randan	11	439	298086	770512	0
Kamalpur Shimali	33	329	286460	794412	0
Kamalpur Singhia	4	687	256422	853201	0
Kamalpur Wagda	10	133	241062	724415	0
Kamalpura	28	429	267981	767637	0
Kamalpura	19	462	249076	792453	0
Kamalpura	28	298	254711	746445	0
Kamalpura	28	487	246342	769481	0
Kamalpura	19	324	241043	771929	0
Kamalpura	33	591	252972	796987	0
Kamalpura	33	526	268528	787208	0
Kamalpura	19	322	265887	786736	0
Kamalpura	19	420	251813	780485	0
Kamalpura	19	512	244400	803026	0
Kamalpura	4	136	256800	861809	0
Kamalpura	4	581	254317	850555	0
Kamalpura	4	687	258843	853978	0
Kamalpuri Mafi	33	492	291679	788389	0
Kamalpurkheri	19	648	231301	767245	0
Kamalpurtola	4	569	261677	861048	0
Kamalsar	28	288	281426	751673	0
Kamalsar Dhani	28	288	281504	751745	0
Kamalsara	19	16	236740	765841	0
Kamalsari	4	590	260625	876888	0
Kamalshile	15	248	137158	748737	0
Kamalta	34	530	294354	794753	0
Kamalti	12	460	311825	773275	0
Kamalti	12	514	306043	775809	0
Kamaltola	4	363	253260	845925	0
Kamaltola	14	541	233494	849089	0
Kamaltoli	14	476	225950	844089	0
Kamalu	27	542	299784	749830	0
Kamalu	25	399	214979	852147	0
Kamalu Sawaich	27	542	299759	752371	0
Kamaluddin Nagar	33	685	270213	806608	0
Kamaluddin Niazi	27	545	309257	745103	0
Kamaluddinpur	33	661	274244	796990	0
Kamaluddinpur	33	688	260702	818724	0
Kamaluddinpur	33	564	258882	833220	0
Kamaluddinpur	33	564	259876	833373	0
Kamaluddinpur	33	654	259965	815516	0
Kamalur	6	392	188492	812750	0
Kamaluwa	4	382	265609	845811	0
Kamalwadi	20	156	180454	766689	0
Kamalwaganja Gaur	34	530	292160	794692	0
Kamalwaganja Kabdal	34	530	292157	794623	0
Kamalwaganja Manorath	34	530	292097	794619	0
Kamalwaganja Nar Singh	34	530	292134	794722	0
Kamalwala	11	425	296949	759305	0
Kamalwala	27	3	303344	741573	0
Kamalwala Khurd	27	545	310524	747994	0
Kamalwatoli	14	732	239216	855631	0
Kamalweli	20	67	198227	786572	0
Kamalyakhera	19	635	229141	757966	0
Kamam	27	283	311165	760248	0
Kamamayakkakavundanpudur	30	204	113910	775801	0
Kamampalli	31	222	184954	789063	0
Kamampalli	31	447	180294	788219	0
Kaman	20	187	193547	729094	0
Kaman	27	647	306907	761181	0
Kaman	28	519	285758	755470	0
Kaman	34	413	297923	791857	0
Kaman	12	348	324484	759973	0
Kaman	12	460	309037	776755	0
Kaman	33	116	280924	794488	0
Kamana	12	514	307258	774829	0
Kamana	11	425	297044	755960	0
Kamana Koppal	15	74	123480	765401	0
Kamanachiampudur	30	435	81752	775126	0
Kamanadoddi	1	228	159023	771699	0
Kamanahalli	15	71	175303	763812	0
Kamanahalli	15	246	141164	760425	0
Kamanahalli	15	93	126129	765023	0
Kamanahalli	15	422	136468	778937	0
Kamanahalli	15	92	140996	770620	0
Kamanakere	15	97	136320	760381	0
Kamanampatti	30	427	106845	782069	0
Kamanampatti	30	183	104850	780128	0
Kamanapalli	31	229	186226	802457	0
Kamanapatti	30	118	93478	776687	0
Kamanapuram	30	183	104376	778347	0
Kamanar	6	578	189356	818970	0
Kamanatagi	15	72	163969	765197	0
Kamanayakkanpalaiyam	30	227	109087	772183	0
Kamanayakkanpalaiyam	30	227	111398	772292	0
Kamanayakkanpalaiyam	30	204	114817	775866	0
Kamanayakkanpalaiyam	30	260	108995	785086	0
Kamanayakkanpatti	30	427	107113	783302	0
Kamanayakkanur	30	427	105800	781741	0
Kamanayakkanur	30	223	111886	781983	0
Kamanbor	6	517	217871	810767	0
Kamancheri	16	148	108276	759347	0
Kamanchikunta Tanda	31	241	168006	797905	0
Kamand	12	267	314285	770170	0
Kamand	12	267	313551	771863	0
Kamand	12	267	313391	772718	0
Kamand	12	267	314612	773024	0
Kamand	12	653	314961	773234	0
Kamand	12	653	314714	774341	0
Kamand	34	589	301499	787942	0
Kamand	34	589	296320	790255	0
Kamanda	25	527	200144	851698	0
Kamanda Naugaon	34	589	299276	787129	0
Kamandahalli	15	47	130496	782211	0
Kamandali	25	277	206049	851918	0
Kamandalpur	33	523	277704	778800	0
Kamandalpur	33	686	266235	795658	0
Kamandan	13	477	327233	755378	0
Kamandanga	3	540	263665	898418	0
Kamandev	20	67	203906	780084	0
Kamandhalli	15	47	132279	779865	0
Kamandi Chak	33	688	258110	814124	0
Kamandinagar	33	301	270052	805591	0
Kamandnagar	33	488	273253	807896	0
Kamaner	30	186	84802	775797	0
Kamaneri	30	186	81952	777421	0
Kamanga	25	292	206033	859215	0
Kamangarh	20	134	201201	804410	0
Kamangarhpur	33	575	262737	821009	0
Kamangarhtola	20	134	201261	804242	0
Kamangarpur	33	654	263571	812134	0
Kamangarpur Thulgula	33	626	256764	813334	0
Kamanh	12	460	311077	774260	0
Kamanhalli	15	91	150048	751896	0
Kamanhalli	15	91	147393	750947	0
Kamanhalli	15	333	145494	752089	0
Kamanhalli	15	92	131012	769986	0
Kamanhalli	15	74	123655	760226	0
Kamanhalli	15	652	128750	757995	0
Kamanhalli	15	652	127819	759879	0
Kamanhalli	15	43	129079	777975	0
Kamaniguda	25	349	191727	837016	0
Kamanigudem	31	128	174806	791615	0
Kamaniya	16	294	125156	751858	0
Kamankeri	15	80	166412	760963	0
Kamankhera	19	202	221657	762448	0
Kamankottai	30	5	94612	787019	0
Kamannagaripalli	1	45	136999	791145	0
Kamannapalle	1	195	154670	793096	0
Kamannavalasa	1	176	184891	833392	0
Kamanpalli	31	90	191498	789726	0
Kamanpati	25	373	204724	840258	0
Kamanpatti	30	183	102574	778602	0
Kamanpur	31	717	186603	795018	0
Kamanpur	33	242	253520	828003	0
Kamanpur	33	242	255202	828754	0
Kamanpur	33	637	263786	814995	0
Kamanpur	33	605	267461	816344	0
Kamanpur	33	688	260027	819152	0
Kamanpur	33	522	273206	820653	0
Kamanpur	33	575	260965	820686	0
Kamanpur	33	605	266819	822514	0
Kamanpur	33	488	275676	809309	0
Kamanpur	31	557	184490	790431	0
Kamanpur Bela	33	116	280283	787391	0
Kamanpur Bhur	33	116	281680	787652	0
Kamanpur Kalan	33	196	250912	823933	0
Kamanpur Khurd	33	196	251338	823513	0
Kamanpura	13	76	340659	746875	0
Kamanpura	19	322	263285	787947	0
Kamanpura	19	635	225187	756212	0
Kamansi	33	698	259979	804343	0
Kamansur	6	620	204394	808605	0
Kamanthan	4	510	253985	862362	0
Kamantoddi	30	215	126844	779391	0
Kamanur	30	183	102901	776772	0
Kamanuru	15	66	154254	762315	0
Kamanuru	1	221	147946	786089	0
Kamapadar	25	372	206335	840874	0
Kamapalaiyam	1	45	140206	798029	0
Kamapalaiyam	1	207	131941	793945	0
Kamapar	19	326	235023	777550	0
Kamapillai Chattram	30	183	102591	778782	0
Kamappatti	30	51	117511	780457	0
Kamapur	20	132	214154	773889	0
Kamapur	33	33	254269	826815	0
Kamapur	33	637	263866	814991	0
Kamapur	33	575	263491	820138	0
Kamapur	33	575	261204	822643	0
Kamapur Saraiyan	33	688	259948	816417	0
Kamapuram	31	218	184854	803532	0
Kamar	33	174	278144	773400	0
Kamar	19	484	255856	783270	0
Kamar	13	146	334912	753251	0
Kamar	13	477	325258	753057	0
Kamar	6	285	207180	822649	0
Kamar	25	572	206078	823644	0
Kamar Ali	33	488	275971	811610	0
Kamar Chak	4	382	264559	849065	0
Kamar Chak	14	738	240043	869860	0
Kamar Kalan	4	569	259183	861485	0
Kamar Pota	3	440	260767	909221	0
Kamara	33	686	266832	794738	0
Kamarabhata	25	349	195874	832916	0
Kamaraguda	25	349	195327	833181	0
Kamaraja Nagar	30	199	130392	802203	0
Kamarajapuram	30	189	99741	774052	0
Kamarajupadu	6	577	178812	813439	0
Kamarajupeta	1	453	182631	837951	0
Kamarakh	4	505	247531	862885	0
Kamaram	31	306	169290	780184	0
Kamaram	6	577	184095	811968	0
Kamaram	6	577	181039	811544	0
Kamaram	31	61	180566	797415	0
Kamaram	31	386	179999	784086	0
Kamarasanahalli	30	109	121369	781586	0
Kamarasavalli	30	369	109830	792008	0
Kamaravadi	15	69	120814	769444	0
Kamaravalli	15	652	128802	765827	0
Kamarayanimitta	1	207	131837	790595	0
Kamarbandh	25	368	219678	857900	0
Kamarbasa	14	628	225921	859246	0
Kamarbera	14	276	223555	852391	0
Kamarbhoja	14	633	246703	876015	0
Kamarda	25	405	217537	873638	0
Kamarda	12	279	312737	768765	0
Kamarda	25	277	209779	854081	0
Kamarda	35	538	219345	878871	0
Kamardah	35	347	240916	877472	0
Kamardapatoli	14	541	230350	857573	0
Kamardera	6	393	211254	824249	0
Kamardih	14	570	247867	872120	0
Kamardih	14	738	240239	868704	0
Kamardiha	14	570	251475	873519	0
Kamardiha	14	633	245904	875870	0
Kamardiha	14	738	240598	868107	0
Kamardipur	20	49	209394	761108	0
Kamardipur	19	309	235363	764570	0
Kamareddigudam	31	178	175406	793481	0
Kamareddipalli	31	61	181587	797142	0
Kamareddipeta	1	453	184328	839037	0
Kamarei	25	399	210572	850672	0
Kamargani	35	432	225339	886448	0
Kamarganj	4	396	252398	866860	0
Kamargaon	20	127	206169	775013	0
Kamargaon	20	168	213031	802324	0
Kamargaon	4	632	260991	868101	0
Kamargaon	14	276	226904	851963	0
Kamargarh	33	329	287153	794343	0
Kamargawan	4	518	251332	866653	0
Kamargawan	14	570	250520	873104	0
Kamargawan	14	570	251455	873597	0
Kamargoda	25	281	214488	856868	0
Kamargop	15	655	155403	753367	0
Kamargoria	35	508	231399	886653	0
Kamarguda	25	108	185318	821754	0
Kamarhalli	15	69	119450	766853	0
Kamarhat	19	497	248172	813803	0
Kamarhatu	14	276	225288	857970	0
Kamari	20	138	194192	777520	0
Kamari	34	530	293583	793986	0
Kamaria	19	313	246569	805544	0
Kamaria	33	312	278227	803581	0
Kamarikariyankhandriga	30	220	130648	793454	0
Kamaripalle	1	99	146629	775019	0
Kamariya	19	208	240877	776305	0
Kamariya	4	363	253518	846897	0
Kamarjari	4	632	260260	867260	0
Kamarji	19	-1	238077	822163	0
Kamarji	19	646	245068	819048	0
Kamarji	4	581	254917	851903	0
Kamarkaje	15	55	127690	755508	0
Kamarkha	33	31	269949	812098	0
Kamarkhor	35	347	244587	879305	0
Kamarkiti	1	258	183864	824434	0
Kamarkora	25	372	205840	841452	0
Kamarkuchi	3	726	263491	914800	0
Kamarkutti	25	373	197366	839157	0
Kamarlapalli	31	447	182250	789187	0
Kamarmundi	14	276	227980	856604	0
Kamarnali	25	281	214619	857131	0
Kamarnali	25	683	214939	849284	0
Kamarpalli	31	75	188333	785333	0
Kamarpalli	31	90	188139	797371	0
Kamarpalli	31	63	188992	788279	0
Kamarpalli	31	160	192500	797248	0
Kamarpalli	31	63	188449	791533	0
Kamarpara	3	684	264299	899656	0
Kamarpara	6	285	202632	821883	0
Kamarpara	6	285	202257	822010	0
Kamarpara	6	285	202021	822446	0
Kamarpara	6	285	200151	824904	0
Kamarpeta	31	63	187281	787912	0
Kamarpokhar	14	633	243006	877410	0
Kamarposh	25	262	219862	849876	0
Kamarpukur	35	4	222312	884011	0
Kamarpukur	35	268	229107	876506	0
Kamarpur	4	597	255359	839319	0
Kamarpur	35	432	228385	885819	0
Kamarpur	33	389	273520	783892	0
Kamarpur	19	324	247009	774839	0
Kamarpur	33	479	258582	828922	0
Kamarpur	33	33	259553	825190	0
Kamarpur	33	31	268662	811555	0
Kamarpur	33	269	270949	823809	0
Kamarpur	33	522	269374	823532	0
Kamarpur	33	33	260872	824904	0
Kamarpur	33	575	260618	824394	0
Kamarpur	4	567	252343	859767	0
Kamarpur	4	396	251762	867460	0
Kamarpur	35	452	241666	879621	0
Kamarpur	4	495	253000	855615	0
Kamarpura	28	402	247416	741547	0
Kamarsahi	25	683	213693	847129	0
Kamarsai	25	281	218079	854088	0
Kamarsal	35	587	260566	879331	0
Kamarsali	14	434	241812	862830	0
Kamarsanhalli	15	375	130170	778621	0
Kamarta	12	514	306663	772916	0
Kamarta	35	397	254615	879313	0
Kamarthu	4	495	253617	852419	0
Kamartola	4	602	255636	878434	0
Kamartoli	4	602	255478	879868	0
Kamartoli	14	498	235972	858768	0
Kamaru	14	673	238780	842963	0
Kamaruddinnagar	33	661	276550	792227	0
Kamarundi	19	129	227413	749191	0
Kamaruru	15	333	144957	749765	0
Kamaruru	15	333	145960	750373	0
Kamarwa	19	336	235703	810855	0
Kamarwa	14	712	242153	837738	0
Kamarwa	33	564	258475	834166	0
Kamarwa Khera	33	301	265024	809562	0
Kamarwadi	15	71	170406	770348	0
Kamarwadi Tanda	15	71	170527	770289	0
Kamarwan	4	569	259384	861263	0
Kamarwara	6	490	216198	808335	0
Kamas	11	664	301643	770185	0
Kamas	33	688	259870	819952	0
Kamasagar	15	603	130562	770892	0
Kamasagara	15	97	135093	759804	0
Kamasalavandlapalli	1	190	141199	793435	0
Kamasamudra	15	246	140189	761593	0
Kamasamudra	15	246	143942	768614	0
Kamasamudra	15	652	133782	763694	0
Kamasamudra	15	652	128317	761787	0
Kamasamudram	1	221	145435	781601	0
Kamasamudram	1	221	145892	790899	0
Kamasandra	15	47	132186	782714	0
Kamasanivandlapalle	1	426	139115	782492	0
Kamasar	28	519	283823	746185	0
Kamasarikholla	25	349	195212	833351	0
Kamashettihalli	15	422	134605	777625	0
Kamashke	27	214	316747	746010	0
Kamasi	11	664	301738	770128	0
Kamasi	4	663	251533	858470	0
Kamasim	33	688	257691	820496	0
Kamasin	33	444	255161	809070	0
Kamasin	33	688	256795	820995	0
Kamasin	33	626	256538	813556	0
Kamasin	33	196	251713	825806	0
Kamasin	33	33	255317	823543	0
Kamasin	33	637	261306	818873	0
Kamasin	33	496	270245	834425	0
Kamasin	33	688	257365	817496	0
Kamasin Khurd	33	496	270188	834479	0
Kamaspur	27	543	301441	762592	0
Kamat	4	117	245975	848169	0
Kamat	14	712	243101	837729	0
Kamat	19	239	215547	754522	0
Kamat	19	239	219030	746438	0
Kamat	14	673	245782	840103	0
Kamat	14	673	240442	844265	0
Kamat	14	379	242008	845438	0
Kamat	4	491	264268	878982	0
Kamat	4	396	253380	873989	0
Kamat	4	602	257890	878885	0
Kamat	35	587	258020	879650	0
Kamat	35	587	258145	879713	0
Kamat	35	587	258117	879816	0
Kamat	14	379	241606	849750	0
Kamat	4	505	247462	862397	0
Kamat Kishunganj	4	410	261668	870407	0
Kamat Pathraha	4	641	264236	871025	0
Kamatagi	15	86	161190	758482	0
Kamatampalle	1	426	141119	782082	0
Kamatampalle	1	190	140650	789293	0
Kamatampalle	1	190	136272	784880	0
Kamatampalle	1	190	135987	782705	0
Kamatampalle	1	190	134048	784186	0
Kamatampalli	15	422	137907	779912	0
Kamatamvaripalem	1	308	163014	806781	0
Kamatanahalli	15	265	143853	756897	0
Kamatani	25	349	195478	832979	0
Kamategatta	15	333	142034	748543	0
Kamatepalli	15	422	135090	776161	0
Kamatge	15	77	155123	744959	0
Kamath	4	112	247075	845187	0
Kamath	4	106	245786	854894	0
Kamathan	4	636	256935	864743	0
Kamathan	4	636	257822	864493	0
Kamathvada	20	67	201493	781770	0
Kamathvada	20	67	204803	783531	0
Kamathvada	20	127	204617	775520	0
Kamati	4	491	263492	876517	0
Kamati	4	491	263380	879218	0
Kamati Kadirenahalli	15	422	136294	776125	0
Kamati Nankar	4	491	263494	876563	0
Kamatiakunta	1	228	155651	780441	0
Kamatipura	31	408	173551	784598	0
Kamatti	30	254	107790	789316	0
Kamattola	14	673	240449	844327	0
Kamatvada	20	67	203377	779613	0
Kamatvadi	20	78	208437	751301	0
Kamatvadi	20	206	159790	740132	0
Kamatvadi Budrukh	20	78	211099	753038	0
Kamatvadi Khurd	20	78	211096	753028	0
Kamatwada	20	127	201605	771535	0
Kamatwara	20	132	211925	774015	0
Kamau ka Pura	33	584	255156	817459	0
Kamauli	33	242	253494	830698	0
Kamauli	33	31	269331	814998	0
Kamauli	33	654	259783	812579	0
Kamauli	33	688	256822	817473	0
Kamaulia	33	282	275454	817608	0
Kamaulia Bazar	33	282	275533	817657	0
Kamauna	33	613	281274	781095	0
Kamauni	33	526	267861	787774	0
Kamaupur	33	575	262246	824093	0
Kamaura	33	174	273251	778337	0
Kamauta	33	613	284615	780644	0
Kamavalasa	1	194	183627	831306	0
Kamavaram	1	176	181366	836043	0
Kamavaram	1	228	157707	771906	0
Kamavarapukota	1	25	170098	811925	0
Kamavarkudi	30	436	95768	785585	0
Kamayyagunta	1	25	172170	814512	0
Kamayyanpuram	30	204	116844	768862	0
Kamayyapalem	1	25	172479	811905	0
Kambabara	6	681	216098	812273	0
Kambada	20	110	196573	794171	0
Kambadahal	1	228	158306	776195	0
Kambadahalli	15	92	136844	771670	0
Kambadahalli	15	92	135475	772437	0
Kambadahalli	15	246	140499	767298	0
Kambadahalli	15	93	128685	766346	0
Kambadahalli	15	93	127320	768378	0
Kambadahalu	1	228	158025	774224	0
Kambadala Hosur	15	333	137686	756555	0
Kambadhalli	15	92	134815	773051	0
Kambadhalli	15	92	133617	772790	0
Kambadhalli	15	422	133587	778206	0
Kambadur	15	333	140491	752897	0
Kambaduru	1	99	143453	772298	0
Kambagi	15	80	165609	755369	0
Kambaguda	1	258	182451	828336	0
Kambaguda	25	349	193290	834829	0
Kambaguda	25	349	192864	834532	0
Kambaguda	1	194	190106	836626	0
Kambaguda	25	349	192260	836844	0
Kambaguda	25	373	202610	843709	0
Kambaguda	25	373	203424	843577	0
Kambaguda	25	373	201343	842713	0
Kambaguda	25	373	201062	842637	0
Kambagudem	31	60	180088	807002	0
Kambagudi	25	243	195326	839892	0
Kambaipeta	20	134	187169	801394	0
Kambakhspur	33	566	284414	774456	0
Kambakkam	1	45	135842	799039	0
Kambakkottai	30	5	98869	789162	0
Kambal	12	460	310292	774200	0
Kambala	11	565	306448	770319	0
Kambala	27	608	306668	767444	0
Kambaladinne	1	228	158017	773711	0
Kambalahalli	15	422	136280	776990	0
Kambalahalli	15	422	135597	776082	0
Kambalahalli	15	422	136997	778084	0
Kambalahalli	15	422	135191	778324	0
Kambalai	30	109	119701	785751	0
Kambalampadu	1	258	172643	817718	0
Kambalanatta	15	69	121654	775029	0
Kambalanayanikottur	30	215	127259	782137	0
Kambalapadu	1	228	155079	778113	0
Kambalapaleni	1	259	173551	820879	0
Kambalapalle	1	224	158414	785055	0
Kambalapalle	1	426	141359	775011	0
Kambalapalle	1	426	139455	772058	0
Kambalapalle	1	426	138859	776930	0
Kambalapalle	1	190	136228	782462	0
Kambalapalle	1	207	134547	786274	0
Kambalapalli	15	422	136016	781835	0
Kambalapalli	15	47	135188	782660	0
Kambalaparti	1	426	141366	779091	0
Kambalappatti	30	154	105520	770367	0
Kambalapuram	31	144	162109	780267	0
Kambalapuram	30	215	123546	778217	0
Kambalathurai	16	253	106644	768211	0
Kambalgaon	20	156	183433	767604	0
Kambali	27	608	306740	767466	0
Kambali Timmanakoppal	15	652	129288	761117	0
Kambalinayakkanpatti	30	260	104809	783668	0
Kambalingikkavpatti	30	118	93688	777181	0
Kambalinpatti	30	227	107518	777844	0
Kambaliyampatti	30	204	113854	776313	0
Kambaliyampatti	30	204	112308	775252	0
Kambaliyampatti	30	183	107519	780896	0
Kambaliyampatti	30	183	102551	780685	0
Kambaliyampatti	30	183	103671	781233	0
Kambaliyampatti	30	183	104944	781120	0
Kambaliyampatti	30	227	108932	776050	0
Kambaliyampatti	30	427	107324	779139	0
Kamball	30	118	95811	782334	0
Kamballnayakkanpatti	30	183	104801	777995	0
Kambalpalli	31	32	175731	779387	0
Kambalpalli	31	100	164782	791181	0
Kambalpeta	20	134	189904	800033	0
Kambalpeta	6	80	186706	803167	0
Kambalpur	15	92	131733	770272	0
Kambalu	15	375	131669	772391	0
Kambalupeta	1	453	181833	836688	0
Kambalur	16	294	122826	753370	0
Kambam Mettu	30	-1	97471	772169	0
Kambamena Tanda	31	62	171623	783834	0
Kambammratta	15	375	131635	772422	0
Kambampalle	1	228	155314	777102	0
Kambampettai	30	192	127341	791343	0
Kambamvandlapalle	1	190	136733	783578	0
Kambamvandlapalli	1	45	136339	790816	0
Kambanaju	25	373	201122	843967	0
Kambanaju	25	373	201904	843504	0
Kambandangudi	30	254	108018	793326	0
Kambaneri Pudukkudi	30	236	90685	773795	0
Kambang	2	38	282358	946634	0
Kambang	2	37	277580	935191	0
Kambangudi	30	257	108999	796034	0
Kambangudi	30	436	99702	788451	0
Kambani	30	436	97710	788802	0
Kambankadu	30	193	104520	789471	0
Kambanur	30	204	115827	773842	0
Kambanur	30	436	100762	786597	0
Kambapacheri	30	236	90747	773766	0
Kambapadar	25	373	205267	841637	0
Kambapadu	25	305	184962	829985	0
Kambapara	25	373	204828	840939	0
Kambapara	25	373	204388	840350	0
Kambapara	25	373	203502	840260	0
Kambapara	25	373	203532	841128	0
Kambapara	25	373	203056	841796	0
Kambapatti	30	193	104985	787112	0
Kambar	13	146	336890	751502	0
Kambar Nagar	30	199	131117	802136	0
Kambaraha	25	373	202851	840715	0
Kambarajapuram	30	159	127490	798130	0
Kambaram	25	273	197135	832905	0
Kambaranahalli	15	422	134741	774994	0
Kambarasampettai	30	260	108496	786755	0
Kambari	25	305	183773	829115	0
Kambariguda	25	349	195903	838046	0
Kambariguda	25	349	192891	838837	0
Kambarikia	25	373	200201	842116	0
Kambarikia	25	373	202841	843289	0
Kambarpatti	30	183	103463	780990	0
Kambasandra	15	43	130347	774392	0
Kambasingi	25	349	192590	834680	0
Kambatanhalli	15	92	133076	770560	0
Kambatrahalli	15	352	147179	759904	0
Kambattanahalli	15	92	136758	772206	0
Kambatti	16	233	118152	759302	0
Kambatti	30	114	114987	768355	0
Kambatti	30	114	114524	768550	0
Kambatti	30	114	114201	769281	0
Kambattipalli	30	215	125228	776997	0
Kambattu	30	192	124363	791603	0
Kambattu	30	376	117473	792603	0
Kambattupatti	30	201	93269	781636	0
Kambatturpatti	30	223	111167	781767	0
Kambaur	33	553	293344	781599	0
Kambavalasa	1	194	188576	834217	0
Kambayanattam Akkarai	30	254	107385	792868	0
Kambayankanni	30	254	103692	792781	0
Kambayanttam	30	254	107536	792916	0
Kambayyagaripalle	1	426	139049	777165	0
Kambegaon	20	138	189898	770696	0
Kambela	28	493	237016	737001	0
Kambepalli	1	207	129647	784949	0
Kambesi	25	349	196544	834004	0
Kambesu	25	349	192314	832721	0
Kambesu	25	305	190077	832964	0
Kambesu	25	349	192842	835850	0
Kambewadi	20	156	184309	769143	0
Kambhaladevapalli	1	207	128834	784859	0
Kambhaladinne	1	195	150450	795440	0
Kambhalakunta	1	190	142906	792602	0
Kambhalapadu	1	195	155781	795652	0
Kambhalapalle	1	99	143676	770444	0
Kambhalapalli	15	47	133897	782132	0
Kambhalapalli	1	6	143256	796015	0
Kambhalapalli	1	207	133882	792361	0
Kambhampadu	1	103	169858	806523	0
Kambhampadu	1	10	165026	794869	0
Kambhampadu	1	103	169433	802745	0
Kambhampadu	31	46	168670	803951	0
Kambhampadu	31	60	174061	811670	0
Kambhampadu	1	195	158657	793519	0
Kambhampadu	1	195	151413	793333	0
Kambhampadu	1	10	159730	797141	0
Kambhampadu	1	195	158536	799342	0
Kambhampalli	15	47	129361	782857	0
Kambhamvandlapalle	1	195	158769	794309	0
Kambhamvaripalle	1	190	137893	788815	0
Kambhamvaripalli	1	45	137280	791241	0
Kambhan ka Purwa	33	584	256251	817544	0
Kambhera	33	525	295996	778903	0
Kambhit	33	688	258747	816671	0
Kambi	20	150	193592	755141	0
Kambiganhalli	15	422	132425	779215	0
Kambigar	15	59	145883	747161	0
Kambiguda	25	349	196701	837800	0
Kambihalli	15	97	132439	757768	0
Kambikkudi	30	118	97035	781285	0
Kambil	16	256	119714	754039	0
Kambil Gala	13	485	332278	743875	0
Kambila	13	485	332032	741045	0
Kambilikkarankuppam	26	-1	118546	797197	0
Kambilinayakkanpatti	30	427	107127	784725	0
Kambilippatti	30	264	101406	783865	0
Kambiliyampatti	30	427	107561	783289	0
Kambiliyanpatti	30	183	103501	782964	0
Kambinaju	25	373	201144	843897	0
Kambinayakkanpatti	30	51	116825	781013	0
Kambipur	15	43	128723	774617	0
Kambipura	15	74	125274	760221	0
Kambiputtur	25	305	189244	831294	0
Kambivalasa	25	305	188063	832201	0
Kambla	15	55	129089	748922	0
Kambla	15	55	129115	748688	0
Kamblabettu	15	55	127758	751308	0
Kamblakat	16	233	116753	760767	0
Kamblibettu	15	248	134001	747982	0
Kamblihal	15	86	160676	762930	0
Kamblikaranur	30	51	116338	779585	0
Kamblikop	15	333	139279	749779	0
Kamblipur	15	375	131311	778045	0
Kambo Majra	11	664	301635	770060	0
Kamboh	27	250	314362	747947	0
Kamboh	27	250	311961	750021	0
Kamboh	27	214	316859	748285	0
Kamboh Kalan	27	480	310586	751706	0
Kamboh Khurd	27	480	310538	751744	0
Kamboh Majra	27	571	302100	758770	0
Kamboh Majra Khurd	27	571	302229	758637	0
Kambohpura	11	439	296373	769838	0
Kamboia	10	164	231576	731425	0
Kambojipet	31	90	188458	797356	0
Kamboya Muwara	10	164	230797	731688	0
Kambsagara	15	603	125055	773024	0
Kambuguda	1	194	189509	835473	0
Kambugudi	30	180	124855	787450	0
Kambuguttai	30	109	120136	780212	0
Kambukalnaihalli	30	215	123543	782995	0
Kambukkuttiyur	30	183	106768	781048	0
Kambun Ka Mazra	27	624	306125	765854	0
Kambur	30	197	123084	797716	0
Kambur	30	264	101599	783264	0
Kambur	30	260	113089	786091	0
Kamburuttu	16	173	100182	763722	0
Kamchar	19	646	241328	818499	0
Kamchempalli	31	306	168593	778829	0
Kamchi	14	633	246646	875194	0
Kamda	33	595	278114	820335	0
Kamda	33	152	270099	827269	0
Kamda Hari	35	122	224582	883754	0
Kamda Lalpur	33	280	273209	826897	0
Kamdala	13	359	326897	753561	0
Kamdanpalli	31	272	168535	775227	0
Kamdara	14	310	229078	849146	0
Kamdarganj	4	495	251137	855071	0
Kamdarpur	4	112	246990	841506	0
Kamdarwatoli	14	712	245104	835499	0
Kamdebnala	35	347	244907	878402	0
Kamdebpur	35	26	254302	887309	0
Kamdebpur	35	340	222636	880436	0
Kamdebpur	35	347	241095	877914	0
Kamdeopur	33	33	257677	824853	0
Kamdeopur	34	530	292984	790583	0
Kamdevanhalli	15	375	132237	776539	0
Kamdharpur	4	597	254721	841030	0
Kamdhen	15	655	152281	750417	0
Kamdheramau	33	301	264445	804558	0
Kamdi	33	595	278226	820461	0
Kamdi	33	269	275711	822010	0
Kamdia	25	281	219459	857743	0
Kamdih	4	117	244516	845104	0
Kamdipur	33	269	276331	821338	0
Kamdo	25	262	219261	852127	0
Kamdod	15	91	145715	756792	0
Kamdoli	15	655	152048	752549	0
Kamdoribera	28	263	260528	740964	0
Kamdwar	19	462	247268	792877	0
Kame Chak	4	510	254844	863416	0
Kamecha	33	575	260799	823076	0
Kamegaudanapalya	15	92	138208	773018	0
Kamegaudanhalli	15	74	122577	761991	0
Kamehr	12	267	319252	767933	0
Kamela	33	31	266210	814624	0
Kameli	6	392	187522	812822	0
Kameli	27	543	304380	761113	0
Kameli	6	-1	205363	806137	0
Kameli	25	273	197237	832626	0
Kamenahalli	15	92	135415	772447	0
Kamenahalli	15	92	135131	772528	0
Kamenahalli	15	652	130800	759700	0
Kamenahalli	15	74	124646	764376	0
Kamenahalli	15	652	133635	760484	0
Kamenahalli	15	97	134114	760990	0
Kamenahalli	15	652	131755	761772	0
Kamenahalli	15	652	128807	762718	0
Kamengbari-Doimara	2	504	269796	924130	0
Kamenhalli	15	375	134417	774130	0
Kamenhalli	15	375	132241	775923	0
Kamepalle	1	212	161270	799094	0
Kamepalle	1	10	165191	798350	0
Kamepalle	1	10	166279	799236	0
Kamepalli	31	100	166185	788338	0
Kamepallivaripalem	1	195	155143	799648	0
Kamepally	31	46	174501	802838	0
Kamepur	6	285	204184	822108	0
Kamera	12	653	316176	775171	0
Kamera	34	589	301664	788077	0
Kamera	34	589	296314	790332	0
Kamera	35	347	241590	877945	0
Kamere	29	85	271363	884682	0
Kameri	20	65	170079	742623	0
Kameri	34	589	299861	788406	0
Kameri	34	589	299235	789058	0
Kameri	34	692	298729	797292	0
Kameriya	28	414	274200	739596	0
Kameruh	19	607	246150	824745	0
Kameshwarnagar	6	269	240496	833835	0
Kamesvarapeta	1	453	184287	839516	0
Kamet	33	278	267386	789770	0
Kameta	34	481	304849	781920	0
Kametar Khera	34	430	307633	779597	0
Kametipanga	25	527	204126	845766	0
Kamett	16	256	118839	754878	0
Kameya	14	732	240208	856350	0
Kamga	25	281	216450	854215	0
Kamgala	34	179	301321	795643	0
Kamgaon	25	478	214407	836333	0
Kamgaon	25	478	211751	838776	0
Kamgara	12	514	307684	776802	0
Kamgarpur	33	553	297140	782922	0
Kamgarpur	33	553	296933	782751	0
Kamgondanhalli	15	43	130637	775308	0
Kamgora	14	633	247017	874982	0
Kamhala	12	604	310084	771167	0
Kamhali	12	460	309902	772269	0
Kamhali	12	514	309417	772748	0
Kamhali	12	604	310730	770089	0
Kamhar	12	514	307626	772185	0
Kamhar Khera	27	592	301853	745540	0
Kamharan	33	522	271703	816632	0
Kamhardih	33	102	247938	830892	0
Kamhardih	33	102	247713	830831	0
Kamhari	33	694	253254	832910	0
Kamhari	33	694	253760	834310	0
Kamhari	4	718	253107	838018	0
Kamhari	33	102	246926	830511	0
Kamhari	33	196	251094	826591	0
Kamharia	33	532	263981	830732	0
Kamharia	33	694	251134	831690	0
Kamharia	33	694	252106	831713	0
Kamharia	33	694	253360	834624	0
Kamharia	33	102	247582	830076	0
Kamharia	33	102	245943	830397	0
Kamharia	4	718	248836	833769	0
Kamharia	33	102	247284	833531	0
Kamharia	33	102	247547	828546	0
Kamharia	33	102	248005	828727	0
Kamharia	33	488	274188	810910	0
Kamharia	33	488	274664	811248	0
Kamharia	33	102	240594	828562	0
Kamharia	33	280	272571	825744	0
Kamharia	33	280	271917	827353	0
Kamharia	33	152	270827	827668	0
Kamharia	33	280	272478	827949	0
Kamharia	33	280	271289	829907	0
Kamharia	33	152	268638	823678	0
Kamharia	33	479	258080	831915	0
Kamharia	33	152	266665	826628	0
Kamharia	33	152	266751	827752	0
Kamharia	33	496	271001	832952	0
Kamharia	33	496	272418	835354	0
Kamharia	33	496	271835	837074	0
Kamharia	33	623	269547	830579	0
Kamharia Buzurg	33	280	271487	828126	0
Kamharia Buzurg	33	280	272234	829606	0
Kamharia Dih	33	152	270866	827674	0
Kamharia Khurd	33	280	271474	828167	0
Kamharia Khurd	33	280	272263	829549	0
Kamharia Khurd	33	496	270071	835809	0
Kamhariya	33	621	257073	800370	0
Kamhariya	33	591	255044	801359	0
Kamhartola	6	627	205802	818312	0
Kamharwala	27	592	299650	746228	0
Kamhauna	33	584	255476	819855	0
Kamhera	33	431	298264	772702	0
Kamhera	33	525	293811	778798	0
Kamheri	27	543	301299	763461	0
Kamhrauli	4	636	259917	864674	0
Kami	11	565	305801	769271	0
Kami	11	466	290537	770282	0
Kami Kalan	27	543	303603	766373	0
Kami Khurd	27	543	303483	766685	0
Kamia	33	280	273261	826734	0
Kamia Bahauddinpur	33	575	262188	825178	0
Kamiahpet	31	271	193735	787333	0
Kamial	27	665	324658	758291	0
Kamiapur	20	49	205450	762681	0
Kamiar	33	31	269587	816755	0
Kamiari	12	267	316250	771455	0
Kamida	20	132	216481	774871	0
Kamida	19	443	217375	777823	0
Kamidhoni Chhota	14	633	247332	876602	0
Kamidoddi	15	92	127709	770564	0
Kamigaon	29	594	271634	882788	0
Kamigara	14	276	227981	855282	0
Kamila	13	485	332429	741062	0
Kamila	13	485	332234	742047	0
Kamila	13	690	326096	750616	0
Kamila	15	55	126479	755273	0
Kamilhar	33	488	271374	808855	0
Kamilpura	27	214	318382	748498	0
Kamilwala	27	545	310891	748472	0
Kamina	33	710	259383	791247	0
Kaminahalu	1	228	152768	772035	0
Kaminayakkampalaiyam	30	215	126669	780262	0
Kaminayakkanpatti	30	51	118769	778916	0
Kaminayakkanpatti	30	183	103099	781140	0
Kaminayanipalle	1	207	131168	785977	0
Kaminayanipalli	1	207	133345	790026	0
Kaminenipalem	1	6	147187	799146	0
Kaminenipalle	1	224	153398	784931	0
Kamini	35	340	224994	880168	0
Kamini	13	559	327917	749013	0
Kamini	30	5	97495	788594	0
Kaminipalli	31	240	179807	798544	0
Kaminkai	15	59	142751	748043	0
Kamiota	12	39	319998	763078	0
Kamipur	33	-1	251401	803514	0
Kamipur	33	31	271481	810401	0
Kamipur	4	602	255112	876484	0
Kamipur	33	659	276737	800060	0
Kamipura	33	682	275915	789773	0
Kamir	33	645	264079	799834	0
Kamira	33	688	260017	818452	0
Kamira	25	372	208073	842197	0
Kamira	25	297	209200	841519	0
Kamirda	14	276	228316	856244	0
Kamireddipalle	1	426	144473	776458	0
Kamireddipalli	15	422	136733	778266	0
Kamirpatti	33	33	255851	825839	0
Kamirpur	27	214	317464	746735	0
Kamiwala	12	514	305069	772293	0
Kamiyampattu	30	180	127288	787053	0
Kamiyan	12	460	311154	773067	0
Kamiyana	27	700	306540	747299	0
Kamjalga	20	138	186400	772607	0
Kamjalgawadi	20	138	188850	770438	0
Kamjer	35	473	270533	885488	0
Kamjhira	20	132	212662	770572	0
Kamjong	21	693	248585	945155	0
Kamka	19	326	232213	779683	0
Kamka	19	326	230416	781155	0
Kamkajhari	20	390	209766	797229	0
Kamkajhari	20	168	212736	799471	0
Kamkanar	6	80	188081	810296	0
Kamkapar	6	642	206870	808977	0
Kamkar	15	59	144642	747791	0
Kamkar	15	333	136544	752263	0
Kamkaranpur	33	605	267585	819800	0
Kamkarehundi	15	74	123526	766912	0
Kamkari Baihk	13	0	346710	742386	0
Kamkartoli	14	310	231718	847431	0
Kamkasur	19	354	220276	796146	0
Kamkasur	19	354	219240	795939	0
Kamkasur	20	390	215169	795157	0
Kamkasur	19	354	220924	794140	0
Kamkasur	6	620	204668	809688	0
Kamkasur	19	325	224797	792626	0
Kamke	20	134	197757	803511	0
Kamkheda	20	182	214131	745837	0
Kamkheda	20	185	212688	748833	0
Kamki	15	333	137893	750823	0
Kamko	19	449	227683	810710	0
Kamko Mohania	19	449	225705	809568	0
Kamkol	31	32	176447	778085	0
Kamkole	33	605	265846	822526	0
Kamku	2	73	275000	965000	0
Kamla	34	430	305558	779319	0
Kamla	13	412	338837	751077	0
Kamla	12	348	323140	760788	0
Kamla	4	510	255597	861178	0
Kamla Bhari	33	595	275475	818584	0
Kamla Dev	12	267	317624	768513	0
Kamla Jot	33	522	272088	819169	0
Kamla ka Pura	28	599	268338	779219	0
Kamlabadi	4	569	262035	861935	0
Kamlabaha	4	136	259330	859502	0
Kamlabanda	1	258	184125	828115	0
Kamlabari	4	535	265545	860717	0
Kamlabari	4	535	265859	861831	0
Kamlabari	4	569	258910	862100	0
Kamlabari	35	587	259179	879901	0
Kamlabera	14	476	225595	849826	0
Kamladorha	4	641	263636	874212	0
Kamlaga	25	262	219301	837122	0
Kamlagarh	12	267	318115	766765	0
Kamlah	12	267	314074	773282	0
Kamlaha	33	584	254544	822004	0
Kamlahar	35	587	258300	879190	0
Kamlahri	12	348	324690	759191	0
Kamlahri	12	39	322231	761996	0
Kamlaipur	33	661	276214	792367	0
Kamlaj	20	138	190536	774168	0
Kamlaj	20	138	190627	774230	0
Kamlajot	33	282	276899	816486	0
Kamlakani	4	602	254625	872780	0
Kamlakant Kararia	4	675	264051	842271	0
Kamlakar	12	39	318845	763616	0
Kamlakhedi	19	547	237340	756383	0
Kamlakhera	19	638	245894	792439	0
Kamlakheri	19	420	255791	774380	0
Kamlakund	4	396	252846	871655	0
Kamlakund	4	396	253008	871776	0
Kamlamal	25	572	202244	826534	0
Kamlamaltoli	14	541	233440	857315	0
Kamlan	12	348	327249	761661	0
Kamlanagar	34	574	298290	780628	0
Kamlanagar	8	701	286819	772037	0
Kamlanagar	33	697	286495	774447	0
Kamlanagar	15	71	175801	767596	0
Kamlanagar	33	584	255868	819380	0
Kamlanali	25	546	211091	845371	0
Kamlang	25	281	213719	854287	0
Kamlapalli	31	447	180020	789817	0
Kamlapani	6	611	214161	832585	0
Kamlapat Khera	33	654	264261	810112	0
Kamlapatpatti	4	535	266442	860177	0
Kamlapur	31	229	184685	799214	0
Kamlapur	15	71	175816	769861	0
Kamlapur	20	134	192026	801855	0
Kamlapur	19	322	263651	784343	0
Kamlapur	20	151	194536	766893	0
Kamlapur	20	151	191328	768549	0
Kamlapur	31	32	180349	777468	0
Kamlapur	31	386	180631	779004	0
Kamlapur	31	203	172323	776768	0
Kamlapur	15	50	161094	773578	0
Kamlapur	19	323	259680	775460	0
Kamlapur	33	444	250972	803649	0
Kamlapur	33	444	251676	804414	0
Kamlapur	33	694	252661	830746	0
Kamlapur	20	127	202965	775723	0
Kamlapur	33	698	258292	806485	0
Kamlapur	31	271	195851	784872	0
Kamlapur	33	196	248873	825203	0
Kamlapur	33	685	267298	809079	0
Kamlapur	33	488	274440	810352	0
Kamlapur	33	685	267114	811414	0
Kamlapur	33	451	281033	799753	0
Kamlapur	33	575	261295	823840	0
Kamlapur	33	575	261265	823897	0
Kamlapur	33	659	272067	805125	0
Kamlapur	33	312	279490	807652	0
Kamlapur	33	488	272815	808661	0
Kamlapur	19	309	234075	763185	0
Kamlapur	19	311	231712	762578	0
Kamlapur	15	375	132309	771936	0
Kamlapur	31	90	192100	795591	0
Kamlapur	31	63	189191	790802	0
Kamlapur	33	488	273645	806472	0
Kamlapur	33	312	278798	803396	0
Kamlapur	15	603	126719	775477	0
Kamlapur	14	498	236490	859324	0
Kamlapur Bara	19	311	227422	764299	0
Kamlapur Farzand Ali	33	329	283614	796379	0
Kamlapur Khirodharpur	33	564	261102	837091	0
Kamlapur Mehrab Khan	33	329	283910	796343	0
Kamlapur Tanda	15	71	175964	769759	0
Kamlapura	19	459	262648	776721	0
Kamlapuram	31	100	167309	788597	0
Kamlapuram	31	75	187850	780417	0
Kamlapuram	31	75	185921	782391	0
Kamlapuram	31	60	178352	809761	0
Kamlapuri	19	484	258687	786646	0
Kamlapuri	20	78	207509	753910	0
Kamlar	12	514	306212	773818	0
Kamlar	12	348	324431	763410	0
Kamlari	13	358	331993	756789	0
Kamlasarbera	14	476	223812	842939	0
Kamlasingha	14	434	240165	861955	0
Kamlau	12	460	313830	776626	0
Kamlawada	28	487	252087	770265	0
Kamlawadi	20	138	187176	773355	0
Kamle	14	740	235496	847386	0
Kamle Purwa	33	548	269434	798070	0
Kamlehr	12	39	321103	765807	0
Kamlehr	12	39	319051	761280	0
Kamlekh	34	530	293077	797870	0
Kamlekh	34	533	293775	799724	0
Kamleserpur	4	136	256459	862618	0
Kamleshwar	19	420	252798	782346	0
Kamleshwar	34	589	302237	787797	0
Kamli	19	443	218877	781479	0
Kamli	33	445	272423	790971	0
Kamli	33	595	275451	818655	0
Kamli	12	604	309965	769227	0
Kamli	19	354	224646	794129	0
Kamli Bigha	4	663	250602	857799	0
Kamli Khata	34	413	297281	791500	0
Kamli Nagla	33	116	277506	792857	0
Kamlia	19	309	233830	767055	0
Kamlia	4	457	268043	847033	0
Kamliakheri	19	309	232799	764203	0
Kamliakheri	19	16	238981	769825	0
Kamliar	12	604	310302	770119	0
Kamling	29	594	271930	883155	0
Kamliya	19	202	220124	763686	0
Kamlota	12	39	320013	763128	0
Kamlota	12	39	318129	763296	0
Kamlu	4	505	249452	864867	0
Kamlu Nagla	33	116	277538	792137	0
Kamluiyan	13	485	332675	743694	0
Kamlur	15	375	133596	774905	0
Kammabhadra	25	349	191703	836534	0
Kammabhadra	25	349	192309	838267	0
Kammacheruvupalle	1	190	137503	781175	0
Kammada	16	294	123576	752513	0
Kammadan	16	294	123041	753116	0
Kammadatti Kamanuru	15	47	131509	782790	0
Kammadhanam	31	62	170238	782288	0
Kammadheruvu	15	44	150172	766156	0
Kammadike	15	422	136561	778547	0
Kammaguda	31	62	171717	782828	0
Kammaguda	31	100	169575	789407	0
Kammaguda	31	128	173383	790314	0
Kammagudam	31	100	170586	789700	0
Kammagudem	31	100	171396	792236	0
Kammagudem	31	100	171592	792761	0
Kammagutipalle	1	426	141949	784259	0
Kammaguttapalle	1	190	140335	789054	0
Kammakhandriga	1	207	134613	793055	0
Kammakhandrika	1	45	137688	799503	0
Kammakhedi	19	547	236367	755015	0
Kammakottur	1	45	137865	796783	0
Kammalakuttai	30	227	112836	774031	0
Kammalamadam	1	-1	133942	802831	0
Kammalampattu	30	238	126660	799707	0
Kammalampundi	30	159	125648	797671	0
Kammalankulam	30	186	87777	776620	0
Kammalanparai	30	154	108214	768505	0
Kammalapalaiyam	30	192	125117	795982	0
Kammalapalaiyam	30	227	108604	774862	0
Kammalapatti	30	154	108489	772473	0
Kammalapatti	30	264	100345	781012	0
Kammalappatti	30	183	103983	780371	0
Kammalappatti	30	183	103645	776976	0
Kammalappatti	30	51	115901	782892	0
Kammalapura	15	652	128912	761347	0
Kammallayyavaripalli	1	45	137219	791467	0
Kammalorupalli	15	422	134896	780827	0
Kammalpura	4	381	259497	853869	0
Kammambattu	30	192	126357	790056	0
Kammampadu	31	295	163424	776500	0
Kammampalli	30	215	125629	782713	0
Kammampatti	30	51	119068	779945	0
Kamman Chhapra	4	687	259895	851348	0
Kammanahalli	15	43	130188	776318	0
Kammanakote	15	92	136317	771971	0
Kammananallur	30	427	109503	782976	0
Kammanandal	30	192	126057	791300	0
Kammanandal	30	192	124990	791717	0
Kammanapalle	1	207	131113	786180	0
Kammanayakanahalli	15	93	124955	769343	0
Kammanayanipalle	1	207	132885	785992	0
Kammandu	30	114	113701	767201	0
Kammandur	30	197	122210	794987	0
Kammangadu	30	193	101244	789423	0
Kammani	15	59	147076	745947	0
Kammankatteri	30	159	128503	799745	0
Kammankattur	30	204	110857	778685	0
Kammankote	15	92	136204	771826	0
Kammannaballi	15	55	126093	753555	0
Kammanpur	33	682	274824	787537	0
Kammantangal	30	197	124371	793705	0
Kammantangal	30	192	127532	795089	0
Kammanur	31	63	190646	789533	0
Kammapad	1	195	153428	792929	0
Kammapalaiyam	30	158	130433	793545	0
Kammapalem	1	195	152772	800198	0
Kammapalem	1	195	153839	797170	0
Kammapalem	1	6	144928	795231	0
Kammapalem	1	6	144387	796478	0
Kammapalem	1	6	143966	795916	0
Kammapalem	1	6	143903	795588	0
Kammapalem	1	45	139655	795845	0
Kammapalem	30	220	133025	799257	0
Kammapalle	1	190	141187	789423	0
Kammapalle	1	190	140954	788166	0
Kammapalle	1	207	133143	792501	0
Kammapalle	1	45	135419	794405	0
Kammapalli	1	190	141953	790871	0
Kammapalli	1	190	140983	792040	0
Kammapalli	1	190	140601	792248	0
Kammapalli	1	190	141064	792920	0
Kammapalli	1	190	138663	790198	0
Kammapalli	1	45	137578	791561	0
Kammapalli	1	45	137498	791055	0
Kammapalli	1	45	137083	791122	0
Kammapalli	1	45	136674	790904	0
Kammapalli	1	45	136486	791099	0
Kammapalli	1	207	135840	790493	0
Kammapalli	1	45	135345	791069	0
Kammapalli	1	207	133791	790536	0
Kammapalli	1	207	132247	790611	0
Kammapalli	1	207	131388	790119	0
Kammapalli	1	207	131461	790112	0
Kammapalli	1	207	131990	791798	0
Kammapalli	1	45	136319	799002	0
Kammapatti	30	118	94446	775841	0
Kammapatti	30	118	93892	776180	0
Kammapatti	30	118	94978	777037	0
Kammapatti	30	236	91455	776815	0
Kammapatti	30	201	89797	777597	0
Kammapatti	30	118	93965	780344	0
Kammapatti	30	201	91541	781744	0
Kammapatti	30	201	90836	781587	0
Kammapatti	30	5	92844	784028	0
Kammappatti	30	118	95795	777428	0
Kammappatti	30	118	93870	775394	0
Kammapuram	30	175	114766	794327	0
Kammapuvanipalem	1	81	177584	831972	0
Kammar Palle	31	75	188351	785095	0
Kammarachedu	1	228	155180	772403	0
Kammarachedu	15	44	150552	770428	0
Kammaragatta	15	652	131570	761787	0
Kammaragodu	15	97	133516	755205	0
Kammarahalli	15	97	134691	752969	0
Kammarajodi	1	194	183706	831557	0
Kammarapalaiyam	30	220	133160	800755	0
Kammarapalem	1	212	160240	801861	0
Kammarapalle	1	195	156047	795092	0
Kammarapattu	30	184	128533	787792	0
Kammaravalli	15	74	123064	765104	0
Kammaravandlapalle	1	190	139158	783802	0
Kammaravaripalli	15	422	138678	779236	0
Kammaravaripalli	15	422	138051	778643	0
Kammarayapalle	1	426	140505	779452	0
Kammardi	15	97	135795	752139	0
Kammareddigaripalli	1	207	136301	790469	0
Kammareddipalli	31	448	164141	784720	0
Kammargaon	31	160	192332	798823	0
Kammargatti	15	265	142237	757069	0
Kammarguda	1	258	182254	823627	0
Kammargudem	6	80	185858	807973	0
Kammargudem	25	108	181477	815270	0
Kammarige	15	652	130450	762380	0
Kammariguda	25	108	183798	818609	0
Kammarikatta	31	386	180514	779895	0
Kammarikhanpet	31	717	186346	791993	0
Kammarinipalle	1	99	149698	780690	0
Kammaripeta	31	178	178364	793445	0
Kammariputtu	25	305	185812	827811	0
Kammarkodgi	15	333	136289	751741	0
Kammarkopa	15	248	138169	747569	0
Kammarolapalli	15	47	134434	782182	0
Kammarpal	15	248	137599	749289	0
Kammarpalaiyam	30	238	125315	801349	0
Kammarpalaiyam	30	220	132745	802338	0
Kammaruguda	25	108	184896	821302	0
Kammaruguda	25	108	180203	815783	0
Kammarupalle	25	108	186378	819049	0
Kammaruputtu	25	108	184862	822390	0
Kammarvaripalaiyam	30	220	134352	801345	0
Kammasagar	15	265	141964	758411	0
Kammasagara	15	66	153238	763372	0
Kammasur	20	134	190399	802518	0
Kammatamarikunte	15	246	142354	766605	0
Kammatamuru	1	207	127440	783598	0
Kammataoura	15	652	128800	761586	0
Kammathanahalli	15	422	135693	778567	0
Kammattahalli	15	352	146173	760428	0
Kammatteruvu	30	223	112928	782370	0
Kammavalasa	1	176	185798	834466	0
Kammavandlapalle	1	426	141757	779990	0
Kammavandlapalle	1	426	140447	779466	0
Kammavandlapalle	1	426	139752	778166	0
Kammavandlapalle	1	190	137617	782208	0
Kammavandlapalle	1	190	136822	782715	0
Kammavanpettai	30	184	127732	791842	0
Kammavarakhandigai	30	158	130246	796787	0
Kammavarakoppal	15	93	125445	765838	0
Kammavarikandigai	30	220	131584	798881	0
Kammavaripalaiyam	30	220	133459	802401	0
Kammavaripalaiyam	1	45	140195	798069	0
Kammavaripalaiyam	30	159	130180	799784	0
Kammavaripalaiyam	30	159	129520	796766	0
Kammavaripalem	1	10	162960	800048	0
Kammavaripalem	1	10	161297	800962	0
Kammavaripalem	1	103	167580	802749	0
Kammavaripalem	1	103	167671	803317	0
Kammavaripalem	1	212	159889	806970	0
Kammavaripalem	1	10	159476	797612	0
Kammavaripalem	1	195	158652	797672	0
Kammavaripalem	1	6	147993	797143	0
Kammavaripalem	1	45	140730	799210	0
Kammavaripalem	30	220	132601	798353	0
Kammavaripalle	1	426	141305	777038	0
Kammavaripalle	1	99	149678	778400	0
Kammavaripalle	1	426	144205	779464	0
Kammavaripalle	1	426	141749	777947	0
Kammavaripalle	1	426	141035	778599	0
Kammavaripalle	1	426	140055	777972	0
Kammavaripalle	1	426	138682	779716	0
Kammavaripalle	1	195	161383	794368	0
Kammavaripalle	1	224	150389	782365	0
Kammavaripalle	1	221	149757	783169	0
Kammavaripalle	1	221	149837	789903	0
Kammavaripalle	1	221	146267	787602	0
Kammavaripalle	1	426	139940	781997	0
Kammavaripalle	1	190	134334	783862	0
Kammavaripalle	1	190	134428	783900	0
Kammavaripalle	1	221	144299	787364	0
Kammavaripalle	1	190	142691	787218	0
Kammavaripalle	1	195	154654	795398	0
Kammavaripalle	1	195	152729	795549	0
Kammavaripalle	1	195	150717	795460	0
Kammavaripalle	1	45	141214	795289	0
Kammavaripalli	1	190	143234	792163	0
Kammavaripalli	1	190	141489	793401	0
Kammavaripalli	1	190	140574	792676	0
Kammavaripalli	1	190	140203	793115	0
Kammavaripalli	1	190	140371	793444	0
Kammavarkandigai	30	220	132113	799261	0
Kammavarpalaiyam	30	158	129970	794191	0
Kammayaipatti	30	184	128913	788365	0
Kammaypatti	30	264	99921	784484	0
Kammesandra	15	47	129965	782927	0
Kammeta	31	62	173771	781623	0
Kammevaribrahmanapalle	1	221	148143	781263	0
Kammewala	27	545	310487	750485	0
Kammi	12	39	319491	760124	0
Kamminayanidinne	1	207	131722	786061	0
Kammmavandlapalle	1	426	139560	778496	0
Kammoke	27	214	316156	753257	0
Kammuchi	15	333	138972	752553	0
Kammunpur	33	593	279468	786401	0
Kammuru	1	99	147457	774834	0
Kammuttur	30	215	124990	778163	0
Kamna	33	312	277939	811958	0
Kamnah	33	496	271163	831993	0
Kamnah	33	496	271110	832033	0
Kamnala	12	39	322601	758580	0
Kamnanpur	33	584	254344	821923	0
Kamnapara	6	627	202749	819991	0
Kamnapur	20	132	207524	780888	0
Kamnapur	20	132	210476	776831	0
Kamnapur	33	532	265749	824994	0
Kamnari	12	514	307495	775395	0
Kamnauri	33	444	255444	804662	0
Kamnauri ka Purwa	33	444	255445	804539	0
Kamnayakanahalli	15	93	125874	766298	0
Kamo	28	22	250459	734595	0
Kamo	14	732	244205	854154	0
Kamoa ka Majra	27	-1	303682	768890	0
Kamod	19	443	218200	772763	0
Kamod	19	503	230555	794421	0
Kamod	19	239	213982	754295	0
Kamod	19	239	218759	745878	0
Kamod Khurd	20	182	217742	742076	0
Kamod Khurd	20	182	218589	742736	0
Kamoda	11	482	299358	767316	0
Kamoda	6	279	221393	819191	0
Kamodh	11	747	286463	762997	0
Kamodi	19	503	230651	794518	0
Kamodpada	20	182	218429	740878	0
Kamodpura	19	638	245722	792952	0
Kamodvada	19	317	217797	759034	0
Kamodwara	19	317	220344	757833	0
Kamohr	12	267	313888	773018	0
Kamoi	12	39	321860	758041	0
Kamoji	33	102	246899	830220	0
Kamokhar	33	621	256771	799321	0
Kamokhar	33	152	266733	829568	0
Kamokhari	28	115	259643	766096	0
Kamol	12	514	306629	772006	0
Kamol	31	346	190581	779983	0
Kamola	34	530	292792	792846	0
Kamolar	28	357	249235	763620	0
Kamoldi	34	351	302082	789785	0
Kamoli	34	530	295301	795658	0
Kamolia	33	575	262738	819339	0
Kamolia	33	488	271328	808818	0
Kamolia	33	488	273173	808264	0
Kamonia	14	276	221107	856330	0
Kamoniya	19	646	244407	816573	0
Kamopa	10	140	230882	734160	0
Kamor	13	690	324871	749844	0
Kamori	34	413	296327	797588	0
Kamormane	15	59	149065	746894	0
Kamosoru	25	423	200224	847347	0
Kamot	12	460	309907	772321	0
Kamot	19	153	221790	743578	0
Kamota	34	530	294419	796372	0
Kamowal	27	284	313962	759918	0
Kamowala	27	545	309696	746102	0
Kamp	27	543	304958	766196	0
Kampa	33	688	259369	821204	0
Kampa	33	688	259284	821156	0
Kampa Madhupur	33	688	259730	820239	0
Kampadihi	25	281	216974	854875	0
Kampadihi	25	281	216914	855076	0
Kampaguda	1	194	187127	838236	0
Kampala	25	399	207844	843859	0
Kampalagutapalli	1	207	132398	790119	0
Kampalisagara	15	246	144930	765616	0
Kampalle	1	190	142734	787297	0
Kampalli	31	63	188645	791530	0
Kampamalla	1	224	152029	783703	0
Kampamanupakalu	1	258	178493	821677	0
Kampamkod	16	528	89123	768665	0
Kampanahalli	15	246	138517	762958	0
Kampang	21	649	244407	942393	0
Kampapadai	25	349	194668	838671	0
Kampapur	15	72	164141	767278	0
Kamparegulu	1	258	177689	823608	0
Kamparkala	25	399	214667	852305	0
Kampasamudram	1	6	147818	792479	0
Kampasamudram	1	190	141615	793445	0
Kampasbera	25	281	215102	858589	0
Kampattu	30	192	121290	790175	0
Kampdini	15	77	159165	746757	0
Kampel	19	635	226186	760506	0
Kamperbettu	15	248	131569	751294	0
Kamperi Kukku	15	55	127666	752899	0
Kampha	21	350	250868	942331	0
Kamphu	2	456	277189	964875	0
Kampla	25	527	201251	848798	0
Kamplapur	15	74	123357	761587	0
Kamplapur	15	93	127103	770568	0
Kampli	15	59	148601	748078	0
Kamplikop	15	655	152119	751064	0
Kamporijo	2	729	278204	939325	0
Kampra	25	372	208549	841623	0
Kampti	19	325	220750	792484	0
Kampulai	25	277	210376	857044	0
Kampupattu	30	192	121093	791357	0
Kampur	3	631	261818	926513	0
Kampur	31	271	194922	787979	0
Kampur	33	605	265054	822884	0
Kampur	20	185	212742	746283	0
Kampur	25	572	201611	826651	0
Kampur	33	516	257935	840409	0
Kamra	33	672	291490	776050	0
Kamra	4	636	256693	865407	0
Kamra	4	602	255984	876980	0
Kamra	4	602	257764	878258	0
Kamra	35	347	241812	879237	0
Kamra	14	416	228996	851211	0
Kamra Chak	4	518	250519	866470	0
Kamrahatola	19	142	219170	807787	0
Kamrahatola	19	142	219269	807927	0
Kamrahatola	6	517	219614	809563	0
Kamrahi	11	565	306873	771293	0
Kamrail	4	410	262084	864503	0
Kamraili	4	602	257290	877311	0
Kamrain	4	518	251827	867102	0
Kamraj	6	285	207094	822247	0
Kamraj ka Pura	28	599	268114	779349	0
Kamrajpur	33	553	296070	781634	0
Kamraneon	34	589	302268	788444	0
Kamrang	29	85	271876	883489	0
Kamranganj	4	394	248851	841635	0
Kamranwan	33	31	268816	812450	0
Kamraoli	11	722	280728	774190	0
Kamrapur	33	451	276608	795493	0
Kamrar	34	413	297433	793019	0
Kamrari	33	-1	255114	784090	0
Kamraspalli	20	138	187280	775706	0
Kamrau	12	514	306033	776753	0
Kamraud	6	393	210662	822354	0
Kamrauda	11	500	282896	764807	0
Kamraul	4	569	260775	863423	0
Kamraul	4	602	256271	879968	0
Kamrauli	33	564	261795	836745	0
Kamrauli	33	516	260228	838828	0
Kamrauli	33	31	269898	816008	0
Kamrauli	33	637	264813	815634	0
Kamrauli	33	659	272713	800876	0
Kamraura	33	27	256835	836594	0
Kamravad	20	182	215638	745548	0
Kamrawan	33	479	259520	829390	0
Kamrawan	33	522	273339	819450	0
Kamrawan	33	575	261380	824507	0
Kamrawan	4	136	256956	858380	0
Kamrazipur	13	412	338375	748057	0
Kamre	14	541	233970	852609	0
Kamreddihalli	15	422	134437	775990	0
Kamrej	10	137	212849	729724	0
Kamri	25	305	186897	826116	0
Kamri	4	727	254700	868062	0
Kamriaon	4	363	255449	843632	0
Kamrid	6	669	220112	827141	0
Kamrid	6	669	217583	824695	0
Kamrid	6	611	215378	833156	0
Kamridand	33	102	241637	829709	0
Kamripur	33	688	258718	819645	0
Kamrod	6	642	208229	812236	0
Kamrod	6	627	208017	817467	0
Kamroda	10	124	234451	735042	0
Kamroi	25	399	209709	846278	0
Kamrora	14	276	227437	851896	0
Kamrora	14	276	227155	853262	0
Kamrotanr	14	434	240435	861827	0
Kamroth	12	267	313379	772553	0
Kamru	33	492	288308	788500	0
Kamruddinnagar	33	553	296014	784760	0
Kamsadagadde	15	333	138124	752565	0
Kamsagara	15	93	123817	771310	0
Kamsai	33	523	280333	784942	0
Kamsalabetapudi	1	307	164687	815989	0
Kamsalakunta	1	25	168632	813481	0
Kamsalapalem	1	87	168984	816296	0
Kamsalapalli	1	45	138359	790476	0
Kamsalapalli	1	45	137990	790556	0
Kamsalapalli	1	45	137882	791196	0
Kamsalapalli	1	45	137529	791656	0
Kamsalapalli	1	45	137586	791056	0
Kamsalavandlapalle	1	190	137616	782558	0
Kamsalgundi	1	258	181566	827891	0
Kamsalkudi	30	5	95915	788810	0
Kamsalyapuram	25	243	188172	839413	0
Kamsan	33	682	275285	785965	0
Kamsanahalli	15	92	136785	773533	0
Kamsanapalli	15	422	137528	779559	0
Kamsandra	15	47	128764	781994	0
Kamsandra	15	375	132096	773790	0
Kamsandra	15	43	130792	777163	0
Kamsandra	15	375	131502	777821	0
Kamsanpalle	31	203	172260	774987	0
Kamsanpalli	31	62	170080	781178	0
Kamsar	33	280	273146	826134	0
Kamsara	4	615	260531	844786	0
Kamsara Dih	4	-1	253775	836806	0
Kamsari	12	460	314332	777303	0
Kamsari	33	27	257789	838592	0
Kamsaro	33	644	275802	782979	0
Kamsarpalaiyam	1	45	135764	799557	0
Kamsera	33	710	261808	792443	0
Kamsherha	12	267	314678	768617	0
Kamshet	20	52	187652	735539	0
Kamshetpalli	31	58	184576	778737	0
Kamsipur	33	516	258298	838033	0
Kamsukona	25	349	194560	832316	0
Kamt	14	673	242206	839217	0
Kamta	6	642	207735	810532	0
Kamta	6	642	205121	810923	0
Kamta	6	676	200624	812130	0
Kamta	6	681	218967	816520	0
Kamta	19	354	221995	797319	0
Kamta	19	502	242830	797484	0
Kamta	4	718	250829	836375	0
Kamta	14	712	242928	836323	0
Kamta	14	712	241463	839156	0
Kamta	31	271	196904	786232	0
Kamta	19	503	230083	794334	0
Kamta	19	512	243329	802153	0
Kamta	33	685	268749	810196	0
Kamta	20	616	195838	774090	0
Kamta	33	496	270520	835198	0
Kamta	33	496	272190	837413	0
Kamta	13	690	326068	752940	0
Kamta	19	461	223693	803702	0
Kamta	6	669	217969	825602	0
Kamta	6	723	220470	816900	0
Kamta	6	365	216288	817638	0
Kamta	4	734	251858	845307	0
Kamta	4	520	260138	847168	0
Kamta	4	663	251728	858136	0
Kamta	4	632	259634	869084	0
Kamta	4	495	253369	852846	0
Kamta	14	379	238488	850031	0
Kamta	14	541	235095	850208	0
Kamta	14	541	234910	854229	0
Kamta	14	541	234130	852896	0
Kamta	14	416	230513	852926	0
Kamta	14	377	235284	857059	0
Kamta	14	541	233908	856273	0
Kamta	14	678	236901	847413	0
Kamta	14	310	231478	846880	0
Kamta	14	310	228742	849034	0
Kamta	14	434	245955	858484	0
Kamta Ahir Purwa	33	654	261014	813327	0
Kamta Chak	4	581	255506	851465	0
Kamta Khurd	33	496	270474	835107	0
Kamta Khurd	14	379	241707	849640	0
Kamta Upar	6	676	200600	812559	0
Kamtahala	31	271	197962	783908	0
Kamtahia	33	152	267639	826511	0
Kamtail	33	516	258830	838592	0
Kamtala	20	138	196699	781822	0
Kamtala	19	313	243903	806284	0
Kamtalhalli	15	422	137624	776628	0
Kamtampalli	15	47	134180	782028	0
Kamtana	19	512	243835	799571	0
Kamtanahalli	15	92	138172	773417	0
Kamtanahalli	15	422	135961	778053	0
Kamtapet	20	110	200220	796042	0
Kamtara	19	446	222519	769953	0
Kamtara	33	312	277849	801909	0
Kamtara	6	384	228036	840134	0
Kamtari	33	710	258895	790409	0
Kamtari	19	446	222458	769814	0
Kamtari	33	526	268675	786614	0
Kamtatola	19	461	223773	803630	0
Kamtaul	4	535	263280	858238	0
Kamtaul	4	535	265765	859015	0
Kamtaul	4	136	258161	856132	0
Kamtaul Ghazi	4	381	259895	853012	0
Kamtaul Jagdish	4	381	259899	853070	0
Kamtaul Muzaffarpur	4	381	260006	852967	0
Kamtaulia	4	535	265874	862831	0
Kamtaulia	4	687	259301	851568	0
Kamtepani	34	413	298741	791660	0
Kamtera	20	134	201153	804143	0
Kamtha	20	168	215149	803072	0
Kamtha	12	267	313676	770268	0
Kamtha	19	325	225245	788993	0
Kamtha	6	490	214247	810843	0
Kamtha	33	710	257922	793696	0
Kamtha	19	568	222793	774750	0
Kamtha	19	443	221284	775439	0
Kamtha	20	127	206524	775465	0
Kamtha	20	169	206464	773920	0
Kamtha	19	325	220695	783699	0
Kamtha	31	75	188574	780861	0
Kamtha Khurd	20	138	191863	773515	0
Kamthaina	33	329	288429	795531	0
Kamthala	12	348	324713	759304	0
Kamthan	27	284	318103	756540	0
Kamthan	12	604	309415	769920	0
Kamthana	25	273	199629	831318	0
Kamthane	20	54	206016	741626	0
Kamthara	19	484	256976	783357	0
Kamtharalahalli	15	422	136742	777362	0
Kamthari Nurpur	33	564	258510	834040	0
Kamthatola	20	168	215058	803171	0
Kamthenan	33	329	283019	791180	0
Kamthi	19	568	226076	781596	0
Kamthi	20	139	214568	785502	0
Kamthi	20	139	210713	786275	0
Kamthi	19	325	219568	788281	0
Kamthi	20	141	208793	785234	0
Kamthi	20	141	208362	786539	0
Kamthi	20	139	216062	793665	0
Kamthi	19	142	217761	797491	0
Kamthi	19	443	222390	779147	0
Kamthi	19	325	224602	788776	0
Kamthi	20	139	213777	788552	0
Kamthi	19	142	218686	800276	0
Kamthi	6	517	223537	814177	0
Kamthi Colliery	20	139	212479	792265	0
Kamthi Kalan	19	325	216799	785562	0
Kamthi Khurd	19	325	216239	785348	0
Kamthi Tola	19	142	218613	800328	0
Kamthikheri	20	139	214667	791667	0
Kamthitola	19	142	217832	797466	0
Kamti	19	568	227659	786287	0
Kamti	19	503	229077	787370	0
Kamti	19	503	229207	789808	0
Kamti	19	503	229990	794347	0
Kamti	33	694	251257	832158	0
Kamti	4	718	250849	836333	0
Kamti	15	652	129934	758229	0
Kamti	14	377	235164	857009	0
Kamti Khurd	19	325	218764	786596	0
Kamti Khurd	19	503	230260	794959	0
Kamtidhana	19	325	226675	786729	0
Kamtiya	19	576	230569	797387	0
Kamton	19	326	231120	777973	0
Kamton	19	326	230192	782371	0
Kamtonatola	6	620	203035	805952	0
Kamtra	19	512	240346	803123	0
Kamuan	33	329	284582	795796	0
Kamuan Kalan	33	329	283409	795441	0
Kamuan Makruka	33	329	285562	794511	0
Kamudakkudi	30	5	95578	785298	0
Kamugakkudi	30	257	107960	794710	0
Kamugakkudi	30	257	109801	797371	0
Kamugampallam	30	159	127907	797027	0
Kamugudem	1	25	171862	813306	0
Kamukamehari	16	528	90527	768783	0
Kamun	13	35	334300	755975	0
Kamunadand	19	607	243549	825663	0
Kamundlagondi	15	265	145266	764897	0
Kamunj	20	132	209837	776962	0
Kamunpur	33	27	257137	838405	0
Kamupur	33	515	263776	836234	0
Kamupur	4	136	258955	859442	0
Kamur	30	435	83983	772784	0
Kamusanpalli	31	272	167887	775855	0
Kamvada	25	108	182194	819811	0
Kamvadi	20	131	184260	752548	0
Kamwa Nagla	33	531	287896	792191	0
Kamwadi	20	156	182871	769114	0
Kamwal	27	665	323752	756375	0
Kamwan	33	488	273917	809365	0
Kamyabpur	33	488	274997	809605	0
Kamyun Khet	34	533	291930	802305	0