Karhal	33	445	270009	789394	26693
Karha	33	698	257483	811912	0
Karha	13	289	341637	740097	0
Karha	33	152	268703	827523	0
Karha Chak Pas Purwa	33	314	264412	834416	0
Karhachmau	33	659	273444	797976	0
Karhad	19	338	236970	784913	0
Karhai	33	621	257272	796203	0
Karhai	6	627	201326	820652	0
Karhaia	19	325	217392	791184	0
Karhaia	19	313	245983	805119	0
Karhaia	19	313	245131	805265	0
Karhaia	19	337	238236	801523	0
Karhaia	19	337	239656	804236	0
Karhaia	19	337	239570	804265	0
Karhaia	19	336	236907	806748	0
Karhaia	19	354	227765	800321	0
Karhaia	19	461	229730	802511	0
Karhaia Debi	33	654	260153	815444	0
Karhaia Kalan	19	337	239494	800984	0
Karhaia Khoh	19	660	236329	772868	0
Karhaia Khurd	19	337	239516	800848	0
Karhaia Khurd	19	337	238142	802241	0
Karhaia Sangam	33	280	272922	826773	0
Karhaiya	19	325	221683	785069	0
Karhaiya	19	503	228852	793161	0
Karhaiya	19	354	219203	795151	0
Karhaiya	19	324	244230	771783	0
Karhaiya	19	208	235093	777698	0
Karhaiya	33	444	255829	803748	0
Karhaiya	19	326	231447	780346	0
Karhaiya	19	503	230812	792474	0
Karhaiya	19	354	220639	794537	0
Karhaiya	19	576	235342	802145	0
Karhaiya Kalan	19	326	231398	787531	0
Karhaiyan Karilgarh	33	278	267386	788725	0
Karhaka	33	488	276627	811141	0
Karhal	20	138	188298	778001	0
Karhal	33	314	265926	833222	0
Karhal Kalan	27	544	312871	753075	0
Karhal Khurd	27	544	312748	753023	0
Karhal Nauabad	27	544	312761	752871	0
Karhali	19	503	230998	788767	0
Karhali	27	543	301627	763290	0
Karhalli	15	375	133279	776899	0
Karhalli	15	375	132123	779520	0
Karhallidoddi	15	603	124891	772072	0
Karhama	13	0	344206	738039	0
Karhan	33	564	259676	833707	0
Karhan	4	382	263449	848029	0
Karhana	12	39	319386	759542	0
Karhandia	20	390	207613	797845	0
Karhandla	20	139	208472	793962	0
Karhani	4	117	244313	844231	0
Karhaniadih	4	718	246971	835091	0
Karhans	11	286	292754	770104	0
Karhansi	4	597	255054	839715	0
Karhansi	4	597	254964	839582	0
Karhansi	4	394	251549	841199	0
Karhanu	4	615	261865	842929	0
Karhar	33	661	272668	797113	0
Karhar	33	196	252405	826481	0
Karhar	33	152	269310	822786	0
Karhara	19	-1	245675	850314	0
Karhara	4	581	253040	848744	0
Karhara	4	112	247516	842372	0
Karhara	4	106	247050	854983	0
Karhara	4	535	261394	864198	0
Karhara	4	636	256851	865246	0
Karhara	4	117	248760	849008	0
Karhara	4	507	252085	851051	0
Karhara	4	636	258558	864010	0
Karhara	4	505	248273	864426	0
Karhara	4	117	245863	849679	0
Karharbari	14	434	241803	862631	0
Karhari	19	638	252613	799924	0
Karhari	19	208	238210	782288	0
Karhari	4	112	247564	842402	0
Karhari	4	569	260584	861552	0
Karhari	4	569	259440	861455	0
Karhari	4	687	258559	853241	0
Karhari	4	106	249053	858431	0
Karhari	14	434	241581	862441	0
Karharia	4	518	252144	866328	0
Karharia	4	396	251295	867437	0
Karharia	4	582	250074	867297	0
Karharia	4	582	250076	871422	0
Karharia	4	396	250968	871163	0
Karharia	4	396	250649	871636	0
Karharia	4	505	245833	864086	0
Karharwa	4	535	265484	861469	0
Karharwa	4	410	262027	868601	0
Karharwa Sunpatha	4	535	265745	863372	0
Karhat	33	196	252129	830494	0
Karhat	33	464	288613	785796	0
Karhata	4	117	248339	849024	0
Karhati	20	52	182627	744223	0
Karhatia Buzurg	4	687	258631	854181	0
Karhaud	19	326	234324	779052	0
Karhe	20	54	206378	742602	0
Karhech	12	460	311342	770646	0
Karhela	33	174	276486	774308	0
Karheoli	33	661	274101	793493	0
Karhera	11	88	299953	772383	0
Karhera	33	525	294456	779065	0
Karhera	33	548	269451	798516	0
Karhera Khurd	11	88	300823	772846	0
Karheran ki Madaiyan	33	451	276581	796908	0
Karheri	11	524	279439	769996	0
Karheri	33	31	269108	816909	0
Karhi	19	335	225657	744822	0
Karhi	19	465	259447	783551	0
Karhi	6	723	218900	820021	0
Karhi	6	279	218883	820932	0
Karhi	6	365	218013	821712	0
Karhi	6	365	216183	820244	0
Karhi	6	681	217000	813397	0
Karhi	6	723	219675	817153	0
Karhi	33	102	247367	834151	0
Karhi	19	497	247206	817997	0
Karhi	19	313	246020	807925	0
Karhi	19	313	243722	808244	0
Karhi	33	619	252609	812689	0
Karhi	33	280	272369	827761	0
Karhi	33	280	270936	828586	0
Karhi	33	280	270413	828652	0
Karhi	33	623	268927	828806	0
Karhi	33	314	265898	834966	0
Karhi	19	336	232834	807419	0
Karhi	20	54	202310	744817	0
Karhi	6	388	217095	828538	0
Karhi	6	388	217150	828339	0
Karhi	6	723	220796	817165	0
Karhi	6	517	218406	813972	0
Karhi	6	681	216469	816553	0
Karhi	6	365	217294	817773	0
Karhi	6	299	213020	819129	0
Karhi	33	686	265832	794741	0
Karhi	4	505	244394	864180	0
Karhi Baghi	33	280	270447	828678	0
Karhi Bhawan	33	515	263301	840573	0
Karhi ka Dera	33	621	258877	802742	0
Karhi Khodra	6	676	201018	812046	0
Karhi Masjidia	33	280	270899	828533	0
Karhi Pande	33	515	263318	840442	0
Karhi Rohra	6	681	218476	817620	0
Karhia Basauli	4	457	269701	842176	0
Karhibhadar	6	642	206997	813082	0
Karhidih	6	275	213713	814807	0
Karhidih	6	275	212254	812900	0
Karhidih	6	393	209394	825201	0
Karhikachhar	6	279	224150	820386	0
Karhikola	19	217	229008	814400	0
Karhima	14	379	242641	849267	0
Karhipara	6	279	220796	821391	0
Karhipur	6	620	205659	806636	0
Karhitola	19	646	242396	816862	0
Karhiwa	33	698	259792	808964	0
Karhiya	19	503	229533	786427	0
Karhiya	19	503	228484	794012	0
Karhiya	33	621	256098	801255	0
Karhiya	19	208	233694	780248	0
Karhiya	19	497	246312	817858	0
Karhiya	19	313	242773	813419	0
Karhiya	33	242	252477	829959	0
Karhiya	19	607	244650	823591	0
Karhiya Bazar	33	654	259927	815426	0
Karhiyai	19	497	251439	815515	0
Karhna	19	512	241009	800825	0
Karhna	33	623	270376	830915	0
Karhol	20	67	200761	775182	0
Karhol	13	146	336400	751242	0
Karhola	19	326	234664	783567	0
Karholi	20	168	207846	801367	0
Karholi	20	134	204971	801478	0
Karhori ka Nagla	33	278	269833	791268	0
Karhori Ka Purwa	33	686	265599	795694	0
Karhu	19	142	220810	806790	0
Karhui	33	623	265980	830731	0
Karhul	6	365	217478	817752	0
Karhuli Mafi	33	444	256360	807932	0
Karhuma	14	678	237647	845608	0
Karhun	13	35	334342	756005	0
Karhut	13	529	332576	752886	0
Karhwani	19	420	254261	772456	0
Karhyan	12	267	320156	768632	0