Kashipur	34	617	292140	789569	103138
Kasganj	33	593	278088	786458	99462
Kasipalaiyam	30	204	113198	777097	73425
Kasibugga	1	453	187593	844161	57507
Kasaragod	16	294	124984	749896	54172
Kasba	4	590	258564	875384	30421
Kasrawad	19	317	221275	756110	22750
Kasara	20	237	196451	734743	15611
Kasdol	6	365	216186	824249	14071
Kasinagar	25	243	188570	838809	9684
Kasipalaiyam	30	204	114558	773314	9093
Kasauli	12	604	308986	769659	5215
Kasipet	31	90	190270	794381	5133
Kasinayakkampatti	30	180	124827	785336	4779
Kas	20	64	177126	738095	0
Kas	13	485	332317	741292	0
Kas	13	485	329601	743474	0
Kas	12	267	319269	768127	0
Kas	12	267	316257	767962	0
Kas	6	285	206634	820759	0
Kas	13	485	332924	741337	0
Kas Balari	13	1	336878	741052	0
Kasa	19	462	248993	789654	0
Kasa	20	168	216224	801843	0
Kasa Khurd	20	187	199090	729531	0
Kasa Tola	20	168	216112	801823	0
Kasab Muhalla	19	338	238471	787225	0
Kasab Purwa	33	152	268951	827802	0
Kasabad	27	647	309810	758442	0
Kasabkheda	20	112	200093	751285	0
Kasabu	1	258	182006	826428	0
Kasad	33	445	271041	791846	0
Kasadand	6	676	200145	810804	0
Kasagaru	15	333	137154	753366	0
Kasaghatta	15	375	132682	773888	0
Kasaguda	1	194	187066	837579	0
Kasaha	33	686	266251	795973	0
Kasaha	33	522	272123	817233	0
Kasaha	4	535	262007	864130	0
Kasaha	4	410	261107	868527	0
Kasahan	33	33	259363	825314	0
Kasahapar	4	495	253864	852270	0
Kasahr	13	358	331425	756092	0
Kasahri	33	605	267793	815649	0
Kasai	20	48	178954	761011	0
Kasai	19	443	215405	774587	0
Kasai	19	497	245358	814505	0
Kasai	19	354	226435	795548	0
Kasai Purwa	33	522	269731	821025	0
Kasaia	10	124	233562	735164	0
Kasaia Muwara	10	124	231164	733362	0
Kasaiapahari	14	643	243519	875713	0
Kasaibahara	6	725	226941	819248	0
Kasaibahara Khurd	6	279	225392	820307	0
Kasaibahra	6	279	224771	820721	0
Kasaidabra	6	517	218629	809100	0
Kasaideriya	19	334	237462	760893	0
Kasaidohar	14	476	226117	844285	0
Kasaihari	6	269	235070	838534	0
Kasaikheda	20	132	216793	770230	0
Kasaila	33	152	266974	827027	0
Kasaila	33	152	267856	828060	0
Kasaila	33	623	267621	830760	0
Kasaila	4	641	262287	875139	0
Kasaila Babu	33	152	267200	824508	0
Kasain	34	430	303813	780771	0
Kasain	4	507	252075	849290	0
Kasaipali	6	17	221049	829938	0
Kasaipali	6	17	217759	834373	0
Kasaipalli	31	90	190170	791031	0
Kasaipani	25	572	200124	826625	0
Kasaiphata	19	142	216376	805763	0
Kasaipur	33	575	260415	823387	0
Kasaisonda	19	449	230872	809085	0
Kasaiti	33	682	275848	786469	0
Kasaitola	14	673	240416	840569	0
Kasaiwara	27	542	301046	752295	0
Kasaiya	19	607	241144	822430	0
Kasaiyan ki Dhani	28	288	283622	752741	0
Kasakati	25	373	204042	842097	0
Kasakend	14	434	240458	862127	0
Kasakendu	25	273	198998	831423	0
Kasakundi	6	517	224204	811190	0
Kasal	20	206	161568	736833	0
Kasal	31	32	177106	781732	0
Kasal	19	322	259730	788726	0
Kasala	20	67	199132	776607	0
Kasalabad	31	447	180875	786499	0
Kasalagere	15	93	128020	768698	0
Kasalai	30	5	97044	789261	0
Kasalanativarikhandrika	1	6	143244	795099	0
Kasalapalle	1	99	147521	777607	0
Kasalapur	31	386	180614	784394	0
Kasalavativarikhandrika	1	6	144251	796356	0
Kasalgere	15	93	124740	768065	0
Kasalji Muwara	10	164	230715	731036	0
Kasalkunta	1	25	172061	813326	0
Kasalpur	25	297	209251	841897	0
Kasalpur	10	124	233315	735287	0
Kasalpur	25	372	208287	841848	0
Kasalpur	25	372	207318	841953	0
Kasalran	13	1	337761	740521	0
Kasambal	12	267	320254	768610	0
Kasambha	33	31	270238	811867	0
Kasambhowal	12	604	309987	767300	0
Kasambi	15	91	146835	753385	0
Kasamdahar	19	325	225977	787777	0
Kasamdoddi	15	50	161873	768617	0
Kasamkuppam	1	45	134767	795526	0
Kasampatti	30	183	101490	782179	0
Kasampur	20	132	212313	773747	0
Kasampur	20	169	207672	772229	0
Kasampur	20	132	209249	772647	0
Kasampura	20	78	207519	755728	0
Kasamu	14	570	250570	875079	0
Kasan	11	606	283574	769026	0
Kasan	11	614	296519	764068	0
Kasan	12	267	318045	768528	0
Kasan	12	267	317615	768921	0
Kasan	34	413	296927	798228	0
Kasan Basti	11	439	298458	769288	0
Kasana	27	284	319010	755609	0
Kasana	10	124	235770	735615	0
Kasana Walla	34	589	297535	790239	0
Kasanakhal	25	349	194667	830112	0
Kasanakhal	25	349	194516	830085	0
Kasanamakki	15	248	135039	750304	0
Kasanapalli	31	222	182975	789863	0
Kasanavaripalem	1	212	159590	807448	0
Kasanda	25	546	210900	840439	0
Kasandra	10	123	228923	724907	0
Kasangad	10	124	238193	732043	0
Kasangadde	15	333	139606	747584	0
Kasangadu	30	254	104360	793791	0
Kasangathan Sanarkudi	30	186	83448	778534	0
Kasangi	19	142	218198	804015	0
Kasanguda	31	100	172130	795117	0
Kasani	34	589	298893	790029	0
Kasani	34	589	299597	783350	0
Kasani	34	530	293289	796757	0
Kasani	34	530	293698	796360	0
Kasani	34	589	298924	789338	0
Kasani	34	589	298532	789718	0
Kasankottai	30	369	110665	792976	0
Kasanpal	6	577	186881	817750	0
Kasanpalli	31	386	179141	785309	0
Kasanpur	10	205	238227	731128	0
Kasansur	20	134	198368	803542	0
Kasantittu	26	191	118568	798005	0
Kasanuru	1	221	146189	781638	0
Kasaon	33	33	255571	828216	0
Kasap	4	363	254702	846087	0
Kasapa	25	405	213383	864579	0
Kasapadi	15	333	141332	751295	0
Kasapalle	1	99	147462	777959	0
Kasapara	6	611	215711	831818	0
Kasapatnam	31	557	182787	792970	0
Kasapeta	1	194	186382	833682	0
Kasaphal	33	686	264409	793703	0
Kasaphri	12	267	312957	771978	0
Kasappanahalli	15	246	137794	764948	0
Kasapur	33	688	259362	818001	0
Kasapur	31	447	181471	791400	0
Kasapura	15	92	138419	771808	0
Kasapura	15	92	135631	773683	0
Kasapuram	31	58	181988	784564	0
Kasapuram	1	426	140154	777512	0
Kasapuram	1	426	137976	770674	0
Kasapuram	15	352	147897	766395	0
Kasapuram	15	352	147915	766341	0
Kasapuram	1	99	151954	773901	0
Kasapuram	31	557	183299	793617	0
Kasar	28	357	249833	759167	0
Kasar	19	638	246711	796360	0
Kasar	19	607	242192	825435	0
Kasar	19	607	242241	825540	0
Kasar	11	586	287006	768860	0
Kasar	12	39	318341	764369	0
Kasar	4	663	250462	858020	0
Kasar Balkund	20	156	179415	768495	0
Kasar Behela	20	67	197931	778457	0
Kasara	33	479	257684	829309	0
Kasara	25	546	215752	843326	0
Kasara	25	262	216786	848816	0
Kasarabada	1	103	166698	801452	0
Kasaraguppe	15	333	143275	750490	0
Kasarajavalaga	20	48	176994	764666	0
Kasarajupalli	31	100	165161	790900	0
Kasarajupeta	30	220	131713	796025	0
Kasarala	20	110	206049	796358	0
Kasaram	31	62	172445	783012	0
Kasaram	31	32	175051	781685	0
Kasaram	31	557	185242	789685	0
Kasaram	31	46	168935	805866	0
Kasaram	6	577	180303	810633	0
Kasaram	31	46	174937	813652	0
Kasaram	31	447	178590	787032	0
Kasaram	1	45	138785	796973	0
Kasaranenivarigudem	1	25	169205	812083	0
Kasaranenivaripalem	1	308	163400	807222	0
Kasaranhalli	15	652	129115	765486	0
Kasaravad	19	239	220741	749323	0
Kasaravalli	15	333	136300	752260	0
Kasaravanilanka	1	68	164166	807153	0
Kasarbarli	19	335	230440	749853	0
Kasarbhosgi	15	71	169488	766221	0
Kasarbodi	20	110	205329	792225	0
Kasarbori	20	134	205147	803838	0
Kasarda	20	206	164310	736881	0
Kasare	20	185	209494	742593	0
Kasare	15	333	139676	749464	0
Kasareddipalli	31	32	175117	782747	0
Kasareddipalli	31	447	176993	787796	0
Kasargata	20	110	198738	796074	0
Kasargata Tola	20	110	198677	796074	0
Kasargatta	15	375	131662	772621	0
Kasari	19	547	235712	754856	0
Kasari	20	54	202326	747549	0
Kasari	33	102	246716	832372	0
Kasari	20	49	199314	764159	0
Kasari	33	626	256545	813709	0
Kasari	33	584	253636	821523	0
Kasari	33	102	247335	829799	0
Kasari	33	605	265990	816754	0
Kasari	33	564	259979	834768	0
Kasari	33	584	255541	817675	0
Kasari	6	455	211604	809387	0
Kasari	20	168	208721	802319	0
Kasari	20	134	206483	800918	0
Kasari	20	134	204921	803554	0
Kasari	14	442	250954	875191	0
Kasari	14	442	251529	876884	0
Kasari	33	659	274179	801941	0
Kasari	14	379	239909	848891	0
Kasari Masari	33	584	254251	817937	0
Kasaridih	6	275	211786	812895	0
Kasarjaola	20	156	185006	763955	0
Kasarkhed	20	132	207794	781870	0
Kasarkhed	20	49	207114	764239	0
Kasarkhed	20	169	207052	774454	0
Kasarkhed	20	169	205158	773414	0
Kasarkhed	20	54	201461	744412	0
Kasarkheda	20	141	208997	785147	0
Kasarkheda	20	78	212355	755567	0
Kasarkheda	20	78	210703	759922	0
Kasarkod	15	59	142475	744568	0
Kasarlapad	31	241	173316	795408	0
Kasarloi	25	683	216395	846390	0
Kasarni	19	446	222084	772123	0
Kasarpara	6	577	185223	815197	0
Kasarpeth	20	138	198298	780366	0
Kasarpeth	20	138	198165	780070	0
Kasarpeth	20	141	205686	791692	0
Kasarpur	33	27	256723	835761	0
Kasarpura	19	317	216902	757083	0
Kasarpura	19	335	232397	747862	0
Kasarsirsi	20	156	179242	767549	0
Kasartakhet	34	589	298593	790011	0
Kasarwadi	20	34	190694	763967	0
Kasarwadi	20	151	189477	767633	0
Kasarwadi	20	138	186123	773861	0
Kasarwadi	20	34	188634	766059	0
Kasarwai	6	285	206868	820781	0
Kasarwar	10	125	220935	741196	0
Kasarwar	10	125	221061	741105	0
Kasarwari	20	48	183773	760150	0
Kasarwari	28	163	231166	743315	0
Kasat	4	641	264012	875159	0
Kasatiangtoli	14	379	242577	847107	0
Kasaud	12	267	316669	771137	0
Kasauda	28	113	274450	769488	0
Kasaula	11	500	281269	766512	0
Kasauli	11	500	281112	766467	0
Kasauli	12	604	309826	771289	0
Kasauli	33	525	296037	775723	0
Kasauli	33	525	294994	778145	0
Kasauli	11	614	301177	764176	0
Kasauli	27	608	304415	768455	0
Kasauli	33	445	270499	787759	0
Kasauli	33	621	259626	799410	0
Kasauli	33	622	284567	785955	0
Kasauli	27	608	308410	767830	0
Kasauli	33	488	273526	806694	0
Kasauli	33	488	273441	806711	0
Kasaulia	33	575	262154	826130	0
Kasauliyan ka Pura	19	322	266162	784572	0
Kasaun	34	413	296810	796652	0
Kasaun Nizampur	33	682	275225	787521	0
Kasaundar	33	516	259998	838024	0
Kasaundha	33	102	247338	833694	0
Kasaundhan	33	584	253200	821878	0
Kasaunja	33	31	272206	812978	0
Kasaunjha	33	584	254675	822074	0
Kasaur	11	614	299676	762200	0
Kasaur	13	477	324413	756760	0
Kasaura	33	553	294855	782395	0
Kasaura	33	532	263067	828646	0
Kasauta	33	584	251147	816835	0
Kasauta	33	584	251298	816821	0
Kasauti	33	526	272322	778012	0
Kasauti	4	734	251263	845966	0
Kasauti	4	112	246203	843207	0
Kasautiya	4	112	247525	841954	0
Kasauwa	33	278	266368	790076	0
Kasavadikoppa	15	333	143402	751789	0
Kasavanahalli	15	352	146917	760865	0
Kasavanahalli	15	246	143558	762016	0
Kasavanahalli	15	265	145639	763662	0
Kasavanahalli	15	246	140665	763457	0
Kasavanahalli	15	246	142041	765173	0
Kasavanahalli	15	97	135281	761694	0
Kasavanahalli	15	652	135178	762957	0
Kasavanahalli	15	246	139547	766977	0
Kasavanahalli	15	74	120166	766213	0
Kasavanahalli	15	93	128340	767807	0
Kasavanampatti	30	183	103692	778699	0
Kasavanur	15	69	118380	767655	0
Kasavanur	30	193	105414	784927	0
Kasavanurappatti	30	260	105301	784501	0
Kasavanuru	1	207	134470	793923	0
Kasavaram	31	46	175895	811569	0
Kasavarapadu	31	46	175161	814520	0
Kasavigondanahalli	15	246	144395	768385	0
Kasavireddihalli	15	47	131552	784504	0
Kasawa	33	548	270737	795421	0
Kasawa	33	584	255975	820632	0
Kasawahi	6	676	205325	813323	0
Kasawahi	6	627	206263	814941	0
Kasawai	6	285	205269	822148	0
Kasawan	33	488	271706	808848	0
Kasba	13	1	338094	741518	0
Kasba	28	22	247343	735278	0
Kasba	19	420	252063	776229	0
Kasba	33	31	267830	812916	0
Kasba	33	31	266909	813905	0
Kasba	33	605	266471	823869	0
Kasba	13	477	325008	753142	0
Kasba	12	39	319159	760479	0
Kasba	12	39	318815	760039	0
Kasba	15	55	127438	754735	0
Kasba	14	442	250761	877478	0
Kasba	4	602	256328	879791	0
Kasba Ayyampalaiyam	30	227	109834	772235	0
Kasba Badlu	33	654	261131	807760	0
Kasba Basar	15	55	128670	748337	0
Kasba Basti	33	152	268113	827563	0
Kasba Chandragi	15	77	160413	751423	0
Kasba Chauka	19	326	236878	784326	0
Kasba Fatehpur	33	479	259829	828755	0
Kasba Gidhaur	4	505	248503	861986	0
Kasba Husain	33	314	264272	832485	0
Kasba Khas	33	522	270900	824703	0
Kasba Khas	33	479	262419	831254	0
Kasba Kotra	33	553	294285	784475	0
Kasba Mafiat	33	575	264233	818693	0
Kasba Maker	4	520	259591	850316	0
Kasba Mhasrang	20	57	161495	740487	0
Kasba Mirgoda	35	538	217213	874833	0
Kasba Narayangarh	35	650	221559	873882	0
Kasba Nesri	20	57	160562	743274	0
Kasba Nul	20	57	162105	744331	0
Kasba Pataspur	35	538	220184	875398	0
Kasba Rajpur	33	531	288670	792737	0
Kasba Sarai	33	329	282150	795439	0
Kasba Sarud	20	57	169106	740452	0
Kasba Tarle	20	57	164484	740217	0
Kasbagarh	33	431	302425	775396	0
Kasbagaur	4	535	264058	862947	0
Kasbagoas	35	452	241695	885014	0
Kasbagola	35	538	218104	874480	0
Kasbakarana	30	197	120208	794668	0
Kasbakhera	33	621	255387	796304	0
Kasbapur	33	329	286809	793559	0
Kasbarwatola	4	363	253023	843322	0
Kasbegawhan	20	132	210979	774107	0
Kasbhaidigepalle	1	190	141447	786957	0
Kasbi	19	335	229515	748698	0
Kasbidu	15	422	137163	779621	0
Kasda	19	607	245953	826022	0
Kasda Kalan	19	568	224784	776786	0
Kasdabar	14	379	243983	848615	0
Kasdaha	33	561	253600	824162	0
Kasdaha	33	532	263812	828214	0
Kasdal	13	289	339774	744180	0
Kasdal	6	17	220607	834252	0
Kasdega	14	476	225098	840778	0
Kasdeura	4	615	261391	845351	0
Kasdha	19	568	224136	778184	0
Kasdhana	33	196	251603	823281	0
Kasdol	6	393	212306	830415	0
Kasea	14	276	223002	853855	0
Kasegaon	20	65	171267	741864	0
Kasegaon	20	131	176157	753314	0
Kasehra	33	280	271002	830030	0
Kasehra	33	314	265961	832023	0
Kasehti	33	654	262589	812914	0
Kasei	19	313	243422	809223	0
Kasekera	6	285	209275	821464	0
Kasekera	6	393	209580	824217	0
Kasel	27	250	315381	747464	0
Kasela	6	490	214659	810736	0
Kasela	33	682	274967	789450	0
Kaselpur	33	515	263412	841071	0
Kasempalli	31	58	183100	783706	0
Kasenaplli	31	90	187912	795109	0
Kasendah	11	466	291378	768330	0
Kasendha	33	626	254161	816532	0
Kasendhi	11	466	291400	768373	0
Kasepalli	31	75	186863	782716	0
Kaser	33	523	279190	785215	0
Kaser	4	718	249615	836227	0
Kaser	4	363	253835	844090	0
Kaser Gataia	33	116	281946	791272	0
Kaser Kalan	33	613	281932	783009	0
Kaser Khurd	33	613	281677	783285	0
Kasera	33	174	276103	777707	0
Kasera	19	638	243170	793315	0
Kasera	33	27	254476	835232	0
Kasera	19	420	249348	781339	0
Kasera	33	116	282547	788136	0
Kasera	4	535	266192	859751	0
Kasera	35	-1	260784	878929	0
Kasera	6	384	229616	840645	0
Kaserapokhra	33	27	254323	835802	0
Kaseratol	4	535	265269	859656	0
Kaserh	28	429	262252	770949	0
Kaseri	28	402	251209	745448	0
Kaseri	33	523	278532	783958	0
Kaseri	33	593	277814	785011	0
Kaserla	11	482	300283	768659	0
Kaserla Kalan	11	664	301667	769598	0
Kaserla Khurd	11	664	301651	769652	0
Kaseru	33	523	281542	778310	0
Kaseru	33	33	254762	826233	0
Kaseru	19	336	238247	809797	0
Kaseru	6	285	206737	821119	0
Kaseru Bagsar	33	672	290090	777558	0
Kaserua	19	484	262496	787729	0
Kaserua	33	622	285638	784671	0
Kaserua	33	532	264169	824928	0
Kaserua	33	688	257828	819824	0
Kaserua	33	688	257902	819859	0
Kaserudih	6	285	208644	819990	0
Kaserukhera	33	672	290090	777428	0
Kaseruva	33	619	250801	811616	0
Kaseruwa	33	698	259299	811614	0
Kaseruwa	33	698	259421	811647	0
Kaserwa	14	712	244672	834850	0
Kaserwa	33	33	255231	823641	0
Kaserwa	33	525	293080	775403	0
Kaserwa	33	464	288811	781845	0
Kaserwa Buzurg	33	605	265821	822236	0
Kaserwa Kalan	33	316	294527	772571	0
Kaserwa Khera	11	722	280012	772939	0
Kaserwa Khurd	33	316	294590	772601	0
Kaserwa Khurd	33	605	265876	822282	0
Kasetara	19	638	246566	792797	0
Kaseti	12	39	318475	762756	0
Kasetkar	12	39	320235	762999	0
Kasettihalli	15	265	142641	758399	0
Kasettipalli	15	47	134489	782321	0
Kasewa	33	496	269981	836956	0
Kasga	15	59	145294	746406	0
Kasganj	28	599	268871	777379	0
Kasganj	28	599	268450	779022	0
Kasganj	33	526	268279	786185	0
Kasgaon	33	31	271785	809532	0
Kasgatpur	15	43	131101	775045	0
Kasgawan	33	450	267683	799508	0
Kasgawan	33	450	263538	803227	0
Kasgawan	33	278	267264	791035	0
Kasgawan	33	278	266983	792825	0
Kasge	15	59	142767	747814	0
Kasgi	20	48	177328	765766	0
Kasgod	15	333	139246	748245	0
Kasgod	15	59	143427	747406	0
Kasgod	15	333	140004	747005	0
Kash	13	477	325341	754813	0
Kasha	33	661	274178	792545	0
Kasha	14	673	241467	843922	0
Kasha Ka Pura	19	484	261948	787222	0
Kashah	12	460	310026	776035	0
Kashai	12	267	315150	771144	0
Kashai	19	638	252100	803380	0
Kashaini	12	460	311910	776396	0
Kashak	34	-1	308599	777931	0
Kashal	12	267	314848	773223	0
Kashans	33	516	259073	840895	0
Kashantoli	14	476	227590	847901	0
Kashar	33	688	258539	817195	0
Kashara	12	267	319099	769613	0
Kashari	33	548	270785	796923	0
Kashariyapura	28	599	265308	772912	0
Kashas	4	510	253962	860124	0
Kashaur	12	267	315332	770488	0
Kashaut	13	477	327135	755873	0
Kashavi	15	333	145880	750897	0
Kashbahar	14	476	224170	847012	0
Kashedi	20	226	178883	734305	0
Kashera	33	686	268360	796132	0
Kashhpura	19	322	263890	788441	0
Kashi	6	642	208666	811782	0
Kashi	6	642	209683	810736	0
Kashi	6	642	207835	810363	0
Kashi	6	275	210346	814964	0
Kashi	33	102	245797	833685	0
Kashi	33	522	269665	824173	0
Kashi	19	576	231244	800842	0
Kashi	6	627	208065	816370	0
Kashi	28	263	260506	741255	0
Kashi Bakhsh Purwa	33	654	261005	812636	0
Kashi Bigha	4	112	248041	842415	0
Kashi Bigha	4	106	248581	853613	0
Kashi Bigha	4	106	249918	854788	0
Kashi Bigha	4	117	250084	852580	0
Kashi Chak	33	561	252481	825134	0
Kashi Chak	4	106	250746	857211	0
Kashi Chak	4	567	252189	863312	0
Kashi Dih	33	694	247596	833221	0
Kashi ka Purwa	19	638	249459	793513	0
Kashi Kewal	14	379	244166	847704	0
Kashi Khairi	19	503	230839	789927	0
Kashi Khera	33	654	261230	807753	0
Kashi Khera	33	659	275917	802497	0
Kashi Kurmi	33	152	268863	824252	0
Kashi Kurmi	33	152	268999	824110	0
Kashi Nagla	33	116	278667	790340	0
Kashi Nagla	33	644	277168	781692	0
Kashi Parshad	33	522	270025	823773	0
Kashi Parshad Khera	33	301	264667	808880	0
Kashi Pura	33	444	254458	802924	0
Kashi Purautia	33	548	269551	797092	0
Kashi Purwa	33	444	253218	806349	0
Kashi Purwa	33	282	276807	815008	0
Kashi Purwa	33	698	258587	811193	0
Kashi Purwa	33	269	271083	823407	0
Kashi Purwa	33	152	268817	824269	0
Kashi Purwa	33	152	269083	824051	0
Kashi Purwa	33	659	275886	801598	0
Kashi Purwa	33	659	273603	801119	0
Kashi Ram	33	329	284748	792864	0
Kashi Rampur	33	488	274028	812166	0
Kashi Tendua	4	112	246301	840586	0
Kashi Tengrahi	4	675	263356	847280	0
Kashi Tola	33	539	268565	839079	0
Kashia	28	22	244523	739810	0
Kashia	33	626	255955	814674	0
Kashia	28	428	258374	753238	0
Kashia	4	136	256909	861801	0
Kashia	33	626	255434	815425	0
Kashia Dhani	28	463	278003	765028	0
Kashiadih	4	117	246069	852213	0
Kashiadih	14	732	244249	853658	0
Kashiapur	33	548	271682	796131	0
Kashiapur	33	561	253966	824291	0
Kashiapur	33	595	276524	818532	0
Kashiapur	33	595	276383	819273	0
Kashiapur	33	269	275331	821441	0
Kashiapur	33	33	260531	825284	0
Kashibahara	6	393	210876	822719	0
Kashibahra	6	285	208456	822088	0
Kashibahra	6	393	209995	824446	0
Kashibar	14	379	243991	845680	0
Kashibar	35	587	260423	879974	0
Kashibari	4	491	261462	878683	0
Kashibari	4	491	261756	878644	0
Kashibari	4	491	261703	879270	0
Kashibari	35	587	260658	879287	0
Kashibari	4	491	262498	879387	0
Kashibari	4	602	257788	878736	0
Kashibari	35	587	259093	879030	0
Kashibari	4	641	261476	876045	0
Kashibari	4	641	262114	876868	0
Kashibari	4	491	261590	877003	0
Kashichua	6	17	219239	832961	0
Kashid	20	17	184372	729089	0
Kashidaspur	33	33	256371	830530	0
Kashidaspur Tikri	33	698	257578	812327	0
Kashidih	6	365	215543	819688	0
Kashidih	4	363	253219	845102	0
Kashidih	14	541	233634	858615	0
Kashidih	35	400	233102	859486	0
Kashigawan	4	394	246866	840095	0
Kashijot	33	595	276416	819617	0
Kashijot	33	282	273752	817546	0
Kashijot Khurd	33	282	273751	817682	0
Kashijot Khurd	33	282	273724	817611	0
Kashikhagra	3	440	259805	905581	0
Kashikhed	20	132	207532	781054	0
Kashikpur	33	27	256154	837735	0
Kashimkhera	19	459	262963	779663	0
Kashimpur	20	141	209315	781733	0
Kashimpur	33	532	265838	825460	0
Kashimpur Lalroi	33	622	281348	785558	0
Kashinagar	33	417	253634	785215	0
Kashinagar	4	581	254339	851299	0
Kashinath	33	522	269555	824363	0
Kashinathpur	33	329	284642	791885	0
Kashinathpur	33	584	253550	822994	0
Kashipali	6	611	215405	833290	0
Kashipara	35	397	253528	879872	0
Kashipur	35	400	234344	866672	0
Kashipur	25	349	193551	831220	0
Kashipur	33	278	268881	790267	0
Kashipur	33	710	261737	793847	0
Kashipur	33	591	253601	793013	0
Kashipur	33	645	265656	799325	0
Kashipur	19	323	258607	767314	0
Kashipur	33	531	288574	790571	0
Kashipur	11	722	280081	775052	0
Kashipur	19	459	263051	778077	0
Kashipur	6	676	204304	812376	0
Kashipur	33	644	276438	781456	0
Kashipur	33	645	262681	798113	0
Kashipur	33	584	255964	820392	0
Kashipur	19	465	260592	785677	0
Kashipur	19	484	258729	786630	0
Kashipur	4	597	255073	839334	0
Kashipur	33	102	240779	830897	0
Kashipur	33	688	259561	823253	0
Kashipur	33	688	259150	823203	0
Kashipur	33	561	253996	825715	0
Kashipur	33	242	253589	828662	0
Kashipur	33	242	254964	829009	0
Kashipur	33	242	252335	829659	0
Kashipur	33	196	251822	829690	0
Kashipur	33	242	252491	828911	0
Kashipur	33	33	255659	824575	0
Kashipur	33	301	266237	807707	0
Kashipur	33	488	273207	810972	0
Kashipur	33	522	270745	819269	0
Kashipur	33	31	269839	814106	0
Kashipur	33	522	270604	815995	0
Kashipur	33	688	258619	814621	0
Kashipur	33	654	261315	810602	0
Kashipur	33	622	281514	785103	0
Kashipur	33	637	262383	818537	0
Kashipur	33	688	260221	818752	0
Kashipur	33	269	275381	821381	0
Kashipur	33	522	270050	820505	0
Kashipur	33	522	269908	820542	0
Kashipur	33	575	261158	821167	0
Kashipur	33	152	267531	824599	0
Kashipur	33	605	265719	823183	0
Kashipur	33	152	267204	823803	0
Kashipur	33	532	265267	824805	0
Kashipur	33	532	264951	824658	0
Kashipur	33	479	258743	831880	0
Kashipur	33	575	261035	824119	0
Kashipur	33	33	260966	824826	0
Kashipur	33	575	260488	824585	0
Kashipur	33	532	266118	825043	0
Kashipur	33	532	264975	825634	0
Kashipur	33	532	264823	826046	0
Kashipur	33	479	261485	828950	0
Kashipur	33	496	271155	832087	0
Kashipur	33	496	271982	834271	0
Kashipur	33	688	258007	817268	0
Kashipur	33	479	261913	831256	0
Kashipur	33	314	269324	834394	0
Kashipur	33	688	256307	815533	0
Kashipur	33	584	256467	817251	0
Kashipur	33	688	257108	817134	0
Kashipur	33	515	264659	835892	0
Kashipur	33	488	276711	807908	0
Kashipur	33	488	272886	808233	0
Kashipur	33	31	272120	811186	0
Kashipur	33	431	302151	776598	0
Kashipur	11	722	281166	773198	0
Kashipur	33	654	262426	813304	0
Kashipur	33	31	268123	815067	0
Kashipur	33	531	290300	790529	0
Kashipur	33	329	285711	792918	0
Kashipur	33	329	284971	793538	0
Kashipur	33	698	257132	809809	0
Kashipur	4	136	258609	857762	0
Kashipur	33	488	274000	805663	0
Kashipur	33	488	274228	805996	0
Kashipur	4	117	247600	849462	0
Kashipur	4	491	261665	879783	0
Kashipur	4	687	256894	852902	0
Kashipur	33	312	278510	802182	0
Kashipur	33	659	277321	800914	0
Kashipur	33	659	275529	802030	0
Kashipur	33	659	274317	800702	0
Kashipur	33	688	258926	815423	0
Kashipur Musa	33	595	276150	818303	0
Kashipur Samda	33	488	276917	812445	0
Kashipur Zamindari	25	349	193143	831132	0
Kashipura	33	710	263596	791444	0
Kashipura	28	120	266900	760515	0
Kashipura	28	357	248297	761972	0
Kashipura	28	428	261371	748498	0
Kashipura	33	417	258767	790742	0
Kashipura	19	202	220332	767515	0
Kashipura	19	202	220298	767616	0
Kashipura	19	322	263462	788980	0
Kashipura	19	509	253517	786938	0
Kashipura	33	464	285463	782505	0
Kashipura	28	428	261877	744871	0
Kashipuram	1	99	146884	770411	0
Kashipuri	20	151	193171	762582	0
Kashir	28	428	262849	750409	0
Kashir	28	302	258178	753871	0
Kashira	13	0	345603	742899	0
Kashiram ka Pura	19	459	262469	775530	0
Kashirampur	33	553	296913	782459	0
Kashirampur	33	710	260781	797207	0
Kashirampur	33	561	253288	824513	0
Kashirampur	34	589	297375	785220	0
Kashiramtola	4	636	258931	865723	0
Kashisarpatti	33	196	251847	822946	0
Kashisharnath	33	280	272808	827072	0
Kashitola	4	567	251338	862710	0
Kashiwala	33	553	295196	785886	0
Kashiyataritola	4	117	245279	846111	0
Kashlog	12	514	307246	774513	0
Kashlog	12	604	312574	769735	0
Kashmabad	33	458	289346	772542	0
Kashmal	12	653	314583	773385	0
Kashmali	12	514	309360	773473	0
Kashmar	12	604	310256	770712	0
Kashmeri	12	460	313456	773880	0
Kashmia Koti	33	329	283856	794020	0
Kashmir	12	267	313364	771751	0
Kashmir	4	505	248692	861799	0
Kashmirartola	33	479	259948	831637	0
Kashmirgarh	11	88	301828	773687	0
Kashmiri	33	553	293275	784129	0
Kashmiri Chak	4	495	253115	854993	0
Kashmiria	4	581	254317	852634	0
Kashmiriatola	4	581	254333	852611	0
Kashmiriganj	33	242	252953	829949	0
Kashmirpur	12	604	311420	766532	0
Kashmirwa	33	522	272978	819347	0
Kashmoli	12	267	314900	772946	0
Kashna	12	460	310233	774142	0
Kasho	12	460	311187	774310	0
Kasho	33	654	263302	812146	0
Kashog	12	460	313985	776760	0
Kashoga	12	514	305697	774260	0
Kasholi	12	653	314596	776160	0
Kashondri	12	267	316071	770940	0
Kashopur	33	196	249217	827227	0
Kashpet	13	35	336688	757145	0
Kashra	13	35	332247	759758	0
Kasht Bhawanidat	33	314	264055	833873	0
Kasht Bhoj	33	314	265528	832049	0
Kasht Deor	33	314	265491	832117	0
Kasht Habar	4	602	254606	876683	0
Kasht Karam Ali	4	491	264230	878336	0
Kasht Kashi Naik	33	314	264216	833074	0
Kasht Mani Tiwari	33	314	264809	831916	0
Kasht Misrauli	33	314	263979	833859	0
Kasht Neora	33	314	265087	832294	0
Kasht Shiubans Dube	33	314	264864	832976	0
Kasht Sitaram Pande	33	564	261924	835546	0
Kasht Sukhdeo	33	314	265271	832538	0
Kasht Tirphala	33	314	265238	832242	0
Kashta	12	653	314174	774153	0
Kashtagra	35	347	241211	877084	0
Kashtgaon	20	151	193903	766457	0
Kashthua	4	117	247607	848651	0
Kashti	20	150	185496	745815	0
Kashti	20	54	206224	744832	0
Kashtoli	35	587	258846	879515	0
Kashtua	33	656	281499	799452	0
Kashtua	33	522	270961	820839	0
Kashtwar	13	0	343199	741007	0
Kashu	13	651	337755	749774	0
Kashu Purwa	33	282	271999	815152	0
Kashund	12	348	326208	762606	0
Kashwal	12	267	313967	771560	0
Kashyem	35	473	271772	886054	0
Kasi Agraharam	30	215	125708	777714	0
Kasi Barariya	19	334	237820	760374	0
Kasi Goria	14	442	251211	877077	0
Kasi Khap	14	377	237527	854930	0
Kasi Khati	4	106	247580	856241	0
Kasi Purwa	33	31	267494	812131	0
Kasi Viswanathapuram	30	189	99795	774383	0
Kasia	33	539	267463	839156	0
Kasia	33	623	270864	831040	0
Kasia	33	539	268472	839925	0
Kasia	10	140	232044	738421	0
Kasia	14	673	239840	842088	0
Kasia	14	673	239739	842065	0
Kasia	14	276	224767	857706	0
Kasia	14	276	224240	859900	0
Kasia	25	399	211050	852236	0
Kasia	25	281	217632	854200	0
Kasia	25	368	218619	859172	0
Kasia ka Gudha	28	550	253656	737670	0
Kasia Kunda	33	531	290049	789311	0
Kasiabar	33	584	253396	821391	0
Kasiabari	35	404	262491	893151	0
Kasiabera	25	368	218630	858312	0
Kasiadanga	14	633	244446	877370	0
Kasiadanga	14	633	245652	878293	0
Kasiadanga	14	633	245094	877893	0
Kasiadatan	35	587	259231	878238	0
Kasiadih	6	374	222280	824533	0
Kasiadih	14	673	240960	844672	0
Kasiadih	14	379	243332	850461	0
Kasiadih	4	117	249107	853138	0
Kasiadih	14	454	243942	855177	0
Kasiadih	14	379	239114	850083	0
Kasiadih	14	498	236853	857270	0
Kasiadih	14	379	243325	848605	0
Kasiadih	14	379	241268	848759	0
Kasiadih	14	379	241742	849102	0
Kasiadih	14	673	238915	842903	0
Kasiadih	14	678	238411	846205	0
Kasiadih	14	379	239812	849431	0
Kasiadih	14	434	242113	861798	0
Kasiadih	14	434	240982	860007	0
Kasiadih	14	434	240796	860007	0
Kasiadih	14	434	240689	861361	0
Kasiahi	33	637	260456	818360	0
Kasiahi	33	688	260257	820055	0
Kasiakhartoli	14	379	240587	846101	0
Kasial	12	39	320011	758832	0
Kasiali	34	589	299236	784769	0
Kasiam	4	535	261862	863110	0
Kasiana	27	543	304238	763939	0
Kasiaon	33	33	255497	826056	0
Kasiapur	33	659	275462	799259	0
Kasiapur	33	488	272855	810587	0
Kasiapur	33	595	278348	820965	0
Kasiapur	33	659	271618	806919	0
Kasiapur	33	31	272166	811669	0
Kasiapura	28	429	264064	771642	0
Kasiara	6	365	217084	822972	0
Kasiari	35	650	221201	872339	0
Kasiari Muwara	10	140	231053	739791	0
Kasiataritoli	14	673	242805	844139	0
Kasiatoli	14	678	238228	847933	0
Kasiatu	14	379	239750	848878	0
Kasiawala	28	120	267895	757468	0
Kasiawan	4	507	252687	850478	0
Kasiawan Milik	4	507	252652	850539	0
Kasiawat Muwara	10	124	231606	733629	0
Kasibahal	25	546	209739	842342	0
Kasibahal	25	546	209708	843627	0
Kasibahra	6	393	210824	822559	0
Kasibahra	6	393	210780	823191	0
Kasibahra	6	393	212126	824263	0
Kasibahra	6	393	214130	827975	0
Kasibahra	6	285	207797	820403	0
Kasibari	4	590	260679	877176	0
Kasibati	35	4	223744	882444	0
Kasibera	25	281	215122	858340	0
Kasibugga	31	240	179823	796126	0
Kasid	20	17	184454	729075	0
Kasida	14	628	225832	859467	0
Kasidangal	14	483	240689	868749	0
Kasidangi	35	587	258353	879734	0
Kasidharmam	30	186	87667	775021	0
Kasidharmam	30	236	90586	773140	0
Kasidih	6	388	217203	832043	0
Kasidih	4	117	246287	851153	0
Kasidih	4	106	247987	854007	0
Kasidih	14	541	233628	856513	0
Kasidih	14	498	235109	859328	0
Kasidih	14	541	230128	857955	0
Kasidih	14	628	230273	859052	0
Kasidih	14	628	228480	859205	0
Kasidih	14	434	242936	864190	0
Kasigadde	15	59	143457	748241	0
Kasigarh	6	388	218536	827891	0
Kasige	15	97	133077	756414	0
Kasigora	14	633	247395	875315	0
Kasigram	35	452	240647	879957	0
Kasiguda	25	305	187722	824617	0
Kasiguda	25	305	188589	829383	0
Kasihai	19	497	246925	814091	0
Kasihar	33	242	254177	831047	0
Kasihar	33	196	250784	830704	0
Kasihar	33	314	265751	834280	0
Kasihari	4	615	261331	841149	0
Kasijoa	14	276	225445	855663	0
Kasijoda	25	281	217882	853679	0
Kasijora	14	276	223470	851237	0
Kasikatra	3	343	265367	904149	0
Kasikavundanpudur	30	154	110035	771439	0
Kasikavundanpudur	30	227	111798	772731	0
Kasikho	19	635	223743	756214	0
Kasikiari	25	527	201912	849689	0
Kasikkottai	30	204	115560	776910	0
Kasikona	14	310	228847	845686	0
Kasil	4	396	251646	870984	0
Kasila	35	347	245507	878774	0
Kasila Bela	33	564	262053	835684	0
Kasila Pachbenian	4	615	260466	841899	0
Kasilaung	14	379	241719	846537	0
Kasili	25	349	192128	834484	0
Kasililandabadi	25	349	192263	834460	0
Kasilingakkavundarpudur	30	204	112395	775336	0
Kasilingampalaiyam	30	227	112697	772690	0
Kasilingampalaiyam	30	227	109019	775198	0
Kasilingampalaiyam	30	227	107710	776878	0
Kasilingampudur	30	204	114054	775537	0
Kasilingapalaiyam	30	227	108443	773043	0
Kasilingapuram	30	236	92194	776683	0
Kasilingapuram	30	201	87762	778915	0
Kasilingapuram	30	118	93781	780899	0
Kasilonivaripalle	1	426	141778	782372	0
Kasim Ali	33	479	260599	830440	0
Kasim Bigha	4	112	248880	844177	0
Kasim Bigha	4	663	252639	857071	0
Kasim Chak	4	581	253970	848661	0
Kasim Chak	4	495	251498	855135	0
Kasim Chak	4	581	256516	850376	0
Kasim Purwa	33	282	271716	815845	0
Kasim Sarai	33	464	290120	783365	0
Kasimabad	33	553	292023	785148	0
Kasimabad	33	659	271335	806560	0
Kasimabad Grant	33	659	271189	806490	0
Kasimala	14	483	240807	869113	0
Kasimbagh	33	661	273821	796253	0
Kasimbayulu	31	62	172871	782973	0
Kasimganj	33	531	289471	792694	0
Kasimi	1	219	176364	825498	0
Kasimke Bhatti	27	700	304638	747878	0
Kasimkheri	19	309	232156	764717	0
Kasimkota	1	219	176655	829662	0
Kasimnagar	31	144	163248	781200	0
Kasimnagar	33	282	277092	815808	0
Kasimnagar	33	686	266534	794552	0
Kasimnagar	35	452	246227	879871	0
Kasimnagar	35	347	244365	879282	0
Kasimnagar Tanda	31	144	163254	781274	0
Kasimnagar Tanda	31	144	163271	781095	0
Kasimnagaram	31	60	178985	808968	0
Kasimpet	31	241	171186	796766	0
Kasimpur	35	432	227625	885258	0
Kasimpur	33	661	272188	793770	0
Kasimpur	33	431	299411	772700	0
Kasimpur	31	203	172050	775194	0
Kasimpur	15	167	180339	773743	0
Kasimpur	15	167	181355	774864	0
Kasimpur	33	33	259725	826896	0
Kasimpur	33	685	265802	810741	0
Kasimpur	33	553	291848	784858	0
Kasimpur	33	492	290756	786327	0
Kasimpur	34	617	292692	788052	0
Kasimpur	33	522	271338	817477	0
Kasimpur	33	605	267121	821673	0
Kasimpur	31	386	181070	785382	0
Kasimpur	33	479	260826	828035	0
Kasimpur	33	564	261237	836612	0
Kasimpur	33	488	276199	808427	0
Kasimpur	33	431	302291	775819	0
Kasimpur	33	637	262550	815716	0
Kasimpur	33	637	264955	816466	0
Kasimpur	4	520	259210	848673	0
Kasimpur	33	329	284302	794143	0
Kasimpur	33	656	283202	798117	0
Kasimpur	4	112	245964	842432	0
Kasimpur	4	597	253947	840152	0
Kasimpur	4	396	251161	871098	0
Kasimpur Alibegpur	33	698	258761	809320	0
Kasimpur Baghel	33	654	262471	813295	0
Kasimpur Baloch	33	553	290663	784764	0
Kasimpur Bhuma	33	525	292445	778969	0
Kasimpur Bibihat	33	698	259203	808634	0
Kasimpur Biro Mafi	33	553	291458	785553	0
Kasimpur Chhina	27	680	298524	754716	0
Kasimpur Garhi	33	553	293905	787391	0
Kasimpur Ghanan Mafi	33	553	291802	785217	0
Kasimpur Jagrut	33	622	284655	786875	0
Kasimpur Jhariya	33	584	256103	816438	0
Kasimpur Jigni	33	314	266027	831740	0
Kasimpur Lekhraj	33	553	293315	783884	0
Kasimpur Mirdha	33	685	267825	810838	0
Kasimpura	28	288	282202	754680	0
Kasimpura	28	357	252191	760535	0
Kasimpura	19	648	230215	768012	0
Kasimpurdarhi	4	581	254492	856103	0
Kasimsahebkandigai	1	45	136994	799588	0
Kasimtongritoli	14	541	232973	856677	0
Kasimunda	6	374	229854	823661	0
Kasimvalasa	1	453	184039	839266	0
Kasina	4	520	257897	848741	0
Kasinadapuram	30	220	131901	796145	0
Kasinamakki	15	248	135705	747855	0
Kasinathapuram	30	236	88303	775041	0
Kasinathpur	35	432	225907	885166	0
Kasinayakanahalli	15	92	137985	774463	0
Kasinayakkanur	30	215	123110	783731	0
Kasinayanahalli	15	44	149439	765774	0
Kasinenipalle	1	195	159045	793341	0
Kasinepalle	1	195	152847	790366	0
Kasinipadar	25	373	203966	840694	0
Kasinwa	33	102	243549	827690	0
Kasipadar	25	273	198039	830710	0
Kasipadar	25	423	200985	848004	0
Kasipal	25	281	219030	855489	0
Kasipal	25	368	219123	858397	0
Kasipala	25	572	206850	825854	0
Kasipalaiyam	30	227	111162	773936	0
Kasipalaiyam	30	204	111500	775104	0
Kasipalaiyam	30	427	108787	779382	0
Kasipalaiyam	30	183	106149	779509	0
Kasipalampalaiyam	30	204	112355	775401	0
Kasipalem	1	6	145416	798814	0
Kasipali	6	393	214404	829336	0
Kasipali	25	478	215571	834258	0
Kasipali	25	478	213459	832841	0
Kasipali	25	478	214318	833979	0
Kasipali	25	290	215876	838986	0
Kasipalle	1	190	137763	782781	0
Kasipalle	1	190	136539	782786	0
Kasipalle	1	190	136204	782550	0
Kasipani	6	374	221465	828056	0
Kasipani	6	517	222421	812769	0
Kasipani	25	478	209984	827113	0
Kasipara	4	602	256433	879657	0
Kasipara	25	281	219309	857109	0
Kasipatirajupuram	1	219	179826	830008	0
Kasipatna Agraharam	1	194	186533	832986	0
Kasipatnam	1	258	182155	831183	0
Kasipet	31	90	191410	794662	0
Kasippalaiyam	30	204	111144	778792	0
Kasippalaiyam	30	204	110466	779029	0
Kasippalaiyam	30	197	119732	797667	0
Kasipudi	1	68	164009	809459	0
Kasipur	35	538	221493	881311	0
Kasipur	25	349	193572	831172	0
Kasipur	15	246	141393	765810	0
Kasipur	35	347	240930	878634	0
Kasipur	1	-1	158642	781015	0
Kasipur	14	276	223621	852146	0
Kasipur	14	276	227289	855696	0
Kasipur	14	628	227305	858667	0
Kasipur	25	399	213848	850465	0
Kasipur	25	281	216294	856156	0
Kasipura	10	164	231191	731728	0
Kasipura	15	265	143108	759693	0
Kasipura	15	265	141708	759132	0
Kasipura	15	333	139559	755495	0
Kasipura	15	246	141433	762463	0
Kasipura	15	246	144569	765699	0
Kasipura	15	652	127825	760699	0
Kasipura	15	47	131121	783659	0
Kasipuram	31	60	178825	809129	0
Kasipuram	1	219	179229	827729	0
Kasipuram	1	453	187326	839315	0
Kasipuram	1	45	139993	800370	0
Kasipuram	1	195	159448	794495	0
Kasipuram	1	195	157298	796152	0
Kasipuram	1	195	154317	794843	0
Kasir	14	310	230585	843444	0
Kasira	25	262	219262	852495	0
Kasira	14	416	231115	851619	0
Kasira	14	416	231435	850699	0
Kasira	14	416	230291	850549	0
Kasira	25	281	220106	855937	0
Kasira	14	276	221618	856991	0
Kasira	14	310	230497	846857	0
Kasira	14	476	224127	843691	0
Kasira	14	310	228885	846108	0
Kasiralla	1	207	131260	790127	0
Kasiratoli	14	416	231428	850650	0
Kasiratoli	14	310	231124	842962	0
Kasireddigandlahalli	15	47	129416	783820	0
Kasireddigaripalle	1	190	141657	786122	0
Kasireddigudem	31	62	169768	782052	0
Kasireddipalem	1	219	177119	827450	0
Kasireddipalem	1	219	177143	827643	0
Kasireddipalem	1	195	156221	800779	0
Kasireddipalle	1	426	139828	777846	0
Kasireddipalle	1	190	142858	787411	0
Kasireddipalli	31	557	186147	789845	0
Kasireddivandlapalle	1	190	141744	786823	0
Kasireddivaripalle	1	426	142576	782850	0
Kasireddivaripalli	1	207	135945	790436	0
Kasirikholo	25	373	202377	843929	0
Kasirua	33	116	280440	792113	0
Kasirum Tiwari	4	675	265938	841324	0
Kasison	33	523	279276	778072	0
Kasiswa	33	102	245321	832631	0
Kasitanr	14	498	237290	858393	0
Kasitanr	14	498	237192	859052	0
Kasitanr	14	498	237458	859361	0
Kasitanr	14	732	238665	854305	0
Kasitanr	14	434	241107	860683	0
Kasitanr	14	434	243581	864324	0
Kasithal	11	482	300557	769453	0
Kasitikra	25	290	216295	837609	0
Kasitola	6	490	216618	811731	0
Kasitola	14	570	250387	874105	0
Kasitola	14	310	231293	844753	0
Kasitoli	14	541	235140	851921	0
Kasitoli	14	377	235795	853198	0
Kasitoli	14	740	235767	846695	0
Kasitoli	14	310	230972	845449	0
Kasitoli	14	310	227819	849463	0
Kasitoli	14	476	224420	848881	0
Kasitoli	14	434	240716	861582	0
Kasittittu	30	198	113365	797345	0
Kasiumpur	33	516	257555	841763	0
Kasivireddihelli	30	109	121362	783000	0
Kasiwakhand	14	-1	241087	833373	0
Kasiwana	4	535	264075	861612	0
Kasiya	4	597	254891	841348	0
Kasiya Dand	33	605	264327	822269	0
Kasiyadih	4	117	246030	847259	0
Kasiyadih	14	740	235443	846497	0
Kasiyakhari	14	712	241737	834871	0
Kasiyan	13	35	333056	756594	0
Kasiyapur	33	698	259417	805081	0
Kasiyapuram	30	236	88690	775180	0
Kasiyapuram	30	193	104963	786281	0
Kasiyar	19	646	244377	820507	0
Kasiyargaon	19	497	248406	817026	0
Kasiyari	19	497	249414	813928	0
Kasiyari	19	497	249272	813904	0
Kasiyavidudi	30	254	105045	792030	0
Kasiyawan	4	507	250693	851975	0
Kasiyur	30	204	114522	773540	0
Kasjor	4	505	244510	863318	0
Kaskheri	19	568	223991	774512	0
Kaskiser	12	514	309593	774119	0
Kaskoma	14	541	235571	850751	0
Kaskoppa	15	333	141350	748125	0
Kaskotoli	14	310	230698	847150	0
Kaskutta	14	434	242054	860483	0
Kasla	12	604	311988	767423	0
Kasla	12	267	319169	769610	0
Kasla	12	267	317908	769505	0
Kaslabad	31	58	182605	777578	0
Kaslabad	31	203	175290	779131	0
Kaslal	10	140	231115	735081	0
Kaslapadu	31	229	182829	796004	0
Kaslapur	31	100	171073	790590	0
Kaslara	33	525	295451	776391	0
Kaslauta	34	430	309661	778216	0
Kaslawati	10	140	231978	735518	0
Kasli	33	33	256415	830246	0
Kasli	20	78	207005	758462	0
Kasli Buzurg	20	169	208258	770573	0
Kasli Khera	33	685	266567	808975	0
Kasli Khurd	20	169	208256	770412	0
Kaslor	6	627	202274	821078	0
Kaslus	13	529	333301	752774	0
Kasma	4	535	265073	861909	0
Kasma	4	117	248699	848483	0
Kasma	4	117	248725	849577	0
Kasmada	19	459	267632	783122	0
Kasmagidrahi	4	590	257110	871234	0
Kasmahaura	33	488	274016	807882	0
Kasmakurha	14	434	240100	860433	0
Kasmala	12	267	315241	768002	0
Kasmali	12	267	315789	768199	0
Kasman	4	112	247434	846743	0
Kasmand Gauria	33	282	271084	815237	0
Kasmanda	6	669	220273	826904	0
Kasmanda	33	488	273632	808614	0
Kasmapur	33	282	276522	815451	0
Kasmapur	33	488	275639	807958	0
Kasmapur	33	488	274690	808222	0
Kasmar	20	132	214142	769182	0
Kasmar	19	443	222040	776850	0
Kasmar	14	712	239022	838840	0
Kasmar	14	673	241072	844656	0
Kasmar	14	379	242986	846377	0
Kasmar	4	520	257191	851141	0
Kasmar	14	498	236076	859326	0
Kasmar	14	416	229716	851024	0
Kasmar	14	416	228553	854578	0
Kasmar	14	673	239750	844708	0
Kasmar	14	673	239482	843026	0
Kasmar	14	678	239435	847074	0
Kasmara	33	645	267512	798542	0
Kasmara	4	106	248719	857503	0
Kasmarah	4	590	257255	871275	0
Kasmaria	33	496	272048	835843	0
Kasmariya	4	363	254082	844377	0
Kasmarkhandi	19	443	219203	772708	0
Kasmau	33	575	263358	821484	0
Kasmaura	33	488	276129	812367	0
Kasmer	12	653	313703	774158	0
Kasmeri	19	142	222198	805136	0
Kasna	33	566	284373	775392	0
Kasna	33	654	265236	812810	0
Kasna ki Marhaiya	33	566	284459	775487	0
Kasnadara	25	349	193717	830412	0
Kasnagar	4	636	256385	867681	0
Kasnahi	33	33	256800	824907	0
Kasnapur	10	124	233631	735258	0
Kasnar	33	102	244670	827850	0
Kasni	11	586	285047	765891	0
Kasni	11	747	286800	762504	0
Kasni	28	288	283458	757653	0
Kasni Kalan	11	415	286809	756905	0
Kasni Khurd	11	415	286620	756779	0
Kaso Chahal	27	544	313095	753823	0
Kasod	20	112	203861	755375	0
Kasoda	20	78	208210	752958	0
Kasodhan	33	417	252887	783740	0
Kasog	12	460	311459	772981	0
Kasohan	11	353	294357	762683	0
Kasoia	4	505	247464	861585	0
Kasoiya	14	434	245668	862605	0
Kasol	12	653	320099	773142	0
Kasol	20	127	202146	772947	0
Kasol	12	279	313708	768651	0
Kasolai	30	114	113149	766974	0
Kasolar	33	645	264410	796042	0
Kasom Khullen	21	350	249629	942545	0
Kasom Khullen	21	693	246786	942704	0
Kasomarigaon	3	709	262601	940194	0
Kasonda	6	642	209650	813536	0
Kasondhan Purwa	33	269	274713	822554	0
Kasondi	6	279	220530	823090	0
Kasondi	6	669	219450	826354	0
Kasoni	19	395	244300	781743	0
Kasonla	12	604	309651	771282	0
Kasonrar	33	516	260231	838037	0
Kasor	10	155	225503	727736	0
Kasorhatti	15	246	142767	764890	0
Kasoriapara	19	335	230759	747650	0
Kasoro	33	645	266808	797827	0
Kasota	19	461	227338	805499	0
Kaspani	33	102	244674	829157	0
Kaspanur	30	223	115109	779778	0
Kaspapatti	30	51	115581	779744	0
Kaspijhuli	25	373	205807	843092	0
Kasporea	14	310	232246	845605	0
Kaspur	6	627	202277	818636	0
Kaspur	19	142	217665	801239	0
Kaspur	19	142	216321	804378	0
Kaspur	14	740	233766	848091	0
Kaspur	14	276	221116	858941	0
Kaspur	25	281	218009	856919	0
Kaspur	25	281	216737	858025	0
Kasra	19	420	254217	781661	0
Kasra	33	564	260207	836277	0
Kasrabad	31	241	170932	796025	0
Kasrabera	14	498	236986	859791	0
Kasraia	6	269	239067	832258	0
Kasraiya	4	727	255087	866305	0
Kasraiya	4	518	250261	866345	0
Kasrak	33	451	280572	796642	0
Kasrali	20	138	187825	776618	0
Kasrali	12	39	322152	760170	0
Kasralli	15	55	130719	753191	0
Kasraon	33	698	259215	810953	0
Kasraon	27	284	320115	756737	0
Kasraul	33	314	267583	831518	0
Kasrauli	14	628	228500	855650	0
Kasraund	4	569	260278	862693	0
Kasrawa	33	479	256837	831091	0
Kasrawa Kalan	33	584	254788	819755	0
Kasrawa Khurd	33	584	254787	819662	0
Kasrawad	19	202	220276	766971	0
Kasrawan	33	654	264888	811133	0
Kasrawan	33	637	262867	817754	0
Kasrawan	33	659	273598	801277	0
Kasrawan Purwa	33	659	273507	801222	0
Kasrawar	33	312	278745	801092	0
Kasrawi	33	584	255919	820606	0
Kasrela	33	31	269772	814818	0
Kasrela Deoria	33	488	275975	807948	0
Kasreta	33	698	257771	812668	0
Kasrha	33	532	263826	824007	0
Kasri	4	396	252992	872634	0
Kasrohi Khera	33	301	265829	808098	0
Kasror	33	301	264743	807601	0
Kasruan	14	276	225422	854217	0
Kassamudram	1	426	139433	780097	0
Kassavanahalli	15	43	129077	776755	0
Kassoana	27	545	309513	748858	0
Kassowli	19	646	245737	822901	0
Kasta	33	312	278479	805321	0
Kasta	19	129	220277	745905	0
Kasta	19	129	220437	746448	0
Kastala	31	100	169538	790737	0
Kastala	1	10	165923	802185	0
Kastambadi	30	192	126125	791998	0
Kastampet	31	229	186246	799092	0
Kastapuram	30	184	129281	788527	0
Kastar	4	394	252529	843009	0
Kastara	19	313	244024	812388	0
Kastara	19	497	244376	813517	0
Kastara	19	576	231194	803075	0
Kastari	19	497	244570	813444	0
Kastari	19	497	244202	813544	0
Kastari	4	106	245749	854838	0
Kastaul	33	312	278543	804884	0
Kasten	12	460	315520	777087	0
Kastha	4	117	248068	849305	0
Kasthan	4	632	257455	869922	0
Kasthari	4	718	252473	835477	0
Kasthpatti	33	688	258110	820258	0
Kasthuni Pachchhin	33	637	263555	818434	0
Kasthuni Purab	33	637	263591	818541	0
Kasti	28	331	265723	732275	0
Kasti	12	83	315211	781724	0
Kasti Buzurg	20	48	180382	763619	0
Kasti Khurd	20	48	180278	763433	0
Kastikri	4	396	251299	867054	0
Kastinga	34	430	306025	779923	0
Kastiwal	27	468	318548	751191	0
Kastla Qasimabad	33	724	287294	777050	0
Kastla Qasimabad ki Mandaiyan	33	724	287369	777140	0
Kastla Shamshernagar	33	672	290155	778343	0
Kastli Bais	33	523	280059	780778	0
Kastola	4	491	262962	878644	0
Kastoli	4	510	256163	859428	0
Kastori	14	633	247327	877814	0
Kastua	33	27	258746	836056	0
Kastur	15	59	143874	748954	0
Kastur	15	69	119947	769229	0
Kastur Khera	33	654	265311	812170	0
Kastura	20	132	208660	778523	0
Kastura	6	676	200049	809732	0
Kastura	33	539	266127	840127	0
Kastura	6	384	227364	841793	0
Kasturabahal	6	393	212340	831685	0
Kasturamal	6	611	214477	833481	0
Kasturavalli	15	652	129978	761446	0
Kasturb Nikelan	8	403	285719	772458	0
Kasturba Road	15	43	129717	775944	0
Kasturbagram	19	635	226462	758890	0
Kasturbanagar	8	403	285778	772269	0
Kasturbanagar	8	666	286693	773039	0
Kasturbanagar	20	139	211859	790897	0
Kasturbor	6	393	211189	823801	0
Kasturi	33	575	263368	818895	0
Kasturi	33	522	271396	817408	0
Kasturi	19	449	232436	806497	0
Kasturi	19	217	228193	815211	0
Kasturi	6	578	190941	821838	0
Kasturi Bigha	4	106	250624	857457	0
Kasturi Bigha	4	495	251518	852939	0
Kasturi Khap	4	117	248447	846841	0
Kasturi Khap	14	732	240057	853290	0
Kasturi Purwa	33	645	264764	799141	0
Kasturi Sarai	4	687	258938	854793	0
Kasturia	35	397	254732	879088	0
Kasturiba Nagar	30	199	129969	802564	0
Kasturibahal	25	399	209339	844559	0
Kasturiganj	33	661	275825	796222	0
Kasturikoppal	15	652	132931	761776	0
Kasturinayadukhandrika	1	45	133371	798788	0
Kasturinayakkanpalaiyam	30	154	110366	769079	0
Kasturinayakkanpalaiyam	30	154	111600	769554	0
Kasturinayakkanpatti	30	183	103599	780472	0
Kasturinayakkanpudur	30	154	110895	769133	0
Kasturinayanipalli	1	207	133440	790106	0
Kasturipalaiyam	30	227	111997	774520	0
Kasturipalaiyam	30	227	108700	777379	0
Kasturipalaiyam	30	427	109896	777979	0
Kasturipatti	30	260	105702	784202	0
Kasturippatti	30	51	114532	778970	0
Kasturippatti	30	223	111423	783340	0
Kasturipur	33	688	259852	820854	0
Kasturipur	33	33	258929	823875	0
Kasturipur	33	33	259067	824607	0
Kasturipur	33	561	254469	824588	0
Kasturipur	33	561	253420	825062	0
Kasturipur	33	33	256734	828827	0
Kasturipur	33	637	261603	819317	0
Kasturipur	33	575	261433	821125	0
Kasturipur	33	605	266800	822635	0
Kasturipur	33	532	263293	830744	0
Kasturipur	33	584	256192	817239	0
Kasturipur	33	584	256515	818336	0
Kasturipur	4	112	249503	845171	0
Kasturipur Kasturi	33	584	256428	817793	0
Kasturipura	15	265	144796	762784	0
Kasturirajupalle	1	190	141353	786778	0
Kasturirangappanahalli	15	246	138806	767113	0
Kasturirangapuram	30	186	83094	777640	0
Kasturirengapuram	30	201	92578	777421	0
Kasturitimmanahalli	15	246	142749	767390	0
Kasturivenganakhandrika	1	45	134143	798681	0
Kasturpur	33	682	274353	789472	0
Kasu Begu	27	545	308582	746707	0
Kasu Chak	4	495	250656	855239	0
Kasua Nagla	33	492	289193	789200	0
Kasuagarhi	33	613	282017	777757	0
Kasuasath	33	196	252079	830601	0
Kasuguda	25	305	186456	829683	0
Kasugudem	6	577	181565	815021	0
Kasukanga	6	-1	199500	819333	0
Kasukanga	25	499	199591	819317	0
Kasukkarampalaiyam	30	204	113135	774932	0
Kasulpallikoneru	1	6	142062	800127	0
Kasumba	12	653	315293	776783	0
Kasumba	28	163	232682	743455	0
Kasumbhi	11	415	287291	760361	0
Kasumbi	28	414	276406	745070	0
Kasumbi	28	519	287777	752245	0
Kasumbri	27	624	306707	765264	0
Kasumi	33	613	281332	780438	0
Kasumla	12	604	312837	769288	0
Kasumpti	12	460	310769	771857	0
Kasumra	33	329	282952	791017	0
Kasumuru	1	6	143395	798570	0
Kasunbhi	11	563	294798	751827	0
Kasund	34	481	305020	779880	0
Kasupur	27	355	311331	753117	0
Kasupur	4	636	258390	868131	0
Kasur	29	85	271586	885140	0
Kasur	35	587	259626	879455	0
Kasur	15	422	135092	777731	0
Kasur	16	211	85482	769764	0
Kasuri	10	140	232163	734752	0
Kasurla	20	141	204657	786134	0
Kasurla Khurd	20	141	204680	786166	0
Kasuru	15	188	128099	758662	0
Kasurupara	25	273	202500	832667	0
Kasurwahi	20	134	199429	803823	0
Kasuta	28	22	241520	738411	0
Kasuvaganahalli	15	47	131507	785379	0
Kasuvanhalli	30	109	122507	780971	0
Kasuvireddippatti	30	51	117108	779620	0
Kasuvugatta	30	215	127147	778588	0
Kasuvuguttapalli	15	422	136082	778087	0
Kasuwatola	14	732	240123	857265	0
Kasva	20	78	210706	758169	0
Kasvanhalli	15	375	132416	775676	0
Kasvi	20	169	207317	773242	0
Kasvi Tola	19	142	216603	800041	0
Kasvihir	20	185	208784	749083	0
Kaswa	19	395	248611	776063	0
Kaswa ka Sahrana	19	323	260360	769673	0
Kaswan	4	507	252035	849187	0
Kaswangh	33	694	253252	833715	0
Kaswani	19	217	228756	814859	0
Kaswara	12	39	320865	762662	0
Kaswatal	19	208	241665	778586	0
Kaswi	20	134	205218	800107	0
Kasya	19	443	217938	776463	0
Kasya	19	443	218036	776390	0
Kasya Kalan	33	102	247771	830036	0
Kasya Kalan	33	102	247737	829975	0
Kasya Khurd	33	102	247732	829922	0
Kasyai	33	526	270582	782982	0
Kasyapuram	1	212	158066	800238	0