Kattipparutti	16	148	108738	760535	40318
Kattivakkam	30	199	132167	803167	36617
Kattumannarkoil	30	175	112763	795578	27294
Kattanam	16	234	91761	765633	19764
Kattur	16	232	103732	761668	18017
Kattatturai	30	435	82849	772755	17271
Kattakampala	16	232	106942	760336	11836
Kattupputtur	30	260	109939	782193	11040
Kattimancode	30	435	81905	773526	8541
Kattrivedu	30	199	131378	802044	7580
Katta	19	325	218386	791445	0
Katta	20	139	215662	793662	0
Katta	19	325	221622	784042	0
Katta	20	206	157513	740498	0
Katta	15	55	127163	755344	0
Katta	15	55	125931	755961	0
Katta Bhatta	33	685	267237	809616	0
Katta Dehagaon	31	271	194731	783800	0
Kattabelturu	15	248	136859	747091	0
Kattachchinnampatti	30	183	104281	778258	0
Kattachira	16	234	91584	765427	0
Kattacholappatti	30	264	100039	784069	0
Kattagampatti	30	260	104908	782170	0
Kattagaparai	30	223	112455	783510	0
Kattagaram	30	215	124110	783153	0
Kattagaram	30	369	112379	794893	0
Kattageri	15	59	139443	745786	0
Kattagudi	30	193	105669	785921	0
Kattahakkalu	15	333	136438	753381	0
Kattahalli	15	93	125522	764616	0
Kattahalli	30	215	123942	783123	0
Kattaikkadu	30	109	119674	786855	0
Kattaiyaditattu	30	201	83516	778879	0
Kattaiyampatti	30	260	106759	783402	0
Kattaiyandipatti	30	193	102535	785461	0
Kattaiyankulattuppatti	30	183	107938	781127	0
Kattakada	16	211	85042	770803	0
Kattakalani	30	238	126583	800697	0
Kattakamanpatti	30	183	101616	777311	0
Kattakere	15	248	135907	747203	0
Kattakinar	30	204	112437	777578	0
Kattakinar	30	204	112326	777544	0
Kattakindapalle	1	426	144416	776523	0
Kattakindapalle	1	221	147257	788473	0
Kattakindapalle	1	221	150445	790117	0
Kattakindapalli	1	207	134540	790408	0
Kattakindapalli	1	207	134308	790002	0
Kattakindipalle	1	195	151614	793801	0
Kattakindipalle	1	195	150690	795008	0
Kattakindipalle	1	195	154215	792556	0
Kattakindipalli	1	190	141928	790775	0
Kattakindipalli	1	45	141306	799589	0
Kattakindipalli	1	45	135078	792107	0
Kattakindipalli	1	207	131402	790364	0
Kattakindipalli	1	207	131126	791373	0
Kattakindipalli	1	207	132130	792258	0
Kattakkada	16	211	85020	770858	0
Kattakkadu	30	51	114407	786695	0
Kattakkalapatti	30	264	99592	784082	0
Kattakkudi	30	257	106581	793619	0
Kattakkurichchi	30	193	103126	789079	0
Kattakod	16	253	110518	766474	0
Kattakommu Tanda	31	241	169678	798283	0
Kattakukke	16	294	126583	751361	0
Kattakulam	30	186	85240	775706	0
Kattakulam	30	5	93328	785394	0
Kattakundapalli	30	215	127080	780211	0
Kattakuntapalle	1	221	141553	784341	0
Kattal	12	348	326092	760907	0
Kattal	12	348	326031	762521	0
Kattala	30	435	82874	773322	0
Kattalai	30	158	129246	794603	0
Kattalai	30	197	122225	797189	0
Kattalai	30	175	114899	794744	0
Kattalai	30	257	108353	794150	0
Kattalai	30	186	84480	775807	0
Kattalai Agraharam	30	427	109545	781904	0
Kattalaimedu	30	255	113552	790487	0
Kattalaippatti	30	427	108887	781238	0
Kattalaipudur	30	435	83080	774563	0
Kattalaiyudaiyaneri	30	186	88016	777722	0
Kattalampatti	30	201	91314	776975	0
Kattalampatti	30	193	106106	785735	0
Kattalampatti	30	436	100364	785698	0
Kattalampatti	30	118	94430	781955	0
Kattalampatti	30	201	91356	781794	0
Kattalampattu	30	192	122898	792506	0
Kattalangulam	30	5	91849	783663	0
Kattalangulam	30	201	86995	780062	0
Kattalantittu	30	376	119365	792613	0
Kattalapalle	1	221	149278	789042	0
Kattalur	30	193	106425	786234	0
Kattaluru	1	221	143970	784038	0
Kattamadaiyur	30	204	112693	775187	0
Kattamaduvu	30	192	122160	786704	0
Kattamanayakkanpatti	30	183	106860	781343	0
Kattamanayakkanvalasu	30	183	105821	775857	0
Kattamanchi	1	207	132279	791109	0
Kattamangalam	30	192	125673	794117	0
Kattambur	30	436	100864	785783	0
Kattamkottai	30	436	98250	781797	0
Kattammanpudur	30	227	107089	775368	0
Kattamonangi	25	349	199419	834482	0
Kattampalaiyam	30	223	114171	778500	0
Kattampatti	30	154	108079	771441	0
Kattampatti	30	154	111726	770408	0
Kattampatti	30	51	116983	778925	0
Kattampatti	30	227	106587	775497	0
Kattampatti	30	183	101952	782657	0
Kattampatti	30	183	104990	778658	0
Kattampuli	30	186	87892	777591	0
Kattampundi	30	192	121215	790792	0
Kattamudipalli	1	190	141348	792557	0
Kattamuru	1	259	173345	822323	0
Kattamuru	1	259	171118	821172	0
Kattamuru	1	10	164859	801658	0
Kattamuttuppalaiyam	30	175	118219	795438	0
Kattamvaripalle	1	195	159057	795561	0
Kattanachchampatti	30	223	114736	781887	0
Kattanagaram	30	254	110713	794537	0
Kattanahaklu	15	59	147898	747457	0
Kattanahalli	30	109	123233	781410	0
Kattanahalli	30	109	122610	781227	0
Kattanakulam	30	220	131358	797507	0
Kattanambal	30	264	99174	781874	0
Kattanampatti	30	260	110657	785588	0
Kattanandal	30	376	116678	789704	0
Kattanangarai	30	183	103222	777118	0
Kattanapatti	30	260	105279	784625	0
Kattanendal	30	5	92593	784425	0
Kattangani	30	227	111125	774782	0
Kattangani	30	227	108749	774281	0
Kattangudi	30	5	96876	789605	0
Kattangulam	30	118	97426	781544	0
Kattanikarai	30	436	97471	786973	0
Kattanippatti	30	436	100272	784709	0
Kattanippatti	30	264	99972	784350	0
Kattanjimedu	30	197	121869	795049	0
Kattankattuppatti	30	223	112379	783912	0
Kattankudikkadu	30	369	111334	791935	0
Kattankulam	30	159	127028	798210	0
Kattankulathur	30	238	128162	800368	0
Kattanpalle	1	258	174559	815696	0
Kattanpatti	30	427	110334	778519	0
Kattanpatti	30	118	94705	782809	0
Kattanur	30	215	123070	785302	0
Kattanur	30	220	131961	798488	0
Kattanur	30	118	96703	783288	0
Kattanur	30	5	97557	787326	0
Kattapadigai	30	114	113658	769331	0
Kattapadigai	30	114	113701	768831	0
Kattapalem	1	6	143215	801465	0
Kattapalli	31	128	174861	790480	0
Kattapalli	16	256	122736	754682	0
Kattapalli	1	190	140119	792490	0
Kattapar	6	620	206385	808035	0
Kattapodipatti	30	427	107638	782941	0
Kattappallikonam	16	211	87578	767592	0
Kattappatti	30	260	112237	784916	0
Kattappattu	30	436	100116	785854	0
Kattappuli	30	186	88480	776709	0
Kattapuli	30	257	105530	794931	0
Kattar	28	298	256810	742347	0
Kattaragatta	15	652	129432	763242	0
Kattarala	31	160	193391	793771	0
Kattarallapalem	1	212	157661	803569	0
Kattarambakkam	30	158	130252	794073	0
Kattarampakkam	30	197	122365	795883	0
Kattarampakkam	30	197	120577	797509	0
Kattarankulam	30	186	89086	776824	0
Kattari	30	215	124530	781895	0
Kattari	30	51	114593	777263	0
Kattariguppe	15	93	129236	768490	0
Kattarikadarenahalli	15	422	135921	776778	0
Kattarikuppam	30	184	129710	788568	0
Kattarikuppam	30	184	127283	788893	0
Kattarikuppam	30	158	130682	794297	0
Kattarimadu	30	197	121253	798097	0
Kattarimangalam	30	201	85251	779044	0
Kattarippatti	30	427	108360	783577	0
Kattarlapalle	1	207	133163	785698	0
Kattarsalta	31	90	188293	797887	0
Kattarupalle	1	426	141147	782478	0
Kattaruvandlapalli	1	45	137155	791219	0
Kattasingaripalem	1	195	157681	795861	0
Kattatti	30	436	98381	786733	0
Kattatti	30	193	104860	792272	0
Kattattur	30	369	113065	793504	0
Kattavadipura	15	74	121448	766728	0
Kattavakkam	30	159	128293	798478	0
Kattavaripalem	1	10	163830	802250	0
Kattavaripalem	1	10	161017	802144	0
Kattavaripalli	1	190	142341	792893	0
Kattavayi	15	333	144155	749525	0
Kattavilagam	30	5	99270	789709	0
Kattavirichchampatti	30	109	121223	785834	0
Kattavur	30	220	133634	801815	0
Kattavuru	1	10	165189	799084	0
Kattaya	33	661	273349	793910	0
Kattaya	15	652	128970	760646	0
Kattayalangulam	30	118	96535	782635	0
Kattayampandal	30	159	125743	798102	0
Kattayampatti	30	436	103508	784789	0
Kattayanpatti	30	436	101002	785594	0
Kattayanur	30	51	114498	778892	0
Kattayanvidudi	30	193	104008	789693	0
Kattayat	16	233	116717	762457	0
Kattayil	16	528	89436	767721	0
Katte	15	55	127772	755927	0
Katte Belaguli	15	652	128159	761924	0
Katte Cholenahalli	15	652	128536	763897	0
Katte Gadde	15	652	128532	758266	0
Katte Hosur	15	652	128245	762992	0
Katte Hosur	15	652	128128	763668	0
Katte Hunsur	15	74	120236	764955	0
Katte Koppal	15	74	123608	769296	0
Kattebennuru	15	352	149050	757496	0
Kattebettu	30	114	114096	768165	0
Kattedevarahatti	15	246	139458	765573	0
Kattedgudem	6	80	188501	808521	0
Kattedoddi	15	93	125437	769733	0
Kattegadde	15	333	137704	751164	0
Kattegadde	15	97	132648	756972	0
Kattegalale	15	97	136198	754879	0
Kattehalli	15	652	130470	760062	0
Kattehalli	15	652	131134	762419	0
Kattehalli	15	652	128077	761904	0
Kattehallli	15	652	130280	760141	0
Kattehosahalli	15	652	129404	760493	0
Kattehosur	15	652	128071	759543	0
Kattehundi	15	74	122703	764898	0
Kattejhari	20	134	204128	805055	0
Kattekal	15	59	143801	748195	0
Kattekavundanpalaiyam	30	227	111450	774725	0
Kattekelagnahalli	15	375	134426	774510	0
Kattekoppa	15	333	136619	751284	0
Kattemane	15	97	134841	754357	0
Kattemanuganahalli	15	74	120701	763148	0
Kattemar	13	485	334985	744025	0
Kattepur	15	652	129926	758731	0
Kattepur	15	74	122286	770265	0
Kattepura	15	652	126099	760482	0
Katteragandla	1	221	150092	789584	0
Katteri	15	93	124497	765984	0
Katteri	30	180	125460	785727	0
Katteri	30	215	122001	785435	0
Katteri	30	158	129060	794128	0
Katteri	30	192	126787	793376	0
Katteri	30	159	129290	797283	0
Katteri	30	159	128769	796971	0
Katteri	30	192	123559	795917	0
Katterikuppam	30	-1	120011	797083	0
Kattesomanahalli	15	652	131993	759821	0
Katteyanmaradi	15	352	150739	761968	0
Katthila	15	55	127885	750101	0
Katthukwatoli	14	310	234941	844264	0
Katti	19	354	228191	798117	0
Kattiarallapalle	1	195	153005	789571	0
Kattibisanahalli	15	47	132633	782793	0
Kattichchangudi	30	257	107353	794509	0
Kattiel	15	55	130411	748686	0
Kattigadde	15	59	149817	745976	0
Kattigaon	6	627	202082	818462	0
Kattigehalli	15	265	144473	763268	0
Kattigehalli	15	92	129897	769786	0
Kattigenahalli	15	422	135531	780282	0
Kattigenahalli	15	422	133033	780429	0
Kattigeri	15	248	137678	746759	0
Kattiguda	25	108	185390	821208	0
Kattiguda	25	108	184021	823350	0
Kattigudem	31	60	180832	808033	0
Kattihoshalli	15	375	132794	773796	0
Kattikallu	16	148	113196	763102	0
Kattikalmarigudi	30	114	115307	766472	0
Kattikasanapalli	1	-1	134281	783716	0
Kattikattuvalasu	30	183	106163	776163	0
Kattikkalam	30	427	109886	781514	0
Kattikkaranpatti	30	260	106637	783225	0
Kattikudam	16	232	102492	763294	0
Kattikulam	30	436	97008	783723	0
Kattilassheri	16	148	109827	761458	0
Kattilepadam	16	148	113156	763003	0
Kattimachanahalli	15	422	133670	780493	0
Kattimallenahalli	15	652	127437	760364	0
Kattimangalam	30	5	98543	789689	0
Kattimanipalle	1	99	150830	778869	0
Kattimanipalli	1	207	127425	783646	0
Kattimodu	30	257	105032	796609	0
Kattimuttananpatti	30	5	92023	783260	0
Kattina Makki	15	248	137189	747057	0
Kattinagenahalli	15	92	135548	772884	0
Kattinakere	15	333	143061	751485	0
Kattinamallu	15	333	141209	749297	0
Kattinayakkanpatti	30	51	116851	778727	0
Kattinayanipalli	30	215	125383	782483	0
Kattingere	15	248	132651	748322	0
Kattinhole	15	333	138647	749208	0
Kattinkai	15	333	139921	748105	0
Kattinkar	15	333	139946	747048	0
Kattipada	25	349	193824	833716	0
Kattipalaiyam	30	427	110911	779960	0
Kattipalaiyam	30	223	113169	780357	0
Kattipalle	16	294	124962	751099	0
Kattipattu	30	184	127182	789368	0
Kattipudi	1	259	172418	823363	0
Kattipundi	30	192	125914	791302	0
Kattirajanahalli	15	92	138075	771914	0
Kattiricheri	30	238	125211	799109	0
Kattirikollai	30	254	104913	792941	0
Kattirinattam	30	254	107723	792049	0
Kattiripalle	1	207	133644	793883	0
Kattiripalli	30	215	126965	781587	0
Kattirippatti	30	51	117633	782961	0
Kattirippatti	30	51	117569	785100	0
Kattirippatti	30	109	119878	786190	0
Kattirippulam	30	230	104640	797597	0
Kattirivanipeta	1	453	185559	839891	0
Kattiriyattam	30	215	123045	778182	0
Kattirpalli	30	215	125744	780009	0
Kattisandra	15	47	130101	784099	0
Kattivaripalle	1	426	140554	777155	0
Kattivaripalle	1	426	140844	782833	0
Kattivelanpalaiyam	30	223	113770	778462	0
Kattiyacharyulupeta	1	453	184247	838569	0
Kattiyadu	16	211	86645	768665	0
Kattiyakavundanur	30	204	115423	776833	0
Kattiyakkaranpatti	30	193	105116	786414	0
Kattiyakkaranur	30	204	114883	775954	0
Kattiyampalaiyam	30	175	117876	795178	0
Kattiyanallur	30	175	116410	793212	0
Kattiyanendal	30	5	98384	789522	0
Kattiyaniruppu	30	198	111736	797606	0
Kattiyankudikkadu	30	369	112392	791632	0
Kattiyapatti	30	260	109916	783191	0
Kattiyeri	16	233	117571	758384	0
Kattiyur	30	436	97674	787301	0
Kattlebettu	15	55	130492	752544	0
Kattonigudem	31	100	168733	791202	0
Kattonigudem	31	100	168923	791073	0
Kattradahalli	15	97	132188	756221	0
Kattu	27	696	303093	756333	0
Kattu Gudalur	30	175	113397	796610	0
Kattu Idaiyar	30	376	118492	791429	0
Kattu Kalva	31	61	179550	793174	0
Kattu Kalva	31	61	179880	794218	0
Kattu Nedungulam	30	436	98996	787179	0
Kattu Nemili	30	376	116602	792837	0
Kattu Purwa	33	488	275401	812592	0
Kattu-de-khandi	13	358	330328	756116	0
Kattubadikhandrika	30	220	132789	799434	0
Kattubadipalem	1	308	160920	804594	0
Kattubadipalem	1	6	146514	798879	0
Kattubadipalli	1	6	143022	797563	0
Kattubadivanipalli	1	45	137512	791013	0
Kattubahi	25	349	197837	834949	0
Kattubandipalem	1	10	161311	800628	0
Kattubolu	1	219	175056	828736	0
Kattuchcheri	30	198	110147	798218	0
Kattuchchodendal	30	5	94164	784143	0
Kattuchurai	30	436	98141	785536	0
Kattudadi	25	349	196947	834740	0
Kattudevadur	30	238	123959	799382	0
Kattugudalur	30	238	124362	797896	0
Kattugudalur	30	175	116416	794494	0
Kattukalvehalli	30	109	121854	781136	0
Kattukandigai	30	158	129511	796267	0
Kattukaranai	30	238	124427	797575	0
Kattukkaruppanpatti	30	436	102065	784377	0
Kattukkottai	30	254	108468	791010	0
Kattukkottai	30	51	116026	786698	0
Kattukkottaipatti	30	193	106736	788943	0
Kattukkottampalaiyam	30	227	108887	775604	0
Kattukkudi	30	436	99485	789572	0
Kattukkudi	30	5	97278	789296	0
Kattukkudippatti	30	436	102941	784584	0
Kattukkudiyiruppu	30	436	100679	788172	0
Kattukkulam	30	260	109643	786368	0
Kattukkuppam	30	-1	118072	797794	0
Kattukkurichchi	30	254	108442	792232	0
Kattukkurichchi	30	254	106941	792037	0
Kattukollai	30	197	121571	799312	0
Kattukottayi	30	51	118093	778576	0
Kattukulam	16	253	108749	764066	0
Kattukuppam	30	220	134223	803151	0
Kattulapeta	25	305	188915	832860	0
Kattulavoipalle	1	195	153146	790152	0
Kattumalaiyanur	30	192	121893	791738	0
Kattumalli	30	180	126408	785767	0
Kattumangalam	16	234	94941	763855	0
Kattumaraikulam	30	118	95932	782820	0
Kattumarudanpatti	30	193	105371	787317	0
Kattumavadi	30	193	101227	792228	0
Kattumayadi	30	230	108724	797770	0
Kattumayilur	30	175	115663	791231	0
Kattumeru	25	349	193003	839698	0
Kattumunnur	30	427	109649	778906	0
Kattunaval	30	193	105575	790213	0
Kattunayakkanpalaiyam	30	227	109189	775856	0
Kattunayakkanpatti	30	201	90152	780637	0
Kattunayakkanpatti	30	189	99258	774595	0
Kattungalpadam	16	234	95740	763118	0
Kattungalpadam	16	234	95427	763271	0
Kattuopattu	30	197	120153	795994	0
Kattupakkam	30	158	130280	795405	0
Kattupalaiyam	30	227	110777	774029	0
Kattupalaiyam	30	204	111700	775053	0
Kattupalaiyam	30	427	108995	778463	0
Kattupalem	1	258	177583	823633	0
Kattupalem	1	219	175433	828832	0
Kattupalle	1	258	178810	821829	0
Kattupalli	30	220	133042	803321	0
Kattuparamalai	16	261	97049	768532	0
Kattuparur	30	175	116225	792494	0
Kattuppaiyur	30	376	119085	792293	0
Kattuppalaiyam	30	204	114204	773867	0
Kattuppalaiyam	30	204	113231	773188	0
Kattuppalaiyam	30	204	113442	774779	0
Kattuppalaiyam	30	227	113030	773521	0
Kattuppalaiyam	30	204	115431	775934	0
Kattuppalaiyam	30	204	114410	775531	0
Kattuppalaiyam	30	204	114347	775514	0
Kattuppalaiyam	30	204	114087	775188	0
Kattuppalaiyam	30	204	111461	777391	0
Kattuppalaiyam	30	51	116729	778767	0
Kattuppalaiyam	30	223	115038	779913	0
Kattuppalaiyam	30	223	114091	777572	0
Kattuppalaiyam	30	223	113912	777974	0
Kattuppalaiyam	30	223	113278	779174	0
Kattuppalaiyam	30	223	111097	779325	0
Kattuppalaiyam	30	227	109931	773844	0
Kattuppalaiyam	30	227	109645	774974	0
Kattuppalaiyam	30	227	109395	776776	0
Kattuppalaiyam	30	427	109704	778454	0
Kattuppalaiyam	26	-1	118530	797897	0
Kattuppalaiyam	30	198	110322	798441	0
Kattuppalaiyam	30	223	114061	780453	0
Kattuppalaiyam	30	223	113070	780550	0
Kattuppalaiyam	30	223	112815	780283	0
Kattuppalaiyam	30	223	114640	780529	0
Kattuppalaiyam	30	223	111527	780078	0
Kattupparamagudi	30	5	95533	785778	0
Kattuppati	30	227	112333	773875	0
Kattuppatti	30	215	122480	784169	0
Kattuppatti	30	260	105699	783723	0
Kattuppatti	30	193	105956	785394	0
Kattuppatti	30	193	102899	785628	0
Kattuppatti	30	193	104315	786811	0
Kattuppirangiyam	30	369	111134	791400	0
Kattupputtur	30	192	123793	790537	0
Kattupuliyur	30	436	98078	785321	0
Kattupunjai	30	197	123181	798062	0
Kattuputhucheri	16	211	88141	767994	0
Kattuputtur	30	159	126329	798694	0
Kattur	30	238	127359	801422	0
Kattur	30	220	133553	802847	0
Kattur	30	220	133578	802976	0
Kattur	16	256	119378	755804	0
Kattur	30	109	123261	782196	0
Kattur	30	159	125913	797452	0
Kattur	30	154	110108	769634	0
Kattur	16	234	95705	763149	0
Kattur	30	227	112648	774318	0
Kattur	30	204	115914	775977	0
Kattur	30	204	115867	776502	0
Kattur	30	51	116097	777481	0
Kattur	30	204	115552	776083	0
Kattur	30	204	116311	776742	0
Kattur	30	204	116354	776903	0
Kattur	30	204	115167	776799	0
Kattur	30	204	114712	776089	0
Kattur	30	227	110269	775401	0
Kattur	30	51	116320	779967	0
Kattur	30	51	116321	778572	0
Kattur	30	51	115700	779501	0
Kattur	30	109	119555	777797	0
Kattur	30	51	118661	778067	0
Kattur	30	51	114904	778258	0
Kattur	30	223	113254	777908	0
Kattur	30	204	112525	777876	0
Kattur	30	223	112692	779110	0
Kattur	30	223	112761	779883	0
Kattur	30	223	111370	779221	0
Kattur	30	427	110427	778406	0
Kattur	30	227	109442	773778	0
Kattur	30	369	109742	791459	0
Kattur	30	254	107305	792161	0
Kattur	30	257	107907	796012	0
Kattur	30	427	109526	782441	0
Kattur	30	227	108694	776687	0
Kattur	30	260	108916	788559	0
Kattur	30	201	86038	780080	0
Kattur	30	427	107181	779215	0
Kattur	30	183	105346	778325	0
Kattur	30	51	118330	780485	0
Kattur	30	198	113564	798041	0
Kattur	30	223	114100	781422	0
Kattur	30	223	114367	780663	0
Kattur	30	223	114523	781812	0
Kattur	30	223	114413	781103	0
Kattur	30	223	110726	781455	0
Kattur	30	51	117007	782655	0
Kattur	30	223	115642	783586	0
Kattur	30	51	118009	786414	0
Kattur	30	51	116518	777686	0
Kattur	30	51	114842	779625	0
Kattur	30	51	116754	780674	0
Kattur	30	51	115579	780437	0
Kattur Pudur	30	227	109385	774046	0
Katturgudem	31	241	169443	798279	0
Katturkottai	30	51	115989	777383	0
Katturu	1	45	135249	792252	0
Katturu	30	51	118082	780117	0
Katturu	30	51	117759	780446	0
Kattusellur	30	376	118457	791753	0
Kattusigalpatti	30	109	123241	782148	0
Kattusittamur	30	197	121996	792379	0
Kattusiviri	30	197	122697	795926	0
Kattuthayivayal	16	148	113212	762089	0
Kattuttattanvayal	30	193	102481	789514	0
Kattuttottam	30	254	107770	791673	0
Kattuvakkam	30	220	132907	799546	0
Kattuvakkudi	30	257	105752	795694	0
Kattuvalachcheri	30	257	105978	794425	0
Kattuvalasu	30	227	112413	774278	0
Kattuvalasu	30	204	114314	775104	0
Kattuvalasu	30	204	113881	775274	0
Kattuvalaunattam	30	204	112830	775052	0
Kattuvalavu	30	204	113515	774826	0
Kattuvalavu	30	227	112736	774007	0
Kattuvalavu	30	204	113360	774859	0
Kattuvalavu	30	51	119034	779890	0
Kattuvalavu	30	51	117919	780047	0
Kattuvalavu	30	51	115989	781562	0
Kattuvalavu	30	51	118159	786510	0
Kattuvanattam	30	192	123381	792128	0
Kattuvanayakkanvalasu	30	183	106338	775826	0
Kattuvannanjur	30	376	118828	789206	0
Kattuvapalli	1	6	141760	799399	0
Kattuvarayankurichchi	30	175	114589	797158	0
Kattuvari Agraharam	1	219	178683	828846	0
Kattuvay	30	254	108250	793007	0
Kattuvelampatti	30	183	102388	782063	0
Kattuvelanandal	30	192	122093	791529	0
Kattuveppilaippatti	30	51	116497	783509	0
Kattuverlanpalaiyam	30	223	112655	778429	0