Khajoori Khas	8	753	287096	772587	76640
Khajuraho Group of Monuments	19	638	248481	799335	25662
Khaj	12	348	323467	760317	0
Khaj Khera	33	329	284063	795934	0
Khaja Ahmadpalle	31	203	171145	775645	0
Khaja Chak	4	518	250950	865215	0
Khajaguda	31	62	174155	783662	0
Khajahi	33	496	269914	833307	0
Khajahia	33	314	265442	832610	0
Khajai	33	329	283259	793361	0
Khajal	12	348	325296	760838	0
Khajalahauri Bigha	4	495	251630	856705	0
Khajalaiya	19	512	245390	799416	0
Khajamahalpur	31	32	176690	774985	0
Khajan	12	39	323319	758949	0
Khajan	12	39	323256	759017	0
Khajanchi Bigha	4	112	250749	846670	0
Khajanchi ki Ber	19	502	239845	793626	0
Khajanpura	4	687	259271	854711	0
Khajanwan	33	532	265316	824973	0
Khajapadar	25	372	207905	840936	0
Khajapur	31	32	181461	777672	0
Khajapur	31	386	180585	783882	0
Khajapur	33	532	264374	828348	0
Khajapur	33	27	256796	835624	0
Khajar	12	514	306107	776655	0
Khajara	19	338	240591	790085	0
Khajaraiapasi	25	281	216930	858113	0
Khajardiha	25	281	215725	859772	0
Khajari	19	338	240382	790489	0
Khajari	19	576	233468	797828	0
Khajari	6	279	221257	820217	0
Khajaria	33	116	283665	788107	0
Khajariapal	25	546	213303	845604	0
Khajarsota	14	434	243445	859982	0
Khajarwani	19	325	225947	790625	0
Khajarwar	19	217	227800	815388	0
Khajarwartola	19	217	227541	815279	0
Khajaul Bazidpur	4	687	259078	853136	0
Khajaula	33	152	268264	828354	0
Khajauli	4	535	264663	861746	0
Khajauli	4	520	258805	850171	0
Khajauli Nakib	33	479	262711	832945	0
Khajaura	19	638	248297	799813	0
Khajauta	4	520	257829	849970	0
Khajauta	4	687	259511	851542	0
Khajauta	4	687	256664	853492	0
Khajauti	4	687	258863	851183	0
Khajauti	4	687	256536	853762	0
Khajautia	4	136	256726	857475	0
Khajawa	19	638	249186	799277	0
Khajawa	19	638	249309	799174	0
Khajawa	33	522	270947	824929	0
Khajawati	4	117	246425	850012	0
Khaje	19	313	245391	804711	0
Khaje Sarai	4	520	258811	848082	0
Khajepur	33	532	266157	825525	0
Khajepur	4	581	256026	850772	0
Khajepur Basti	4	687	258686	855856	0
Khajepur Basti	4	687	258747	855978	0
Khajepur Kalan	4	615	260559	843684	0
Khajepur Khurd	4	615	260628	843705	0
Khajepura	4	495	252435	851920	0
Khajet	12	39	321742	760660	0
Khajgi Saraiyan	33	31	265912	815239	0
Khajgipur	33	196	250208	830460	0
Khajha	33	637	261605	819675	0
Khajha	19	497	250607	814094	0
Khajhapur	33	575	264043	819647	0
Khajhapur	33	532	264365	827900	0
Khajhara	4	-1	250488	833285	0
Khajhra	4	718	252460	836940	0
Khajhwa	33	539	267676	837999	0
Khajiabar	33	479	262181	831912	0
Khajiar	12	348	326423	761309	0
Khajiar	12	348	325504	760652	0
Khajiatola	19	142	218237	803013	0
Khajiatola	19	217	228610	813780	0
Khajigal	15	86	161859	760312	0
Khajigudem	1	25	166130	810523	0
Khajikhandrika	1	207	132027	790831	0
Khajinpura	28	599	268153	777974	0
Khajipalem	1	219	176182	829514	0
Khajipet	1	224	157163	782944	0
Khajipeta	1	221	146509	787702	0
Khajipeta	1	453	182807	839181	0
Khajipuram	1	228	151445	772774	0
Khajipuram	1	228	152670	775359	0
Khajipuram	1	224	151308	781947	0
Khajipuram	1	195	154464	791166	0
Khajipuram Kottala	1	228	151549	772812	0
Khajista Sarai	33	27	256244	835270	0
Khajiyar	12	514	306022	776529	0
Khajji	12	39	320176	763508	0
Khajjian	12	39	322924	759721	0
Khajjiar	12	348	325459	760595	0
Khajla	12	604	311958	770011	0
Khajla	19	16	239960	768464	0
Khajlela	12	348	325721	762771	0
Khajmal	25	262	219908	842267	0
Khajnawar	33	431	301005	777229	0
Khajnawar	33	431	300963	777287	0
Khajni	33	314	266566	832524	0
Khajola	20	78	205381	751617	0
Khajoli	20	78	205396	751604	0
Khajopur	28	463	278898	764615	0
Khajorehat	33	33	256926	823698	0
Khajori	19	607	240310	825549	0
Khajpur	20	112	200892	751195	0
Khajpur	28	288	281070	754574	0
Khajpur	33	174	279235	775984	0
Khajpur	11	586	285807	766335	0
Khajpur	19	239	220135	747999	0
Khajpura	28	302	263973	761074	0
Khajpura	4	106	249323	856348	0
Khajpura ka Bas	28	288	281210	754721	0
Khajpurnaya	28	288	281265	754710	0
Khajra	19	420	249776	782678	0
Khajra	19	338	240995	788024	0
Khajra	19	338	239886	783166	0
Khajra	33	370	247955	785010	0
Khajra	33	492	286833	787324	0
Khajra	33	622	283196	785911	0
Khajra	33	622	283717	785880	0
Khajra	19	142	222388	807618	0
Khajra Inayatganj	33	622	284251	784225	0
Khajraha	33	417	254490	789706	0
Khajraha	4	636	256765	865941	0
Khajraha	4	636	258623	864174	0
Khajraha Buzurg	33	417	253136	784719	0
Khajraha Khurd	33	417	253314	784568	0
Khajraitha	4	727	253616	867982	0
Khajrajpur	33	242	252091	828702	0
Khajran	6	285	202780	822665	0
Khajrana	19	635	227329	759058	0
Khajrani	19	635	227384	758903	0
Khajrani	34	413	299408	794704	0
Khajrar	19	462	247752	792594	0
Khajrara	33	116	279362	788913	0
Khajratola	19	142	222339	807550	0
Khajraul	33	196	251515	830368	0
Khajrauni	4	615	261135	843199	0
Khajrawan	6	676	203194	817568	0
Khajrawand	6	634	200241	817767	0
Khajraya	19	635	228238	755165	0
Khajret	12	604	309431	769588	0
Khajri	34	589	299148	786189	0
Khajri	19	576	234103	798492	0
Khajri	19	325	221716	786176	0
Khajri	19	325	220613	786537	0
Khajri	19	325	220840	789233	0
Khajri	19	443	219575	783673	0
Khajri	6	455	213212	810794	0
Khajri	6	275	214756	814078	0
Khajri	19	502	239471	792514	0
Khajri	19	502	239019	794394	0
Khajri	19	142	217399	798008	0
Khajri	19	512	247944	801899	0
Khajri	19	354	228239	799460	0
Khajri	19	449	228548	806645	0
Khajri	19	461	226026	806804	0
Khajri	20	168	211402	801662	0
Khajri	19	142	215179	804928	0
Khajri	6	490	214560	809968	0
Khajri	6	611	215851	829744	0
Khajri	12	348	327196	761805	0
Khajri	19	449	228778	810237	0
Khajri	6	723	218630	819920	0
Khajri	12	267	318832	768562	0
Khajri	19	512	241898	798777	0
Khajri Antu	19	325	220783	786451	0
Khajri Chak	14	570	251275	874787	0
Khajri Kalan	6	517	217969	811113	0
Khajriala	12	348	324646	761126	0
Khajriapali	25	297	210282	839764	0
Khajribahal	25	683	215172	848128	0
Khajritola	19	449	228582	806773	0
Khajrod	19	208	240709	780852	0
Khajrol	33	584	253136	820505	0
Khajron	33	654	265166	812061	0
Khajrot Chauki	12	348	325337	760374	0
Khajrut	19	512	243572	798195	0
Khaju Chak	4	636	257650	865467	0
Khajua	33	451	279089	797953	0
Khajua	33	686	265330	795197	0
Khajua	33	282	274185	817233	0
Khajua	33	269	270678	823519	0
Khajua	33	152	268895	826189	0
Khajua	33	329	285988	793985	0
Khajua Ki Marhaiyan	33	686	265414	795349	0
Khajua Purwa	33	659	274080	802356	0
Khajuan	33	548	271262	798168	0
Khajuapur	33	626	255162	814378	0
Khajuapura	33	526	268366	785365	0
Khajuata	4	363	255106	846518	0
Khajuawan	19	497	246270	813862	0
Khajugaon	33	694	252748	830754	0
Khajuha	33	698	260546	805215	0
Khajuha	33	548	270237	798554	0
Khajuha	33	584	255996	820077	0
Khajuha	19	497	244907	814065	0
Khajuha	33	301	265578	809537	0
Khajuha	33	654	263124	809183	0
Khajuha	33	312	277664	812376	0
Khajuha	33	282	273387	815925	0
Khajuha	33	522	272564	817182	0
Khajuha	33	595	276808	818395	0
Khajuha	33	269	273549	824059	0
Khajuha	33	280	271978	826833	0
Khajuha	33	575	264027	820424	0
Khajuha	33	522	269875	823312	0
Khajuha	33	152	267610	826085	0
Khajuha	33	152	266862	825924	0
Khajuha	33	564	262112	836165	0
Khajuha	33	27	257475	836684	0
Khajuha	33	27	255268	836159	0
Khajuha Kalan	19	497	245391	814337	0
Khajuha Kalan	19	497	245290	814211	0
Khajuha Khera	33	301	265541	809555	0
Khajuha Khurd	19	497	245440	814356	0
Khajuhan	4	520	260293	844251	0
Khajuhatti	4	520	259249	844604	0
Khajuhi	33	242	253838	830270	0
Khajuhi	33	282	275471	816314	0
Khajukhan ki Garhi	28	22	245074	742225	0
Khajuki	19	323	257739	772255	0
Khajuki Gauntia	33	451	279504	795255	0
Khajuna Kalan	19	497	245015	814032	0
Khajupara	6	374	228653	824522	0
Khajur	12	267	319298	767513	0
Khajur Danr	33	280	271892	830697	0
Khajur Dih	33	532	263829	824616	0
Khajur ka Pura	19	459	266324	783860	0
Khajur Kol	33	623	270669	830536	0
Khajur Kol	33	623	269154	830533	0
Khajur Kol	33	623	269119	830397	0
Khajur Koraman	4	582	250715	870342	0
Khajura	28	429	262424	769225	0
Khajura	19	502	236638	793515	0
Khajura	33	645	264585	798015	0
Khajura	33	479	258712	828643	0
Khajura	33	27	256081	832873	0
Khajura	4	718	252434	834162	0
Khajura	4	718	249621	836866	0
Khajura	19	313	241740	812133	0
Khajura	33	116	276973	792951	0
Khajura	33	33	258757	826261	0
Khajura	33	102	242824	828583	0
Khajura	33	488	276876	810232	0
Khajura	33	532	263822	824860	0
Khajura	33	479	258381	831314	0
Khajura	33	479	258253	832712	0
Khajura	33	479	261430	829260	0
Khajura	19	337	239958	806590	0
Khajura	19	607	242919	826102	0
Khajura	4	535	261505	863640	0
Khajura	4	495	253661	853189	0
Khajura Bar	33	605	266497	822740	0
Khajura Jat	33	553	292817	783651	0
Khajura Kalan	33	623	270124	830957	0
Khajura Khurd	33	623	270168	830890	0
Khajuragarh	33	548	270886	794704	0
Khajurahan	19	497	246985	819092	0
Khajurahat	33	27	256139	832232	0
Khajurahat	33	196	246369	823986	0
Khajurahopurwa	19	638	248397	799504	0
Khajurahra	33	659	273098	801362	0
Khajurahwan	33	33	256606	825672	0
Khajural	19	502	236923	794424	0
Khajuran	33	33	259067	824118	0
Khajuran	12	604	311553	767481	0
Khajuran	28	163	232869	744853	0
Khajurana	33	659	274852	801645	0
Khajurani	6	388	218871	828959	0
Khajurar	33	282	274842	819028	0
Khajurar	4	581	253905	857560	0
Khajurara	33	445	269831	789876	0
Khajuratanr	4	117	243873	844674	0
Khajuraul	33	102	246748	832409	0
Khajuraul	33	102	246868	828681	0
Khajuraya ka Pura	33	688	256992	815230	0
Khajurbahal	25	262	218676	836871	0
Khajurbahra	25	572	207590	825944	0
Khajurbala	4	507	251525	848607	0
Khajurbana	4	636	256371	865164	0
Khajurbari	4	641	263567	874059	0
Khajurbari	4	491	263093	876685	0
Khajurdi	25	262	218640	852945	0
Khajurdihi	25	262	217038	848039	0
Khajurdihi	25	290	217414	836499	0
Khajurdihi	25	262	219060	838453	0
Khajurgaon	33	654	260720	809324	0
Khajurgaon	33	27	257887	836435	0
Khajurgaon	33	31	269580	811050	0
Khajurgawan	33	314	270341	832120	0
Khajurguda	25	273	196266	832439	0
Khajurguda	25	273	198171	833796	0
Khajurha	33	450	263886	804397	0
Khajurha	33	656	285728	798217	0
Khajurha	4	636	257446	867446	0
Khajurha Misir	4	675	264465	841222	0
Khajurha Panre	4	675	264529	841197	0
Khajurhai	19	465	259313	782640	0
Khajurhat	33	605	265336	821361	0
Khajurheri	33	431	299361	774207	0
Khajuri	33	516	259578	840710	0
Khajuri	28	357	250138	760931	0
Khajuri	14	434	245453	860988	0
Khajuri	6	-1	237342	837942	0
Khajuri	28	163	236022	746269	0
Khajuri	19	648	229216	774035	0
Khajuri	35	538	218690	879656	0
Khajuri	15	71	176874	765649	0
Khajuri	35	538	218672	879636	0
Khajuri	33	451	277970	794108	0
Khajuri	33	710	260684	793959	0
Khajuri	11	500	280252	766486	0
Khajuri	11	500	281858	767061	0
Khajuri	11	88	300801	771663	0
Khajuri	11	88	300523	772558	0
Khajuri	12	514	306320	777065	0
Khajuri	12	514	306217	777076	0
Khajuri	11	425	294768	756106	0
Khajuri	33	431	297088	776469	0
Khajuri	28	22	243708	735972	0
Khajuri	34	574	298456	777740	0
Khajuri	8	753	287056	772590	0
Khajuri	33	672	289470	774949	0
Khajuri	28	321	244482	763826	0
Khajuri	28	321	243916	766822	0
Khajuri	28	487	245963	769476	0
Khajuri	28	321	243256	767734	0
Khajuri	19	484	258153	784393	0
Khajuri	6	365	217579	821607	0
Khajuri	33	174	275308	778404	0
Khajuri	19	576	234164	798541	0
Khajuri	19	576	232420	799274	0
Khajuri	33	661	273268	794237	0
Khajuri	19	323	259478	770595	0
Khajuri	19	420	255577	775985	0
Khajuri	19	324	243349	772222	0
Khajuri	19	324	244460	774385	0
Khajuri	33	621	257027	796050	0
Khajuri	33	-1	251190	792121	0
Khajuri	19	202	218118	761283	0
Khajuri	19	459	266916	782462	0
Khajuri	33	242	253506	830054	0
Khajuri	4	-1	253982	837144	0
Khajuri	33	102	242032	832511	0
Khajuri	33	417	257893	788101	0
Khajuri	33	444	257517	805015	0
Khajuri	14	712	242828	838111	0
Khajuri	14	712	241731	838724	0
Khajuri	28	357	248118	762793	0
Khajuri	19	313	244384	812374	0
Khajuri	19	313	241912	811752	0
Khajuri	19	646	244283	819507	0
Khajuri	19	325	222985	784737	0
Khajuri	33	196	250072	823630	0
Khajuri	33	196	251512	826221	0
Khajuri	33	242	252692	828064	0
Khajuri	33	242	253459	829909	0
Khajuri	33	33	256457	824506	0
Khajuri	33	553	295071	784007	0
Khajuri	33	553	292754	783863	0
Khajuri	33	102	240853	829492	0
Khajuri	33	595	277319	817400	0
Khajuri	33	31	269398	814791	0
Khajuri	33	553	291899	783658	0
Khajuri	33	31	265798	813302	0
Khajuri	33	464	288080	783470	0
Khajuri	33	685	270899	809862	0
Khajuri	33	450	264657	802681	0
Khajuri	33	282	274597	818131	0
Khajuri	33	654	260176	812167	0
Khajuri	33	522	269369	819824	0
Khajuri	33	522	270895	821664	0
Khajuri	33	269	271994	824022	0
Khajuri	33	605	265572	821744	0
Khajuri	33	575	260830	821051	0
Khajuri	33	152	267459	823861	0
Khajuri	33	575	262994	823130	0
Khajuri	33	532	264298	823342	0
Khajuri	33	479	258320	831127	0
Khajuri	33	152	269233	827534	0
Khajuri	33	479	262202	829118	0
Khajuri	33	623	270600	830544	0
Khajuri	33	688	259359	816680	0
Khajuri	33	314	268063	831865	0
Khajuri	33	314	266291	831853	0
Khajuri	33	314	264484	833988	0
Khajuri	19	337	237549	800169	0
Khajuri	19	576	233901	800780	0
Khajuri	33	584	252299	819350	0
Khajuri	19	335	230263	745772	0
Khajuri	19	239	219695	752665	0
Khajuri	19	317	218690	753110	0
Khajuri	6	279	221182	822378	0
Khajuri	6	611	216367	826947	0
Khajuri	12	267	320109	766740	0
Khajuri	6	279	220273	819916	0
Khajuri	6	269	235100	837379	0
Khajuri	19	334	239922	761419	0
Khajuri	19	334	235710	762248	0
Khajuri	33	31	268717	817258	0
Khajuri	33	31	269295	816669	0
Khajuri	33	637	261840	817386	0
Khajuri	33	688	260188	817458	0
Khajuri	19	16	235759	768105	0
Khajuri	10	170	226515	741720	0
Khajuri	4	734	251835	847346	0
Khajuri	4	457	271135	842503	0
Khajuri	33	515	262852	839984	0
Khajuri	4	675	265216	843391	0
Khajuri	4	520	261069	847657	0
Khajuri	4	520	261556	848720	0
Khajuri	4	520	262093	848635	0
Khajuri	4	581	254638	849820	0
Khajuri	4	394	247020	840143	0
Khajuri	14	673	242075	842741	0
Khajuri	4	136	259153	858046	0
Khajuri	4	117	247941	852712	0
Khajuri	4	117	247382	852878	0
Khajuri	4	535	262999	860475	0
Khajuri	4	535	260907	863823	0
Khajuri	4	636	258041	865170	0
Khajuri	4	636	259144	866772	0
Khajuri	4	582	250807	866873	0
Khajuri	19	-1	260955	790003	0
Khajuri	4	117	249534	847550	0
Khajuri	4	641	260630	871341	0
Khajuri	33	312	279857	802314	0
Khajuri	4	136	257138	857283	0
Khajuri	14	673	239653	844737	0
Khajuri	14	712	236398	838012	0
Khajuri	33	654	260019	813114	0
Khajuri Allahyarpur	33	672	289860	778895	0
Khajuri Atalpur	19	420	248823	775499	0
Khajuri Bazar	4	641	260475	871143	0
Khajuri Bhat	33	515	264027	837333	0
Khajuri Chaubisa	19	208	236970	778744	0
Khajuri Devda	19	547	238381	755102	0
Khajuri Gokal	19	16	238604	764537	0
Khajuri Goshain	33	314	263026	835659	0
Khajuri Kalan	19	324	248708	775054	0
Khajuri Kalan	33	584	249468	820428	0
Khajuri Kalan	33	102	247163	829333	0
Khajuri Karaundi	33	532	263087	826184	0
Khajuri Kareri	19	16	239026	766384	0
Khajuri Khurd	28	321	245305	763110	0
Khajuri Khurd	33	584	249412	820467	0
Khajuri Khurd	33	584	249319	820562	0
Khajuri Khurd	33	102	247156	829397	0
Khajuri Khurd	33	522	270939	821655	0
Khajuri Mirzapur	33	605	266531	820048	0
Khajuri Nichli	33	645	264351	797621	0
Khajuri Nidhi	33	522	270150	818853	0
Khajuri Pande	33	314	263039	834905	0
Khajuri Panru	4	112	245223	841207	0
Khajuri Para	10	170	228840	743518	0
Khajuri Porasahi	25	527	200142	851716	0
Khajuri Purwa	33	575	260764	821045	0
Khajuri Suba	33	522	269284	819794	0
Khajuri Tika	14	-1	245299	841375	0
Khajuri Tiwari	33	515	263780	837074	0
Khajuri Uparli	33	645	264442	797623	0
Khajuria	28	22	244769	731448	0
Khajuria	33	370	245590	785916	0
Khajuria	33	445	271944	792858	0
Khajuria	33	661	275529	796039	0
Khajuria	33	548	270007	796297	0
Khajuria	19	326	234505	783099	0
Khajuria	19	338	236586	786632	0
Khajuria	19	326	235000	785795	0
Khajuria	19	338	234918	787235	0
Khajuria	19	338	233637	789070	0
Khajuria	28	302	260318	753867	0
Khajuria	33	593	278356	789482	0
Khajuria	33	644	274974	779788	0
Khajuria	4	718	250480	836798	0
Khajuria	14	712	241639	837589	0
Khajuria	14	673	240991	839876	0
Khajuria	19	338	243068	783038	0
Khajuria	19	338	239401	786790	0
Khajuria	19	338	238133	785456	0
Khajuria	33	619	252651	808708	0
Khajuria	33	661	275849	793892	0
Khajuria	33	595	275202	818130	0
Khajuria	33	31	266304	811933	0
Khajuria	33	31	269937	814396	0
Khajuria	33	31	268926	814738	0
Khajuria	33	522	270830	816426	0
Khajuria	33	116	282762	789952	0
Khajuria	33	269	274169	823816	0
Khajuria	33	269	274729	826573	0
Khajuria	33	280	271299	827940	0
Khajuria	33	280	272203	828545	0
Khajuria	33	623	270086	829187	0
Khajuria	33	479	261274	826897	0
Khajuria	33	152	268600	828016	0
Khajuria	33	532	264481	828266	0
Khajuria	33	280	272430	831645	0
Khajuria	33	496	271127	833773	0
Khajuria	33	496	270599	834701	0
Khajuria	33	496	272133	835975	0
Khajuria	33	496	271920	836877	0
Khajuria	33	623	269915	830235	0
Khajuria	33	539	269861	839189	0
Khajuria	28	550	256515	739764	0
Khajuria	33	488	272741	808988	0
Khajuria	28	163	231451	744018	0
Khajuria	19	303	231023	760850	0
Khajuria	19	311	230129	760262	0
Khajuria	25	478	215214	836071	0
Khajuria	33	282	276343	814410	0
Khajuria	19	648	230105	765246	0
Khajuria	19	16	238286	769097	0
Khajuria	19	648	230032	768857	0
Khajuria	28	493	239029	738856	0
Khajuria	28	298	251772	741295	0
Khajuria	4	675	264876	841762	0
Khajuria	33	329	285637	793338	0
Khajuria	33	329	285748	794715	0
Khajuria	4	675	263730	846196	0
Khajuria	4	382	264855	848215	0
Khajuria	33	329	287311	796570	0
Khajuria	33	329	283703	796312	0
Khajuria	33	656	282676	799063	0
Khajuria	14	379	242143	846172	0
Khajuria	4	518	252212	863957	0
Khajuria	4	396	251103	872883	0
Khajuria	4	396	252843	873311	0
Khajuria	14	442	251261	876627	0
Khajuria	4	602	254505	877804	0
Khajuria	14	379	244968	848007	0
Khajuria	14	738	240948	869876	0
Khajuria	14	276	220712	858520	0
Khajuria	25	399	211388	850262	0
Khajuria	25	281	212871	854353	0
Khajuria	25	399	207358	851788	0
Khajuria	25	292	204817	851519	0
Khajuria	25	527	203139	851136	0
Khajuria Bina	19	311	227806	763350	0
Khajuria Brahmanan	33	329	283457	794822	0
Khajuria Ilaka Shiupuri	33	329	280907	795853	0
Khajuria Kalan	19	648	233454	770706	0
Khajuria Kalan	33	619	252573	811765	0
Khajuria Kalan	33	451	281813	798339	0
Khajuria Kalan	33	531	287905	793500	0
Khajuria Kanka	19	311	230078	763693	0
Khajuria Kanungo	33	623	266019	830361	0
Khajuria Kasim	19	648	229274	766426	0
Khajuria Khera	33	329	287182	796444	0
Khajuria Khurd	4	718	250506	836746	0
Khajuria Khurd	33	619	252643	811907	0
Khajuria Khurd	33	451	281060	798107	0
Khajuria Khurd	33	531	288026	793603	0
Khajuria Maghrubi	33	280	274724	827372	0
Khajuria Misr	33	152	267419	826315	0
Khajuria Muwara	10	170	227215	741760	0
Khajuria Nagla	33	451	275236	797114	0
Khajuria Nagla	33	548	271552	796068	0
Khajuria Pachpera	33	656	285079	798473	0
Khajuria Purwa	33	659	271989	798108	0
Khajuria Raja	33	623	266187	830534	0
Khajuria Sampat	33	329	282857	795582	0
Khajuria Sirnet	33	152	267407	826334	0
Khajuria Zulfikar	33	329	284095	794792	0
Khajuriadih	6	269	237387	836575	0
Khajuriadih	6	269	235417	838181	0
Khajuriahari	19	16	238514	764488	0
Khajuriamunda	25	277	206641	851389	0
Khajurian ka Pura	33	526	269375	784168	0
Khajurianali	25	683	213470	849047	0
Khajuriapura	33	516	258643	837561	0
Khajuribahal	25	683	215941	848727	0
Khajuribahal	25	262	216895	849130	0
Khajuribani	25	281	214069	855749	0
Khajuribania	25	527	202812	848190	0
Khajuribigha	4	394	247010	840103	0
Khajurichuan	25	372	206222	841044	0
Khajuridhei	25	527	204250	848902	0
Khajuridih	4	582	250709	866992	0
Khajuridih	14	678	238827	849061	0
Khajuridurh	25	683	214840	845846	0
Khajurigarhi	33	523	278933	777829	0
Khajurigochha	25	527	203071	845902	0
Khajuriha	19	646	240830	818429	0
Khajuriha	19	607	242916	820908	0
Khajuriha	33	31	268538	813486	0
Khajuriha	33	450	262586	804742	0
Khajurijharan	25	546	209780	842224	0
Khajurijharan	25	546	209963	843987	0
Khajurijhor	25	399	208234	846609	0
Khajurikhaman	25	683	214536	850137	0
Khajurikhaman	25	683	214049	845319	0
Khajurimanda	19	558	241188	752887	0
Khajuripada	25	243	190640	840894	0
Khajuripara	25	372	206994	841357	0
Khajuripara	25	373	203646	841261	0
Khajuripur	33	605	264987	822582	0
Khajurital	19	313	243807	811358	0
Khajuriwas	28	463	281809	768261	0
Khajuriya	19	338	241391	783237	0
Khajuriya	19	326	236913	783612	0
Khajuriya	19	325	218592	789276	0
Khajuriya	19	324	244633	768724	0
Khajuriya	19	395	247782	775977	0
Khajuriya	19	395	246415	776867	0
Khajuriya	19	208	241639	779057	0
Khajuriya	19	395	243277	780374	0
Khajuriya	19	208	239870	782526	0
Khajuriya	4	363	255918	845649	0
Khajuriya	4	457	272232	843422	0
Khajuriya	4	457	270093	844757	0
Khajuriya	4	382	265623	845882	0
Khajuriya	4	382	265560	847001	0
Khajuriya	4	117	245398	846368	0
Khajuriya Chak	19	395	244325	777366	0
Khajuriya Kalan	19	395	244496	777538	0
Khajuriya Khurd	19	395	244520	777795	0
Khajuriyaghati	19	16	237219	764205	0
Khajuriyakhera	19	208	237351	778496	0
Khajurkhaman	25	290	219795	843544	0
Khajurla	13	485	333513	742018	0
Khajurmai	33	659	272330	802438	0
Khajurna	12	514	305328	772965	0
Khajurna	28	357	249611	760711	0
Khajurna	12	39	322626	760954	0
Khajurna	12	348	322672	761038	0
Khajurna	12	348	322863	760444	0
Khajurni	33	688	258800	820151	0
Khajurni	33	688	258591	819417	0
Khajurnu	12	39	319725	764106	0
Khajurnu	12	39	319593	764630	0
Khajuron ka Pura	28	599	267568	778361	0
Khajurpadar	25	273	197343	833823	0
Khajurpali	25	546	214103	841273	0
Khajurpali	25	546	213836	842646	0
Khajurpara	6	269	238500	835139	0
Khajurtikra	25	478	213418	836168	0
Khajurtola	4	363	255238	844359	0
Khajurtoli	14	541	235014	851632	0
Khajurtoli	14	416	228951	850365	0
Khajurtoli	14	476	225308	842510	0
Khajurwalapura	19	322	264427	783897	0
Khajurya	19	635	228174	757149	0
Khajutiyatoli	14	712	240159	837053	0
Khajuwa	19	497	245303	815054	0
Khajuwa	33	152	268384	827861	0
Khajuwahi	19	576	232621	797952	0
Khajuwala	28	296	287063	725924	0
Khajwa	33	522	271324	820391	0
Khajwa	33	314	270549	831593	0
Khajwa	33	623	266812	830184	0
Khajwa	33	314	268170	835137	0
Khajwa	33	314	266769	835816	0
Khajwa	12	348	328372	762479	0
Khajwa	33	282	275632	814883	0
Khajwa	33	659	275339	800973	0
Khajwahar	33	451	277732	795777	0
Khajwahra	19	313	245947	809797	0
Khajwaia	33	686	266391	795675	0
Khajwana	28	414	269136	738439	0
Khajwatiyatola	4	112	247278	846149	0