Khurja	33	613	282538	778554	105909
Khurai	19	338	240437	783301	51108
Khunti	14	416	230760	852782	36390
Khuldabad	20	112	200067	751924	15749
Khusropur	4	581	254817	853849	15731
Khutar	33	451	282031	802705	15618
Khudaganj	33	451	281461	797147	12636
Khujner	19	16	237860	766177	10785
Khuda Alisher	5	751	307747	768118	6831
Khu	13	485	333083	744935	0
Khu Talao	13	690	326457	750137	0
Khua	19	313	246718	808864	0
Khua	19	313	246630	809310	0
Khua	13	1	335494	744837	0
Khua	33	710	260821	792254	0
Khuahali	33	661	276457	791411	0
Khuajeh Nagla	33	458	291557	772038	0
Khuajgipur	33	458	291745	771991	0
Khuajke	27	647	309617	759236	0
Khuakhallu	25	349	192090	832686	0
Khuangleng	23	244	233068	932892	0
Khuawan	33	33	256002	824610	0
Khuba ka Adda	33	174	278341	776662	0
Khubaha Purwa	33	31	268953	815620	0
Khubal	20	139	214664	789941	0
Khuban	13	359	326835	754718	0
Khubani	34	589	297287	787860	0
Khubanpur	34	574	299887	777852	0
Khubanpur	33	525	293274	776375	0
Khubar	34	430	306414	777924	0
Khubariapur	33	548	271774	795065	0
Khubban	27	3	300136	744380	0
Khubbapar	4	518	252091	864552	0
Khubbi	12	348	326603	761542	0
Khubeli	25	546	211292	842162	0
Khubganj	4	507	251397	849017	0
Khubgaon	20	141	209632	782370	0
Khubgaon	19	311	225601	770133	0
Khubhia	33	152	268020	826035	0
Khubi	19	354	227696	795331	0
Khubi	33	682	275781	790073	0
Khubi Ka Nagla	28	113	269266	774159	0
Khubi ki Dhani	11	747	284789	760656	0
Khubia Nagla	33	531	289045	792170	0
Khubia Nagla	33	531	288891	793289	0
Khubipura	33	-1	268667	780253	0
Khublal Bigha	4	106	248866	857886	0
Khublas	12	267	313507	771067	0
Khubnagar	28	429	264742	771056	0
Khubpura	28	429	262381	766347	0
Khubru	11	466	291547	769315	0
Khubung Khulen	21	658	241708	940067	0
Khubupur	33	451	278793	794757	0
Khuchma	33	654	263124	812058	0
Khuchwana	28	467	292048	750857	0
Khud	28	472	274097	750578	0
Khud	12	460	310976	772940	0
Khud	19	142	221706	806498	0
Khud	12	267	318860	767985	0
Khud Pathri	13	289	341720	741555	0
Khuda	33	525	295948	777507	0
Khuda Bakhsh	33	522	270124	824780	0
Khuda Dia	33	613	282355	781738	0
Khudabaks ka Purwa	33	584	255957	816633	0
Khudabakshpur	33	431	296995	775232	0
Khudabakshpur	33	27	257991	834463	0
Khudadadpur	27	543	301862	762041	0
Khudadadpur	33	389	273011	786305	0
Khudadadpur	33	479	260092	829838	0
Khudadadpur	27	468	321022	754179	0
Khudadadpura	33	710	262871	792115	0
Khudadih	14	628	229724	859550	0
Khudaeganj	33	661	271854	796692	0
Khudaganj	4	495	250778	852183	0
Khudaganj	33	584	249781	819526	0
Khudaganj	33	661	275764	794528	0
Khudaganj	33	33	255660	823662	0
Khudaganj	33	654	263454	812326	0
Khudaganj	33	654	263104	813023	0
Khudaganj	33	116	282787	788289	0
Khudaganj	33	31	271019	812897	0
Khudaganj	33	654	262263	815891	0
Khudaganj	33	688	261466	816223	0
Khudaganj	33	531	290086	791727	0
Khudaganj	34	617	288503	799057	0
Khudai	33	575	261555	822403	0
Khudai Jaula	33	522	270170	824019	0
Khudaibagh Bazar	4	520	258863	848067	0
Khudaipur	33	584	254912	820077	0
Khudaipur	33	584	254829	820465	0
Khudaipur Kalan	33	196	248336	822059	0
Khudaipur Kalan	33	196	248446	822035	0
Khudaipur Khurd	33	196	248328	821828	0
Khudala	28	274	253657	718140	0
Khudali	11	353	290857	764306	0
Khudalia	33	724	287507	779730	0
Khudalia	34	530	293807	793696	0
Khudan	11	586	284629	766158	0
Khudan	35	587	259306	879488	0
Khudana	33	431	297291	774419	0
Khudana	11	667	284072	761175	0
Khudana	28	288	281907	755264	0
Khudana	20	185	211068	742839	0
Khudanganj	33	656	286398	798164	0
Khudani	28	274	258690	707031	0
Khudaniya	28	288	283258	755451	0
Khudanpur	15	77	156827	748495	0
Khudantoli	14	416	230172	851190	0
Khudaposi	25	281	214474	856318	0
Khudapur	13	76	339382	746477	0
Khudapur	33	31	268767	816406	0
Khudapur	15	246	144529	765765	0
Khudara	33	152	268757	824025	0
Khudargachhi	35	587	258939	879475	0
Khudargaon	19	354	227714	798712	0
Khudargaon	19	354	227679	798861	0
Khudargaon	19	142	222004	803902	0
Khudargaura	4	718	252514	836674	0
Khudargawan	19	576	233185	803856	0
Khudari	19	313	248965	808710	0
Khudarpani	19	449	227324	809522	0
Khudarpani	19	449	227063	809336	0
Khudauil	34	413	295531	794925	0
Khudauli	33	33	259655	826483	0
Khudauli	33	575	261000	822383	0
Khudauri	4	507	250798	851287	0
Khudavandpur	20	169	208175	773572	0
Khudavantpur	20	67	205230	783288	0
Khudawadi	20	48	177821	762413	0
Khudawain	13	36	337268	750907	0
Khudawal	19	576	235119	800873	0
Khudawali	19	465	260646	778601	0
Khudawali	19	420	255303	782665	0
Khudawandpur	15	71	174952	773004	0
Khudawandpur	33	33	259106	826266	0
Khudawantpur	20	132	212993	774889	0
Khudawarapur	20	49	208284	764512	0
Khudbudiapur	33	312	278652	801019	0
Khudda	13	559	328729	749187	0
Khudda	27	543	302737	764763	0
Khuddar	12	267	319430	767966	0
Khuddi	11	664	303208	769161	0
Khuddi	13	477	324246	756668	0
Khuddi	12	267	316574	768183	0
Khuddi Kalan	27	696	303468	754921	0
Khuddi Khurd	27	696	303281	754558	0
Khuddipur	33	659	272592	801878	0
Khuddon	12	348	324339	763277	0
Khudduvalasa	1	176	179853	831147	0
Khudel	19	635	226893	760305	0
Khudena	28	463	277079	767627	0
Khudepur	33	522	269927	820058	0
Khudera Bara	28	519	281347	747700	0
Khudera Chhota	28	519	281183	747573	0
Khudertoli	14	541	236467	851372	0
Khudertoli	14	678	236890	849228	0
Khudesar	33	278	268730	790532	0
Khudgaon	19	317	219031	758574	0
Khudgara	14	498	237904	858373	0
Khudgas	4	687	255561	853566	0
Khudgas	4	136	259555	857153	0
Khudi Khera	33	685	265136	810556	0
Khudi Kurmi	33	522	271243	822593	0
Khudi Mahuli	19	239	217389	746535	0
Khudia	33	515	263588	836609	0
Khudia	33	515	263549	836650	0
Khudia	33	539	268162	838011	0
Khudia	19	461	227508	806943	0
Khudia	19	449	227566	810378	0
Khudia	6	279	221706	818834	0
Khudia	4	518	250968	866191	0
Khudia	14	541	235019	855468	0
Khudia	14	541	234970	855401	0
Khudia Khurd	33	515	263550	836556	0
Khudian	13	0	346124	739975	0
Khudian Gulah Singh	27	592	300669	745782	0
Khudian Mahan Singh	27	592	300646	745783	0
Khudiapur	33	548	270874	797758	0
Khudiatoli	14	377	235805	853645	0
Khudiban	4	518	252094	863713	0
Khudibera	14	498	235211	859200	0
Khudibir	14	416	227914	851257	0
Khudidh	14	738	240102	868344	0
Khudidih	14	738	240130	868879	0
Khudigad	12	460	315633	777439	0
Khudih	14	628	227620	859888	0
Khudila	34	589	299100	786064	0
Khudimadkam	14	541	231959	856318	0
Khudimaritoli	14	416	230099	855172	0
Khudinal	12	267	313545	772672	0
Khudinal	12	267	313149	773055	0
Khudipir	14	628	227472	857799	0
Khudipur	33	637	261691	820038	0
Khudiri	13	0	345992	739773	0
Khudiya	19	202	222437	768362	0
Khudiya	19	446	220997	770760	0
Khudiyala	28	331	265219	726874	0
Khudiyamal	19	202	222358	767180	0
Khudiyan	28	288	282758	755571	0
Khudiyan Bas	28	288	282754	755509	0
Khudiyana	28	463	273720	769401	0
Khudiyasarkular	19	202	222367	767107	0
Khudjal	12	267	313613	772466	0
Khudkitola	14	740	234081	848042	0
Khudli	12	39	320458	765897	0
Khudmarg	13	573	342426	748471	0
Khudna	12	460	315295	777142	0
Khudna Dhamgawan	33	661	275181	794109	0
Khudnapur	33	282	273999	814982	0
Khudni	6	642	207447	814434	0
Khudot	28	288	281535	756559	0
Khudowal	27	355	314869	754596	0
Khudposi	14	276	224101	851842	0
Khudputri	25	281	215893	857980	0
Khudra	4	718	253510	837406	0
Khudra	4	718	251739	837132	0
Khudra	33	539	266246	842367	0
Khudra	4	491	263096	879598	0
Khudra Ahirauli	33	539	267267	841409	0
Khudra Gadaipur	33	27	254971	837776	0
Khudra Purahuria	3	601	248505	922852	0
Khudradhana	19	325	222588	786309	0
Khudradhana	19	325	222118	783999	0
Khudrahi	19	461	224015	809511	0
Khudrawan	4	394	249863	842366	0
Khudri	19	336	233499	809736	0
Khudri	19	354	226876	802292	0
Khudri	19	461	229863	804127	0
Khudri	19	461	229261	805404	0
Khudri	12	348	327592	760621	0
Khudriwala	13	0	343356	740592	0
Khudrora	13	485	329786	743664	0
Khudru	4	394	252679	839371	0
Khudru	12	348	322796	761234	0
Khudsa	6	285	209430	820857	0
Khudsya	28	115	264509	766126	0
Khudu	12	514	305615	773968	0
Khudu	28	22	244649	733558	0
Khudurgachhi	4	491	261719	878138	0
Khudutentuli	25	373	203447	843612	0
Khudwa	33	575	262381	824277	0
Khudwadhar	33	613	285622	778089	0
Khudwal	33	479	258971	831909	0
Khudwal	13	477	326789	755178	0
Khudwan	4	112	249556	844871	0
Khudwapur	33	637	262035	817526	0
Khudwi Purwa	33	659	272623	800600	0
Khuenal	12	514	305861	776712	0
Khuentiyan	28	339	253529	755248	0
Khugladih	4	518	250307	865115	0
Khugraon	12	267	314901	769579	0
Khugsa	34	589	299760	787316	0
Khuha	14	454	243739	856919	0
Khuhan	12	267	316300	771152	0
Khuhari	33	282	271380	815193	0
Khuhi	12	604	311593	767249	0
Khuhi	12	604	311351	767176	0
Khuhri	19	337	238807	802829	0
Khui	13	485	331947	740928	0
Khui	13	485	331416	742154	0
Khui	13	485	331056	742833	0
Khui	13	559	328625	748667	0
Khui	12	39	321321	763234	0
Khui diDheri	13	485	330889	743917	0
Khui Khera	27	3	303016	740969	0
Khui Sultanpur	13	119	342309	745742	0
Khuia	28	467	289416	745546	0
Khuiarpom	3	341	271941	940053	0
Khuinyan	19	313	248802	810234	0
Khuiwala Toba	28	210	274199	711689	0
Khuiyala	28	210	271465	704264	0
Khuiyan	11	563	298631	747797	0
Khuja	19	324	244959	773914	0
Khuja	19	322	259545	788031	0
Khuja	33	417	258821	789685	0
Khuja	19	313	246465	807908	0
Khuja	19	512	243274	804942	0
Khuja	6	723	221035	817151	0
Khujare	20	17	181167	730000	0
Khujarhar	19	208	236737	779227	0
Khujauli	33	685	267051	810365	0
Khujauli	33	450	262822	803637	0
Khujcarli	27	468	324210	759287	0
Khujda	20	138	190140	774941	0
Khujen	25	380	204649	827167	0
Khujera	33	525	293626	779097	0
Khujeti	34	530	293948	797822	0
Khujh	19	497	245601	814518	0
Khujh	19	497	248993	816979	0
Khujha	33	626	256172	812180	0
Khujha	19	313	244150	807602	0
Khujhi	33	33	256277	829951	0
Khujhi	33	31	272089	809678	0
Khujhi	33	584	251437	818187	0
Khujhi	6	695	227428	828867	0
Khujhwa	19	497	247125	817579	0
Khujhwa	19	497	247111	817771	0
Khuji Tola	19	142	219038	800060	0
Khujia	33	174	275660	778884	0
Khujia	14	673	238808	840912	0
Khujiakhoa	19	129	223655	749241	0
Khujiani	25	478	210349	831493	0
Khujipur	13	651	337513	749901	0
Khujirdhi	25	281	218489	854160	0
Khujitola	19	142	217412	803673	0
Khujja	33	102	247042	832070	0
Khujji	6	455	209529	808768	0
Khujjipara	6	374	226752	824582	0
Khujjitola	6	725	228592	820464	0
Khujjitola	6	725	228380	820399	0
Khujni	19	16	240834	771250	0
Khujra	20	151	191765	770048	0
Khujra	33	479	256874	830596	0
Khujra	33	314	265064	833224	0
Khujrahwa	33	314	269317	834354	0
Khujratkhera	19	317	221565	759697	0
Khujri	6	384	229600	841407	0
Khujupur	33	450	263572	804588	0
Khujwa	4	615	260611	842590	0
Khukariya	19	325	220900	786576	0
Khukham	19	576	231508	801927	0
Khukhanlan Jauje	33	116	280166	788747	0
Khukhaund	33	623	268852	830813	0
Khukhia	33	522	270065	821183	0
Khukhial	13	477	323484	754625	0
Khukhipur	33	575	263165	818927	0
Khukhnera	12	39	320178	763587	0
Khukhniara	12	39	321529	759179	0
Khukhradih	14	310	232467	844088	0
Khukhuman	4	718	245750	837318	0
Khukhundwa	33	564	260003	835708	0
Khukhupur	33	686	265809	792666	0
Khukhura	19	313	244127	810249	0
Khukhura	33	575	261597	825473	0
Khukhuri	33	280	273463	826329	0
Khukhutara	33	532	265549	825115	0
Khukial	27	665	323496	758009	0
Khuknni	11	439	299561	771792	0
Khukrana	11	286	293955	768951	0
Khukreta	34	617	292148	792212	0
Khukri	33	116	281647	793812	0
Khukripur	33	496	272245	833382	0
Khukrounda	19	313	246010	805610	0
Khuksar	19	461	227110	803840	0
Khuksar	19	461	223413	804284	0
Khukshah	33	316	295520	771878	0
Khuksibagh	4	590	257845	875164	0
Khul	13	36	335866	749795	0
Khul	13	412	339552	750798	0
Khul	12	267	313666	769725	0
Khul	34	413	295456	799501	0
Khul Got	12	348	324285	764240	0
Khula	25	399	210134	846808	0
Khulandra	12	514	306064	775080	0
Khular	12	267	315182	771085	0
Khulara	34	179	304519	795844	0
Khularda	20	112	204675	756419	0
Khulasa	4	615	262945	845416	0
Khulaspur	33	27	254980	834215	0
Khulaspur	33	242	252948	829169	0
Khulaspur	33	532	262943	825302	0
Khulauli	33	451	277914	798427	0
Khulauli	33	523	279169	784413	0
Khulawan	12	460	312106	776161	0
Khuld	13	559	328889	749986	0
Khuldo	17	2	327592	789819	0
Khulehr	12	348	324494	765329	0
Khulet	34	430	304880	779108	0
Khulet	33	116	281240	790389	0
Khulet	34	430	305439	779725	0
Khuli	33	329	281873	792710	0
Khulia	25	546	215028	840584	0
Khuliaguda	25	273	195873	830627	0
Khuliatikra	25	546	216870	840165	0
Khulir	13	477	327338	755269	0
Khulisa	25	292	201541	860466	0
Khulkipur	33	659	276717	799124	0
Khullakpam	21	94	246199	940073	0
Khulli	33	584	251814	818756	0
Khulna	35	432	223642	888783	0
Khuloh	13	477	326292	756100	0
Khulotun	12	348	325375	761929	0
Khulri	19	503	229666	789460	0
Khulri	19	576	230987	797969	0
Khulundikudar	25	683	216555	849414	0
Khulur	13	36	336140	750354	0
Khuluri	25	399	213769	853010	0
Khulwa	19	461	224457	806114	0
Khulyi	13	412	339138	751036	0
Khum	13	35	336062	757391	0
Khuma	13	35	332699	761731	0
Khuma Muwara	10	164	230935	731961	0
Khumacho	27	283	311879	760195	0
Khumai	20	132	213871	776573	0
Khuman ka Pura	19	322	263765	783041	0
Khuman ka Pura	19	459	262885	776248	0
Khuman ka Pura	33	526	268691	784541	0
Khumanan	27	624	306425	762360	0
Khumanipur	33	619	253135	808122	0
Khumanpur	33	523	277700	782300	0
Khumanpura	28	298	255185	741039	0
Khumar	34	413	296630	791654	0
Khumar ka Khera	28	550	256326	741118	0
Khumarha	19	313	242682	812528	0
Khumari	19	326	233760	783349	0
Khumari	19	16	241798	764914	0
Khumari	20	139	214469	792940	0
Khumari	20	139	213256	788305	0
Khumaripur	33	659	274673	800781	0
Khumaripur	33	659	274379	800595	0
Khumarkhera	19	503	231253	789691	0
Khumawali	19	465	261864	779618	0
Khumba	12	267	314380	771049	0
Khumbha Deori	33	479	257262	830518	0
Khumbhari	20	151	191044	765101	0
Khumbrial	13	0	345408	743056	0
Khumenpani	19	325	222230	783960	0
Khumgaon	20	49	208647	763950	0
Khumi ki Dhani	28	274	255145	720203	0
Khumji Muwara	10	164	230542	732251	0
Khumkal	19	325	220625	784715	0
Khummarpur	33	661	274110	794939	0
Khumri	19	503	230371	788685	0
Khumritola	19	142	218790	806547	0
Khumtai	3	709	266089	938342	0
Khumyara	34	351	305538	791498	0
Khun	12	267	313695	770647	0
Khun	12	267	313691	773191	0
Khun	19	607	246101	824474	0
Khun	14	483	241079	868644	0
Khun Kholu	12	460	312381	772405	0
Khun Khun	27	284	315538	758573	0
Khun Khun	27	284	318135	757340	0
Khun Khun	27	355	312122	755357	0
Khun Khun Khurd	27	284	317665	756602	0
Khun Khunian	33	488	277340	810827	0
Khun Shekhpur	33	564	260545	835381	0
Khuna	12	460	314273	776414	0
Khuna	34	692	298627	798207	0
Khuna	34	692	298550	798181	0
Khuna	34	413	295664	799031	0
Khunabat	13	0	344017	742821	0
Khunadari	28	22	240505	734964	0
Khunajhir	19	325	219983	789098	0
Khunajhir Kalan	19	325	219875	789140	0
Khunak	33	116	280688	791713	0
Khunamuh	13	588	340578	749502	0
Khunan	27	592	303299	745687	0
Khunang Khera	34	430	307915	777884	0
Khunapali	25	290	218327	841273	0
Khunari	20	390	209175	799015	0
Khunaura	33	282	274210	818611	0
Khunaura	33	280	270872	828957	0
Khunayan	34	530	293013	794987	0
Khunbag	12	514	306910	775736	0
Khunchiha	33	522	269364	819866	0
Khund	12	348	324448	765697	0
Khund	12	267	319072	768904	0
Khund Burli	13	485	334817	744849	0
Khund Pahar	13	146	337389	751151	0
Khund Uparli	13	485	334839	744890	0
Khunda	13	559	328302	744894	0
Khunda	17	8	346194	760417	0
Khunda	27	284	316327	758840	0
Khunda	28	429	266551	773201	0
Khunda	28	429	266216	773145	0
Khunda	33	451	277451	797787	0
Khunda	27	284	320071	757129	0
Khunda	27	468	319335	753445	0
Khunda Jalal	27	592	303708	744252	0
Khundala	28	263	252356	732506	0
Khundan	11	425	296438	753787	0
Khundan ki Dhani	11	425	296342	753739	0
Khundanpur	33	479	256395	831447	0
Khundanpur	33	33	255975	825154	0
Khundanpur	33	479	258758	830601	0
Khundanpuri	28	463	275642	766491	0
Khundara	33	522	270261	824978	0
Khundarhe	14	712	243664	837456	0
Khundari	28	429	266294	773249	0
Khundasan	33	522	271273	822501	0
Khundaur	33	688	260365	820237	0
Khundawandpur	4	510	256689	860363	0
Khunde	27	468	319368	753533	0
Khundewala	11	88	302137	772352	0
Khundewali	34	574	298344	778031	0
Khundgaon	31	75	187810	778400	0
Khundhi	10	140	232190	737284	0
Khundhla	6	695	229559	828846	0
Khundian	12	39	319130	763847	0
Khundiawas	28	414	266606	747005	0
Khundipani	25	683	216607	849160	0
Khundiya	28	519	284143	742548	0
Khundkholi	34	589	299093	786022	0
Khundkur	31	346	190822	788021	0
Khundoli	34	589	298706	786641	0
Khundoli	14	434	242413	863368	0
Khundpur	33	654	260085	811651	0
Khundra	33	451	279424	796321	0
Khundra	14	712	242689	836840	0
Khundra	34	589	298643	784503	0
Khundraich	33	152	268085	823732	0
Khundrali	11	586	285037	765283	0
Khundrot	28	463	280947	763348	0
Khundsa	6	393	213060	821761	0
Khundwa	33	575	264398	819355	0
Khundwal	13	559	326721	747952	0
Khundwari	12	514	307001	774813	0
Khunera	6	620	206318	805239	0
Khunga	11	353	293786	764202	0
Khungai	11	586	286033	767516	0
Khungali Ka Pura	19	324	244333	769717	0
Khungaoli	33	464	287837	781990	0
Khungnun	12	39	320338	765544	0
Khuni	12	460	312794	775332	0
Khuni	12	460	314218	777183	0
Khuni	20	141	206867	788732	0
Khuni	34	413	295080	797735	0
Khuni Chak	13	477	323857	755503	0
Khuni ka Gurha	28	263	254531	732526	0
Khuni Mazra	27	608	307211	766427	0
Khuni Nagla	33	116	278648	790383	0
Khunian	33	280	272787	827477	0
Khunianwali Basti	27	250	311144	746962	0
Khuniapahar	35	397	254575	878682	0
Khunibar	33	553	297424	784790	0
Khunil	12	514	306706	775893	0
Khunipur	31	75	185118	779403	0
Khunipur	33	314	269392	834284	0
Khuniya	19	325	226174	786441	0
Khunj	12	514	307026	776361	0
Khunja	28	321	248186	763273	0
Khunjahanpur	33	672	289704	778187	0
Khunjhir Khurd	19	325	219873	788547	0
Khunjwa	33	522	270372	821275	0
Khunka	33	196	250982	829505	0
Khunkhali	35	4	223319	883469	0
Khunkhan	33	496	271277	837085	0
Khunkhun	27	284	317422	756705	0
Khunkhun Dih	33	522	273021	821924	0
Khunkhun Marai	33	694	252541	831189	0
Khunkhuni	4	590	259532	876307	0
Khunkhunianpur	33	488	275527	810176	0
Khunlaneri	28	22	240931	736561	0
Khunmakhera	28	550	250291	742648	0
Khunna	34	430	307118	777963	0
Khunna	34	430	305821	779987	0
Khunori	34	692	298639	798099	0
Khunpara	35	397	253477	879505	0
Khunpham	21	486	246824	938565	0
Khunpur Piplia	19	311	229732	762465	0
Khunra	33	515	263167	837063	0
Khunsapur	33	33	258053	824841	0
Khunsara	33	656	288759	797314	0
Khunt	19	354	220345	797120	0
Khunt	34	413	296065	795973	0
Khunt	4	590	258841	871238	0
Khunt Khamaria	19	354	226863	794762	0
Khunta	33	698	259655	805062	0
Khunta	33	516	260765	837304	0
Khunta	33	584	250718	818889	0
Khunta	6	517	220807	814973	0
Khunta	10	170	232253	740636	0
Khunta	28	163	232289	741952	0
Khunta	10	170	232142	741254	0
Khunta	28	163	231929	741952	0
Khunta	10	170	230961	740326	0
Khunta	28	163	231737	742840	0
Khunta	10	140	232919	739859	0
Khunta	28	163	233222	742771	0
Khunta	14	541	232782	851779	0
Khunta	14	276	226375	858249	0
Khunta	14	276	225193	857609	0
Khunta	14	434	241004	859415	0
Khunta Galia	28	163	231823	741346	0
Khunta Khera	33	531	288704	791989	0
Khunta Muwara	10	140	231742	739054	0
Khunta Patti	11	524	279204	771618	0
Khuntabandh	25	683	213017	845978	0
Khuntabandha	25	521	201076	854092	0
Khuntadahara	6	388	220323	828796	0
Khuntadih	25	683	215599	852006	0
Khuntadihi	25	683	214822	849819	0
Khuntagaratoli	14	416	227870	850402	0
Khuntaghar	25	281	215052	858200	0
Khuntaghat	33	688	258798	819281	0
Khuntaha	33	515	263900	840110	0
Khuntaha	33	516	257282	840942	0
Khuntajhal	33	698	259506	804326	0
Khuntakhera	10	170	230016	741462	0
Khuntakunda	6	374	221744	829154	0
Khuntamara	25	281	213892	855800	0
Khuntamodi	20	182	218045	740948	0
Khuntaora	10	165	211924	716511	0
Khuntapada	25	281	215943	855549	0
Khuntapara	6	676	202568	815142	0
Khuntapara	6	634	201605	815230	0
Khuntapara	6	374	224165	822127	0
Khuntapara	6	269	235637	838337	0
Khuntapara	25	281	213327	854008	0
Khuntapara	25	281	217177	855222	0
Khuntapara	25	281	214542	856396	0
Khuntapara	25	281	218594	857664	0
Khuntapara	25	368	219667	858885	0
Khuntapara	25	281	216820	858154	0
Khuntapara	25	281	217223	859032	0
Khuntapara	25	372	205752	844886	0
Khuntapingu	25	281	217640	858491	0
Khuntapoda	25	281	218645	856034	0
Khuntaposi	25	399	213950	850640	0
Khuntaposi	25	281	213842	856734	0
Khuntaposi	25	281	213583	856935	0
Khuntaria	33	584	252436	817718	0
Khuntatangartola	6	269	235296	838752	0
Khuntatikur	4	518	250405	865095	0
Khuntbandh	25	290	217049	839369	0
Khuntbandha	25	527	203048	851543	0
Khuntbati	25	527	202961	852117	0
Khuntbhar	33	314	266597	832444	0
Khuntehi	19	497	245497	812704	0
Khuntela	10	140	233004	736150	0
Khuntesar	19	336	234188	808074	0
Khunteta Kalan	28	463	274528	767688	0
Khunteta Khurd	28	463	274502	767707	0
Khuntgaon	25	262	217593	850079	0
Khunthak	21	658	241977	941081	0
Khunti	10	170	231298	740823	0
Khunti	25	546	213642	839691	0
Khunti	14	628	229564	859744	0
Khunti	14	276	226157	858835	0
Khunti Buzurg	33	312	277706	803726	0
Khunti Dhanaili	4	590	259376	873790	0
Khunti Hasaili	4	590	258852	873999	0
Khunti Jagli	4	590	258745	873991	0
Khunti Khurd	33	312	277626	803710	0
Khunti Pirthipur	33	564	258957	836652	0
Khuntia	19	568	226604	780742	0
Khuntia	33	329	287761	795949	0
Khuntiapada	25	372	207920	842516	0
Khuntiapada	14	276	220666	856872	0
Khuntiapali	25	683	214826	847982	0
Khuntiapara	25	290	218934	841867	0
Khuntiapara	25	281	217711	855948	0
Khuntiapara	25	372	207917	842338	0
Khuntidanr	14	476	226786	843129	0
Khuntigam	25	349	194021	832171	0
Khuntipani	25	262	219514	836494	0
Khuntipara	6	269	235508	838814	0
Khuntitola	14	712	237492	837682	0
Khuntitola	14	712	237437	837914	0
Khuntitola	14	416	230595	852728	0
Khuntitoli	14	541	233105	849394	0
Khuntitoli	6	384	228300	840886	0
Khuntitoli	14	310	229970	842181	0
Khuntitoli	6	384	228330	842304	0
Khuntitoli	6	384	229677	843260	0
Khuntitoli	6	384	228804	843252	0
Khuntitoli	14	310	227902	843379	0
Khuntitoli	14	476	226471	843059	0
Khuntitoli	14	310	228950	847014	0
Khuntitoli	14	310	228698	846703	0
Khuntiya	28	402	250292	747121	0
Khuntiya	33	102	243735	834117	0
Khuntiya	28	298	253743	742225	0
Khuntiya ka Khera	28	298	253613	742396	0
Khuntjharia	25	262	219220	838137	0
Khuntkhal	19	311	224524	761447	0
Khuntkhamariya	19	354	227897	796768	0
Khuntkhamariyatola	19	354	227993	796821	0
Khuntkhar	10	177	230589	736629	0
Khuntkhera	33	492	290517	786623	0
Khuntkheri	28	321	248362	763341	0
Khuntla	28	115	265145	766543	0
Khuntlabahal	25	546	216404	844186	0
Khuntlamal	25	546	216948	842023	0
Khuntlia	28	331	260916	735106	0
Khuntmardan	25	372	207668	842184	0
Khuntolehi	12	514	305843	772014	0
Khuntpai	14	276	225286	853622	0
Khuntpali	25	478	209695	832025	0
Khuntpali	25	478	210946	834411	0
Khuntpali	25	478	212755	836233	0
Khuntpali	25	297	210647	835562	0
Khuntpali	25	546	215980	841716	0
Khuntpani	14	276	226243	857206	0
Khuntpara	25	527	202406	852402	0
Khuntpuri	28	113	275935	772185	0
Khuntubandh	25	281	214624	855960	0
Khuntubandh	25	527	201700	850244	0
Khuntubandh	25	527	200941	851310	0
Khuntuni	25	292	205654	857241	0
Khuntwa	33	280	272279	831100	0
Khuntwa	33	623	269255	830550	0
Khuntwa	33	314	268182	834647	0
Khunu	13	358	332135	755977	0
Khunu	13	477	326301	756826	0
Khunwal	13	690	325184	751232	0
Khunwali	13	1	337346	743944	0
Khunwari	12	514	308077	774582	0
Khupakheda	20	78	210791	760331	0
Khupatti	4	632	258707	867484	0
Khupatti Murwala	4	632	258647	867395	0
Khupetora	25	572	209019	825169	0
Khupinagar	11	415	284261	758276	0
Khuprani	12	348	324042	761319	0
Khupsa	20	151	195081	764491	0
Khupsarwadi	20	138	190868	772539	0
Khur	28	472	274131	750545	0
Khur	12	514	306508	775001	0
Khur	12	460	309384	775510	0
Khur Batapur	13	36	336079	748911	0
Khur ka Thach	12	514	307105	776183	0
Khura	33	370	247546	783831	0
Khura	33	621	258716	796326	0
Khura	14	673	243383	839660	0
Khura	14	712	240107	837839	0
Khura	33	370	249783	786278	0
Khura	14	712	236779	839773	0
Khura	14	678	238573	841115	0
Khura	14	673	239434	840918	0
Khura Chainpur	28	429	266018	766958	0
Khura Gurja	33	591	252928	796806	0
Khura Kalan	14	673	240497	838992	0
Khura Khurd	14	673	240090	839749	0
Khurad	4	510	256817	861803	0
Khuragadu	25	373	202975	842952	0
Khurahat	33	564	259944	834643	0
Khuraheri	33	553	295641	781400	0
Khurai	19	338	235935	787256	0
Khurai	19	338	236047	787464	0
Khurai	19	338	236167	787299	0
Khurai	19	420	252140	782253	0
Khurail	4	602	254905	878382	0
Khuraila	33	102	245582	834608	0
Khuraili Khas	8	755	286440	772894	0
Khuraitha	4	581	254513	848634	0
Khural	28	330	253559	724175	0
Khural	12	514	306063	776481	0
Khuram Purwa	33	548	270706	797798	0
Khurammabad	19	208	243264	773798	0
Khurampur	4	520	259126	847454	0
Khurampur	4	675	263474	847465	0
Khurampur	4	495	251656	857009	0
Khurampur Birt	4	675	263501	847449	0
Khurampur Chakor	4	510	253557	861713	0
Khurampur Kharak	33	553	294140	783209	0
Khurampura	19	239	220216	753452	0
Khuramsingh Purwa	33	659	272032	798125	0
Khuran	19	462	247608	791282	0
Khuran	19	638	248339	797669	0
Khuran Milik	4	632	256000	868679	0
Khurana	27	571	302447	759080	0
Khurana	11	614	298605	764041	0
Khurandih	14	732	239418	855053	0
Khurani	27	571	302374	759063	0
Khuranj	27	3	304611	742866	0
Khuranja	8	666	286563	772789	0
Khuranpur	20	49	198922	765187	0
Khurapali	6	393	212764	828808	0
Khurar	28	339	252949	757213	0
Khurar	19	607	246147	827236	0
Khurar	28	120	270252	758719	0
Khurar	4	117	247328	849257	0
Khurari	33	196	248661	827189	0
Khurasa	33	522	270923	820227	0
Khurasbor	6	681	218182	814591	0
Khurasgaon	20	139	214164	789075	0
Khurasingi	1	194	190149	836124	0
Khurason	33	479	261261	828773	0
Khuratoli	14	541	232545	850136	0
Khurau	19	462	248650	792570	0
Khurauti	33	479	261025	831107	0
Khurawa	33	548	271383	795391	0
Khurawal	19	576	233669	799669	0
Khurawal	19	337	236311	802580	0
Khurawas	28	263	257529	731111	0
Khurba	14	416	228764	854588	0
Khurbans	19	459	261708	775137	0
Khurbena	6	611	216740	830406	0
Khurbura	34	430	303213	780298	0
Khurbura Dihwa	33	269	273250	822207	0
Khurch Pachpheri	14	712	240737	834599	0
Khurchanda	33	479	261849	827562	0
Khurchanpur	11	664	302606	765970	0
Khurchanya Khurd	19	16	239884	766330	0
Khurchuta	14	434	243776	863289	0
Khurd	35	4	222611	881660	0
Khurd	11	664	304196	770016	0
Khurd	27	284	317078	757791	0
Khurd	27	543	304368	762302	0
Khurd	19	338	239451	790652	0
Khurd	33	682	275228	791229	0
Khurd	19	459	265926	781232	0
Khurd	19	459	268078	784213	0
Khurd	19	322	259712	787815	0
Khurd	33	488	277773	811161	0
Khurd	33	688	260002	820291	0
Khurd	27	214	316424	752031	0
Khurd	27	544	312394	751632	0
Khurd	33	329	281981	794887	0
Khurd	4	410	261079	869793	0
Khurd	33	710	260562	791096	0
Khurd	19	322	262394	790364	0
Khurd	14	570	250503	872654	0
Khurd Bhalua	4	520	259468	845027	0
Khurd Hanzpur	13	36	336385	748459	0
Khurd Jawar	14	732	242665	856034	0
Khurd Khas	33	488	276285	809194	0
Khurda	19	635	223733	756449	0
Khurda	11	614	295370	765180	0
Khurda	19	638	250839	802739	0
Khurda	19	638	251089	795417	0
Khurda	19	443	217392	772014	0
Khurda	33	196	249890	823375	0
Khurda	33	488	273750	808723	0
Khurda	25	349	192665	836451	0
Khurda	33	686	267303	794281	0
Khurda	33	312	279923	804165	0
Khurda	33	31	270676	814692	0
Khurda Sir	33	522	270731	815607	0
Khurdabad	33	522	268386	822124	0
Khurdah Manjhari	33	623	269129	829375	0
Khurdaha	33	688	258279	818443	0
Khurdan	33	196	251909	823660	0
Khurdapur	33	548	269286	798472	0
Khurdarha	6	611	216047	827964	0
Khurdarha	6	393	215199	828977	0
Khurdarha	25	478	216395	834983	0
Khurdban	11	88	299840	771414	0
Khurdha	33	605	268164	816807	0
Khurdharpur	33	564	258580	834031	0
Khurdhia	33	548	270185	798702	0
Khurdi	11	88	300741	772355	0
Khurdi	28	120	276882	761876	0
Khurdi	33	553	293743	782883	0
Khurdi	19	635	223724	756558	0
Khurdi	33	116	280785	794745	0
Khurdia	28	599	265731	773678	0
Khurdiabahal	25	297	210007	836787	0
Khurdmau	33	31	269982	814595	0
Khurdpar	19	465	259704	781558	0
Khurdpur	33	27	256219	836000	0
Khurdpura	19	465	262821	783412	0
Khurdur	6	279	222675	820499	0
Khurdwan	33	637	261982	816847	0
Khure	19	512	249001	802497	0
Khurehta	33	488	274757	807545	0
Khurel Kalan	19	635	226939	760363	0
Khurel Khurd	19	635	227242	760494	0
Khureri	19	638	252822	800107	0
Khureta	33	522	268346	818967	0
Khurgaon	20	138	192295	773018	0
Khurgaon	19	311	225291	768806	0
Khurgaon	19	317	221819	760964	0
Khurghati	6	388	217651	830479	0
Khurha	19	497	245985	816369	0
Khurhand	33	444	253732	804520	0
Khurhanwala	27	608	305758	768801	0
Khurhat	33	694	253026	834491	0
Khurhatoli	14	541	235264	850082	0
Khurhia	4	394	248832	839208	0
Khurhipasi	25	281	215662	856233	0
Khurhiya	33	102	247742	828974	0
Khurhnu	4	394	248957	838874	0
Khurhom	13	0	345507	744631	0
Khurhom Forest	13	0	345610	743281	0
Khurhuji	33	688	258963	814299	0
Khurhun	13	559	328694	749292	0
Khurhunu	4	394	249847	840846	0
Khurhurbandi Buzurg	33	280	272220	827602	0
Khurhurbandi Khurd	33	280	272268	827590	0
Khurhuri	33	496	271272	837005	0
Khurhuria	4	394	251642	839411	0
Khurhuria	33	539	268431	835639	0
Khurhuria	4	675	265582	840893	0
Khuri	28	210	266140	707152	0
Khuri	28	519	278345	746990	0
Khuri	34	430	305855	777925	0
Khuri	28	487	249330	765712	0
Khuri	28	321	243716	765573	0
Khuri	28	321	243452	766817	0
Khuri	19	459	265506	782688	0
Khuri	19	638	247920	796806	0
Khuri	14	712	239509	835569	0
Khuri	6	634	198351	818309	0
Khuri	19	16	239238	768734	0
Khuri	4	505	246297	864376	0
Khuri Kalan	28	414	269037	741336	0
Khuria	33	496	273833	834833	0
Khuria	6	723	223885	815929	0
Khuria	33	445	273014	789334	0
Khuria	4	663	251122	856587	0
Khuria Shafik	33	282	275048	817141	0
Khuriadih	6	279	219128	821801	0
Khurial	33	593	277337	788097	0
Khurial	35	397	254326	879833	0
Khuriali	12	279	314467	767818	0
Khuribera	25	281	217271	858766	0
Khuriberi	10	205	240649	732006	0
Khuridih	14	628	229917	859160	0
Khurigam	25	349	193225	831309	0
Khurigam	25	349	192212	830880	0
Khurigam	25	243	188684	838816	0
Khurigam	25	-1	188101	839745	0
Khurigam Agraharam	1	453	187874	839619	0
Khurigaon	25	290	215974	837731	0
Khuriparas	4	505	248038	863508	0
Khuriya	33	196	249814	829431	0
Khuriyadih	6	285	209267	819990	0
Khurjan	19	323	260048	776412	0
Khurjio	14	434	242057	860672	0
Khurjio	14	434	240370	860144	0
Khurjitola	19	325	225006	791345	0
Khurkatitoli	14	673	240507	839452	0
Khurkhunda	6	374	221529	827146	0
Khurkhuratoli	14	740	233320	845983	0
Khurkhuratoli	14	740	234001	846421	0
Khurkhuria	4	491	263272	876772	0
Khurku	13	477	325408	757352	0
Khurkui	19	335	226491	746033	0
Khurkuna	12	514	307321	773270	0
Khurla	28	599	268482	781150	0
Khurli	28	599	268540	781272	0
Khurma	33	515	265051	835881	0
Khurmabad	4	394	250150	838331	0
Khurmabad	4	718	250125	837240	0
Khurmabad	20	132	210038	773465	0
Khurmabad	33	31	269707	812015	0
Khurmabad	19	239	215706	753644	0
Khurmanagar	33	698	258789	805985	0
Khurmanian	27	214	316261	747309	0
Khurmucha	19	607	244642	822793	0
Khurmundi	19	142	221119	804756	0
Khurmura	6	681	214601	815678	0
Khurmura	6	275	211882	816022	0
Khurmuri	6	681	213945	816222	0
Khurmuri	6	275	211108	815624	0
Khurmuri	6	490	215725	809682	0
Khurmuri	6	455	211957	809826	0
Khurmuri	6	365	214834	823903	0
Khurmuri	6	393	210226	826059	0
Khurmuri	6	681	217124	816125	0
Khurmuri	6	299	215201	818580	0
Khurmuri	6	299	214121	817577	0
Khurna	17	2	335106	775099	0
Khurna Bed	33	661	274783	794398	0
Khurna Kur	17	2	336016	774876	0
Khurnai	4	394	248665	838308	0
Khurnali	13	358	329911	760614	0
Khurnamabad	33	698	259537	805687	0
Khurnapur	33	488	273387	807885	0
Khurnu Kalan	4	394	248719	838379	0
Khurog	12	460	309145	777971	0
Khuroi	19	313	245794	809053	0
Khurpa	6	725	229516	819697	0
Khurpa	25	281	216248	856589	0
Khurpa Kalan	19	503	228922	792549	0
Khurpa Tal	34	530	293703	794418	0
Khurpadanr	14	476	225543	844921	0
Khurpahwa	33	280	272149	826031	0
Khurpai	19	153	222572	744700	0
Khurpar	19	449	229706	808647	0
Khurpatni	19	326	229809	780998	0
Khurpia	34	617	289371	795124	0
Khurpudi	19	142	219902	800391	0
Khurra	28	679	264583	764385	0
Khurra ka Purwa	19	638	250250	800143	0
Khurraiya	34	617	288889	794587	0
Khurraka	19	323	258687	775674	0
Khurram	33	174	276449	777730	0
Khurramnagar	33	312	278202	802599	0
Khurramnagar	33	312	277835	804179	0
Khurramnagar Bichaula	33	492	287274	786798	0
Khurrampur	19	462	251001	789881	0
Khurrampur	11	500	280066	765814	0
Khurrampur	11	466	288253	768771	0
Khurrampur	11	606	284398	767944	0
Khurrampur	11	466	288954	771961	0
Khurrampur	33	697	287912	774730	0
Khurrampur	33	523	277854	782099	0
Khurrampur	33	593	277732	784943	0
Khurrampur	33	548	269440	799780	0
Khurrampur	19	638	250702	802575	0
Khurrampur	33	479	259348	829624	0
Khurrampur	33	27	255962	839368	0
Khurrampur	33	282	272045	815026	0
Khurrampur	33	654	259240	813187	0
Khurrampur	33	116	282199	789695	0
Khurrampur	13	651	337593	748929	0
Khurrampur	27	355	310514	754712	0
Khurrampur	33	431	301662	777058	0
Khurrampur	33	329	285053	793248	0
Khurrampur	4	663	251489	858881	0
Khurrampur	4	581	254350	851444	0
Khurrampur	4	495	251701	852232	0
Khurrampur	4	687	258781	854513	0
Khurrampur	4	687	256236	854327	0
Khurrampur Gandas	11	327	293621	761281	0
Khurrampur Saidpur	33	613	285443	778389	0
Khurramshahpur	33	584	254398	822951	0
Khurri	13	477	324272	755201	0
Khurri	6	269	237041	836678	0
Khursa	20	134	202405	801583	0
Khursa	19	217	229346	817120	0
Khursaida	4	381	262918	849075	0
Khursaidnagar	33	451	275753	796808	0
Khursakhapa	19	568	226434	783218	0
Khursalipur	33	575	263264	818360	0
Khursalpar	20	139	210431	794959	0
Khursamari	3	540	263434	904491	0
Khursan	19	325	223039	788793	0
Khursanga	33	623	268141	830923	0
Khursanghtola	20	168	212189	803644	0
Khursanpur	20	132	209725	773323	0
Khursapali	25	478	210048	829034	0
Khursapar	20	139	211608	785827	0
Khursapar	20	139	216767	793709	0
Khursapar	20	110	204805	792111	0
Khursapar	20	139	214788	787595	0
Khursapar	20	139	213119	788034	0
Khursapar	20	139	208422	792469	0
Khursapar	20	139	208160	790726	0
Khursapar	20	141	207046	790630	0
Khursapur	15	91	149693	752247	0
Khursari	33	522	272649	819912	0
Khursedpur	33	553	295175	784071	0
Khursenga	6	627	210122	817085	0
Khurseni	19	208	238588	780512	0
Khurseoni	19	142	217285	803027	0
Khurshaidpur	33	488	273874	812582	0
Khurshaidpura	33	566	285679	776690	0
Khurshedganj	33	451	279523	799709	0
Khurshedpur	27	355	309806	754824	0
Khurshedpur	27	355	311032	754431	0
Khurshedpur	33	488	275963	808733	0
Khursi	33	174	277624	775897	0
Khursi	19	576	230524	799005	0
Khursi	19	337	237741	799642	0
Khursi	19	576	229960	799274	0
Khursi	19	217	228419	815515	0
Khursi	6	723	221514	817431	0
Khursi	6	611	216518	831491	0
Khursi	25	262	218647	836587	0
Khursi	25	290	216897	837400	0
Khursi Kalan	6	620	202875	807343	0
Khursi Khurd	6	620	202954	807389	0
Khursidih	6	275	212459	811691	0
Khursikobha	25	572	203071	824796	0
Khursimal	20	182	216568	741086	0
Khursipa Tola	19	142	215931	800183	0
Khursipahar	6	393	212612	827695	0
Khursipar	19	503	229397	787199	0
Khursipar	6	642	207683	811784	0
Khursipar	6	642	210573	811852	0
Khursipar	6	275	212109	813957	0
Khursipar	19	503	228789	796138	0
Khursipar	19	354	223806	795604	0
Khursipar	19	354	223097	797280	0
Khursipar	19	325	216835	790358	0
Khursipar	20	390	211566	798664	0
Khursipar	20	390	210054	797982	0
Khursipar	19	325	222180	792325	0
Khursipar	19	354	226003	796306	0
Khursipar	19	354	225663	798117	0
Khursipar	19	354	225265	799596	0
Khursipar	19	461	225547	799684	0
Khursipar	20	390	212012	796092	0
Khursipar	20	390	210732	797483	0
Khursipar	20	168	213286	799551	0
Khursipar	19	449	233526	806327	0
Khursipar	19	354	227518	801873	0
Khursipar	19	461	225316	800925	0
Khursipar	19	461	226195	802298	0
Khursipar	19	461	225675	802251	0
Khursipar	19	354	221684	800090	0
Khursipar	19	142	222010	807407	0
Khursipar	19	142	220265	807293	0
Khursipar	19	461	223097	809889	0
Khursipar	19	142	216013	800056	0
Khursipar	19	142	216626	801693	0
Khursipar	20	168	213843	803018	0
Khursipar	20	168	210606	802544	0
Khursipar	6	455	212682	807303	0
Khursipar	6	455	211987	806174	0
Khursipar	6	455	210104	807422	0
Khursipar	19	142	218858	808128	0
Khursipar	6	490	213317	809641	0
Khursipar	6	455	212148	809692	0
Khursipar	20	134	207974	805196	0
Khursipar	6	620	208163	807037	0
Khursipar	6	455	209459	807458	0
Khursipar	6	620	206216	807134	0
Khursipar	6	455	209699	809231	0
Khursipar	6	517	221334	812223	0
Khursipar	6	393	209641	825236	0
Khursipar	19	354	225238	800098	0
Khursipar Kalan	19	354	220676	797017	0
Khursipar Khurd	19	354	220363	796512	0
Khursipar Marartola	6	-1	218999	808259	0
Khursipar Tola	19	354	225199	799612	0
Khursitikul	6	455	209342	808077	0
Khursitikur	6	642	204642	811656	0
Khursitikur	6	620	207710	805823	0
Khursitikur	6	620	207360	807087	0
Khursitikur	6	620	207045	807949	0
Khursitola	33	102	241745	831542	0
Khursitola	19	142	221728	803855	0
Khursitola	19	461	225866	807046	0
Khursitola	19	142	219531	802466	0
Khursitola	19	142	214957	806125	0
Khursitola	19	217	229092	813227	0
Khurson Khas	33	479	258036	830737	0
Khursudi	19	142	218848	800184	0
Khursul	6	275	212324	811678	0
Khursul	6	642	210270	812052	0
Khursula	6	611	216202	826781	0
Khursuni	6	642	210342	811651	0
Khursur	19	142	220040	803742	0
Khursura	19	354	221658	800153	0
Khursura	19	142	221334	800805	0
Khursuratola	19	354	221726	800257	0
Khursuratola	19	142	221327	800893	0
Khursuri	33	623	265744	830811	0
Khursuri	19	142	217629	802189	0
Khursuru	19	326	231175	783672	0
Khursuru	19	503	229650	789967	0
Khursuta	14	310	230554	843151	0
Khurthua	33	282	274638	818307	0
Khurtia	33	464	285680	783041	0
Khurubhata	6	279	220174	823091	0
Khurubhata	6	611	216668	831243	0
Khurud	6	681	218095	814215	0
Khuruhi	19	313	250389	806408	0
Khuruhuja	33	694	252075	832344	0
Khurukapodoro	25	373	202859	844994	0
Khurunda	4	136	257236	861999	0
Khurunti	25	362	209736	860504	0
Khurupara	6	374	223159	823038	0
Khururi	34	413	297066	792883	0
Khurusbor	6	681	215784	812737	0
Khurwa	19	497	246563	822334	0
Khurwa	33	33	257114	826974	0
Khurwa	33	659	273181	802034	0
Khurwal	33	488	274393	811326	0
Khurwalia	33	488	276154	811891	0
Khurwara	33	116	278670	790073	0
Khusaha	33	605	265113	820861	0
Khusalbigha	4	112	245527	842454	0
Khusalipura	28	357	250478	761273	0
Khusalpur	33	492	289463	786221	0
Khusalpur	35	397	254738	879179	0
Khusalpur	4	602	254492	877205	0
Khusar	19	461	229246	801613	0
Khusarwa	33	488	274207	811926	0
Khusarwa	19	336	235508	809915	0
Khuseti Purwa	33	282	274161	815598	0
Khusgavhan	20	182	217781	741485	0
Khushahra	33	522	269644	820442	0
Khushakpur	33	389	273257	784913	0
Khushal Dih	33	269	273020	822979	0
Khushal ka Pura	19	459	267420	783566	0
Khushal Khera	33	654	264597	812037	0
Khushal Lonian	33	522	269925	824646	0
Khushal Majra	11	614	300679	763114	0
Khushal Purwa	33	522	270316	818336	0
Khushal Purwa	33	31	266605	812050	0
Khushal Purwa	33	654	261522	812869	0
Khushalbas	28	463	277628	765460	0
Khushalganj	33	654	265040	812312	0
Khushalgarh	28	463	274302	764306	0
Khushali	33	522	271145	815852	0
Khushali	4	410	261834	864366	0
Khushali Jot	33	522	271411	824720	0
Khushalpur	33	445	269891	790138	0
Khushalpur	20	139	213543	784982	0
Khushalpur	33	682	274757	783980	0
Khushalpur	33	526	273575	782725	0
Khushalpur	33	389	273065	783584	0
Khushalpur	33	278	269234	789380	0
Khushalpur	20	132	212729	775387	0
Khushalpur	33	553	296185	782588	0
Khushalpur	33	553	295775	783474	0
Khushalpur	33	464	285122	783191	0
Khushalpur	33	492	288395	787401	0
Khushalpur	33	531	289203	789488	0
Khushalpur	4	518	252494	864259	0
Khushalpur	4	112	246048	844588	0
Khushalpur	35	397	254866	879248	0
Khushalpur	4	581	254596	853128	0
Khushalpur Matheri	33	553	294696	784036	0
Khushalpura	28	487	252587	771853	0
Khushamadpur	33	595	276848	816840	0
Khushamadpur	33	575	261779	826259	0
Khushari	33	242	252392	829045	0
Khushatola	20	168	213548	805467	0
Khushdihra	4	734	251660	845435	0
Khushgavhan	20	182	215799	741310	0
Khushhal	33	613	281463	780580	0
Khushhal Jot	33	496	272041	832204	0
Khushhal Pura	33	584	253550	821996	0
Khushhal Purwa	33	488	277371	811820	0
Khushhal Singh	33	575	261833	821849	0
Khushhal Singhwala	27	545	309650	746385	0
Khushhala Purwa	33	488	274295	808525	0
Khushhalganj	33	605	266526	823060	0
Khushhalganj	33	152	267041	824974	0
Khushhalgarh	33	682	275774	788481	0
Khushhalgarh	33	682	275274	788415	0
Khushhalgarh	33	644	276017	782274	0
Khushhalgarh	33	682	274190	786631	0
Khushhalgarh	33	688	257612	820730	0
Khushhalgarh	33	613	283384	782339	0
Khushhalgarh	33	613	282379	782834	0
Khushhalgarni	33	523	279973	781592	0
Khushhali	33	522	270389	822404	0
Khushhali Jot	33	269	273718	822342	0
Khushhali Purwa	33	548	269162	797594	0
Khushhalipur	33	431	301483	778374	0
Khushhalipur Khurd	33	431	301368	778266	0
Khushhalpur	34	430	304088	777806	0
Khushhalpur	33	553	294310	786995	0
Khushhalpur	33	553	294356	787138	0
Khushhalpur	33	531	289157	790359	0
Khushhalpur	33	613	285332	778210	0
Khushhalpur	33	613	285598	779881	0
Khushhalpur	6	299	212275	816168	0
Khushhalpur	33	644	276552	785025	0
Khushhalpur	33	389	270727	785048	0
Khushhalpur	33	445	270616	788043	0
Khushhalpur	33	593	277273	787616	0
Khushhalpur	33	445	269589	788676	0
Khushhalpur	33	445	272721	788793	0
Khushhalpur	33	593	278766	786347	0
Khushhalpur	33	33	255626	823311	0
Khushhalpur	33	116	282496	787311	0
Khushhalpur	27	468	318164	754755	0
Khushhalpur	33	431	302437	776136	0
Khushhalpur	4	363	255920	845904	0
Khushhalpur	33	531	291154	790712	0
Khushhalpur	34	617	292299	791477	0
Khushhalpur	34	617	290727	791910	0
Khushhalpur	34	617	290481	791818	0
Khushhalpur	34	530	292163	794430	0
Khushhalpur	4	117	250326	851483	0
Khushhalpur	4	495	251907	851956	0
Khushhalpur	4	117	250076	852255	0
Khushi Purwa	33	282	276291	815627	0
Khushialpur	33	613	282675	779944	0
Khushiapura	33	526	269298	777981	0
Khushihal	33	613	281157	781446	0
Khushihal Bigha	4	106	247340	854386	0
Khushihal Chhapar	4	675	263638	842245	0
Khushipatti	33	539	268194	839469	0
Khushipur	13	588	340958	747342	0
Khushipur	13	289	342777	743167	0
Khushipur	33	525	295541	779392	0
Khushipur	33	242	252464	829217	0
Khushipur	27	468	321113	753230	0
Khushipur	27	468	319725	751451	0
Khushipura	19	462	247456	788165	0
Khushipura	19	462	246955	789902	0
Khushipura	33	174	275372	775672	0
Khushipura	33	523	279807	784611	0
Khushipura	33	417	254623	791115	0
Khushipura	19	208	238485	781015	0
Khushiyali ka Pura	33	688	256782	820701	0
Khushk	8	737	288022	771764	0
Khushk	8	737	287786	771653	0
Khushk Khurd	8	737	287666	771642	0
Khushka	33	605	267383	817228	0
Khushkarah	28	463	281179	767776	0
Khushlapur	33	532	266242	824991	0
Khushmuhammadpalli	31	306	167840	777458	0
Khushnagar	27	665	322321	754837	0
Khushnagar	27	284	320360	756604	0
Khushnagar	12	39	323002	759034	0
Khushnampur	33	479	256736	830981	0
Khushpura	11	500	283323	764576	0
Khushpuri	11	524	279526	770572	0
Khushrai	33	682	274603	784414	0
Khushrupur	33	613	282757	781777	0
Khushruri	6	669	221870	825586	0
Khushupur	33	33	258156	825744	0
Khusi Tola	4	457	267956	844945	0
Khusia	33	623	268301	830730	0
Khusial Bigha	4	581	253703	858103	0
Khusiali	33	623	265299	830356	0
Khusianu	12	514	306684	777572	0
Khusiauli	33	282	275745	813567	0
Khusihala	14	379	241832	845437	0
Khusihali Bhita	4	106	246375	854707	0
Khusipura	33	417	257972	788474	0
Khusipura	19	326	231848	781151	0
Khusli	33	522	270625	816096	0
Khusli	33	282	276426	814648	0
Khusokhar	4	505	244471	863107	0
Khusphalpur Buksa	34	530	293238	791336	0
Khusra	19	512	239064	799158	0
Khusra	19	337	238230	801113	0
Khusropatti	4	632	258765	869619	0
Khusropur	33	525	295119	775805	0
Khusropur	11	606	285025	770093	0
Khusropur	27	543	302808	763534	0
Khusropur	33	682	274804	788830	0
Khusropur	11	722	281094	773359	0
Khusru Bagh	33	584	254423	818231	0
Khusrupahra	6	374	221617	827603	0
Khusrupali	6	393	212861	824592	0
Khusrupali	6	393	211344	823631	0
Khusrupali	6	393	211684	824820	0
Khusrupali	6	393	213393	829229	0
Khusrupali	6	285	208406	822074	0
Khusrupur	33	698	260163	808320	0
Khusrupur	33	654	262808	810220	0
Khusrupur	27	544	312555	753866	0
Khusrupur	27	355	314250	754749	0
Khusta Buzurg	20	132	211788	774431	0
Khusta Khurd	20	132	211796	774424	0
Khustla	33	548	270208	799105	0
Khut	13	359	327306	754421	0
Khut Piparia	19	325	220180	792140	0
Khut Pipra	33	522	273331	819864	0
Khuta	19	497	246925	821767	0
Khuta	28	163	234432	740891	0
Khuta	28	163	233526	740615	0
Khuta	28	163	233473	740164	0
Khuta	14	498	236773	859314	0
Khuta	14	454	247212	858099	0
Khuta Maidan	33	539	269627	836983	0
Khutabandh	14	434	242600	863271	0
Khutabandh	14	434	242163	863443	0
Khutabari	3	612	260667	910833	0
Khutagara	14	476	227209	850187	0
Khutaghat	6	279	222905	822109	0
Khutagota	25	281	215902	854441	0
Khutah	33	196	248797	822302	0
Khutaha	33	694	252799	830668	0
Khutaha	4	718	252729	835340	0
Khutaha	19	497	245592	817204	0
Khutaha	19	313	244718	811351	0
Khutaha	33	196	252134	826195	0
Khutaha	33	196	250417	826899	0
Khutaha	33	242	254880	829351	0
Khutaha	19	313	247918	808648	0
Khutaha	33	496	270765	834830	0
Khutaha	4	394	250325	842896	0
Khutaha	4	675	264895	840000	0
Khutaha	33	516	259192	841427	0
Khutaha	4	394	251495	841980	0
Khutaha	4	112	249855	843173	0
Khutaha	4	363	256618	843725	0
Khutaha	4	363	252511	844909	0
Khutaha	4	567	252645	860598	0
Khutaha	4	727	255840	864697	0
Khutaha	4	520	257467	851076	0
Khutahan	33	33	259861	825727	0
Khutahan	33	33	259734	825761	0
Khutahan	33	33	259621	825789	0
Khutahan	33	152	267421	826866	0
Khutahan	33	314	268751	834294	0
Khutahan	4	112	250294	845471	0
Khutahana	33	688	258073	819477	0
Khutahania	33	102	247363	831147	0
Khutahar	33	694	248857	831342	0
Khutahari	4	590	259173	871547	0
Khutahari	14	570	250737	873237	0
Khutahari	4	396	252603	872520	0
Khutahari	14	442	250285	877395	0
Khutahi	33	27	256760	833272	0
Khutahi	33	539	269704	837612	0
Khutahi	4	569	259355	861135	0
Khutahna	33	659	274601	799465	0
Khutahna	33	242	254395	830614	0
Khutahna	33	694	252043	831478	0
Khutahna	33	33	256139	828190	0
Khutahna	33	522	270631	820780	0
Khutahna	33	152	270397	826549	0
Khutahna	33	575	263680	821067	0
Khutahna	33	152	268411	827561	0
Khutahna	33	152	269922	828260	0
Khutahna	33	479	260281	829711	0
Khutahnan	33	280	271451	829705	0
Khutahnan	33	605	264701	822352	0
Khutahnan	33	314	266566	832398	0
Khutahni	33	33	258311	822556	0
Khutaila	33	710	260007	790332	0
Khutailiya	14	712	241275	837101	0
Khutaina	33	526	269290	784866	0
Khutaja	19	153	224153	744841	0
Khutakona	14	310	231460	840489	0
Khutala	20	67	204941	783564	0
Khutala	20	110	204480	794908	0
Khutala	20	110	202377	791315	0
Khutala	20	110	199908	792373	0
Khutali	19	646	245217	822921	0
Khutamba	20	139	212210	785933	0
Khutamba	19	325	217537	788348	0
Khutan Sarai	33	152	268307	822769	0
Khutapani	6	384	229104	840286	0
Khutar	19	607	240453	825446	0
Khutar	33	688	260063	818063	0
Khutar	33	496	269824	834564	0
Khutar Kalan	14	673	240705	840155	0
Khutar Khurd	33	688	260051	818111	0
Khutar Khurd	14	673	240768	840169	0
Khutatoli	14	434	242143	862343	0
Khutauli	33	479	261359	830948	0
Khutauli	33	31	269185	816187	0
Khutauna	4	535	264969	863959	0
Khutauna	4	136	257181	863753	0
Khutauna	4	505	248933	861905	0
Khutaura	4	117	245533	850891	0
Khutaura	4	117	245755	850057	0
Khutauti	33	479	260962	829334	0
Khutbaliatoli	14	379	242217	847150	0
Khutbhar	33	314	263930	835704	0
Khutehara	19	610	240567	813164	0
Khutehna	33	282	274721	817306	0
Khutehna	33	269	274461	821084	0
Khutehna	33	659	271119	805519	0
Khutekatola	14	379	240369	849870	0
Khutela	19	420	255021	780231	0
Khutena	33	613	281598	779643	0
Khutepal	6	392	187001	813586	0
Khutepara	35	347	240819	875877	0
Khutepara	25	281	216525	856078	0
Khutepur	33	659	275879	797362	0
Khuter	14	379	242141	846610	0
Khuter	14	379	242029	847903	0
Khutera	6	723	218894	818306	0
Khutera	14	379	244468	848628	0
Khutera Bichla	34	589	297429	789998	0
Khutera Malla	34	589	297400	789965	0
Khutera Talla	34	589	297371	789895	0
Khuteri	6	455	211057	811330	0
Khuteri	6	299	212245	818364	0
Khuteri	6	642	209250	812914	0
Khuteri	6	642	208886	812568	0
Khuteri	6	642	209092	813683	0
Khuteri	6	393	210021	822297	0
Khuteri	6	393	212125	825206	0
Khuteri	6	285	209119	820059	0
Khutertoli	14	541	235423	851433	0
Khutesar	19	337	239840	808154	0
Khutgan	25	262	223333	849667	0
Khutgaon	6	384	227988	839903	0
Khutgaon	20	134	201785	801927	0
Khutgaon	6	676	202298	809418	0
Khutgaon	6	676	200124	809941	0
Khutgaon	6	285	204871	820722	0
Khutgaontola	20	134	201880	801988	0
Khutgaritola	14	678	236744	844074	0
Khutgaritoli	14	678	236711	844028	0
Khutgawan	33	370	243743	789637	0
Khutha	33	196	250600	829461	0
Khutha	27	468	321260	753570	0
Khutha Baijnath	4	641	260268	871170	0
Khuthan	33	242	255454	830266	0
Khuthan	33	27	256389	834429	0
Khuthan	33	522	269795	825557	0
Khuthan	14	732	238402	850845	0
Khuthan	14	678	235906	848814	0
Khuthania	33	102	247927	828610	0
Khutharahi	4	632	260156	870099	0
Khutharajai	4	632	260346	871085	0
Khuthi	27	468	321244	753529	0
Khuthigaon	29	594	271408	881319	0
Khuthposi	25	281	217890	856990	0
Khuti	28	163	233621	740313	0
Khuti	28	163	232956	741709	0
Khuti	28	163	232564	741929	0
Khuti	4	410	261989	869986	0
Khuti	33	488	277757	804807	0
Khuti Kewal Kalan	14	379	244409	848033	0
Khuti Kharia	4	641	261501	876778	0
Khutia	4	727	255126	865521	0
Khutia	33	661	272958	797202	0
Khutia	14	712	241233	834035	0
Khutia	19	142	218123	802603	0
Khutia	4	590	258155	877447	0
Khutia Dhana	19	325	220139	791007	0
Khutia Indu	4	457	268632	845823	0
Khutia Muwara	10	140	230471	733501	0
Khutian	33	116	279807	792872	0
Khutian Thal	17	-1	345457	750913	0
Khutiana	33	659	273397	802432	0
Khutiari	4	363	254117	847381	0
Khutiari	4	495	252606	853672	0
Khutiaritoli	14	476	226566	848520	0
Khutidanr	6	384	226603	840765	0
Khutiharwa	4	382	268077	848079	0
Khutijoria	25	281	215497	858607	0
Khutika	4	106	249787	854957	0
Khutipura Kalan	33	644	275184	779352	0
Khutipura Khurd	33	644	275064	779361	0
Khutisakwa	14	678	236646	843052	0
Khutitanr	4	505	246336	861285	0
Khutitola	6	384	227428	841604	0
Khutitoli	14	541	235690	852334	0
Khutitoli	14	678	235829	848821	0
Khutitoli	6	384	227239	840762	0
Khutitoli	14	310	229534	844859	0
Khutitoli	14	310	228546	844339	0
Khutitoli	14	476	227214	844126	0
Khutitoli	14	476	226544	844746	0
Khutitoli	14	476	226189	844197	0
Khutiya	19	325	219948	792166	0
Khutiya	19	202	220497	766717	0
Khutiyani	19	459	264166	776800	0
Khutiyani Har	19	459	263894	776857	0
Khutiyari	19	324	248049	771229	0
Khutkail	35	347	245045	879359	0
Khutkarwan	4	520	259575	846015	0
Khutkat	4	505	249366	860211	0
Khutkhat	4	117	246041	852216	0
Khutkhera	19	311	231057	764668	0
Khutkhera	10	170	228488	743780	0
Khutkhurri	6	374	227239	828041	0
Khutkura	33	488	275214	810032	0
Khutla	19	202	221096	763509	0
Khutla Khurd	19	202	221408	763357	0
Khutladar	25	373	205020	843604	0
Khutlapali	25	262	220005	838726	0
Khutli	33	637	260936	819667	0
Khutlipali	25	478	212596	838746	0
Khutmali	33	710	259765	799192	0
Khutmapur	20	138	183321	774617	0
Khutmunda	25	290	216617	837711	0
Khutnahi	4	582	248447	871045	0
Khuto	28	163	233745	740831	0
Khutotoli	14	476	225968	844861	0
Khutpadar	6	578	194051	820204	0
Khutpali	25	478	209500	832167	0
Khutpali	25	478	210462	830507	0
Khutphal	19	202	219770	764316	0
Khutpura	19	303	235148	762460	0
Khutra	14	732	240543	853290	0
Khutra	14	732	241063	854369	0
Khutrai Kalan	27	214	318171	748686	0
Khutrai Khurd	27	214	318056	748623	0
Khutraon	33	656	282451	799263	0
Khutrapara	6	374	228837	823747	0
Khutri	14	434	242951	862756	0
Khutribad	14	434	243523	863342	0
Khutsanwari	20	390	210648	797717	0
Khutsaori	20	139	211054	795303	0
Khutsawri	20	390	212918	796058	0
Khutti	19	325	223656	786101	0
Khutti	4	641	261956	876932	0
Khutu	6	517	220111	812582	0
Khutulapadar	25	349	194211	830365	0
Khutun	12	348	327724	762022	0
Khuturgurho	14	434	241507	861353	0
Khutvadi	19	239	214462	751810	0
Khutwa	33	27	256300	833741	0
Khutwa	33	269	275910	820369	0
Khutwa	33	479	258832	831040	0
Khutwa	33	314	268031	832731	0
Khutwal	19	446	221468	771453	0
Khutwanda	20	110	202755	793040	0
Khutwania	4	457	268630	843059	0
Khutwanian Chaube	4	675	265424	842935	0
Khutwar	4	117	250025	848473	0
Khutwatanr	14	732	242915	855741	0
Khuuka	33	575	263456	820586	0
Khuwa	19	509	254327	788567	0
Khuwanpura	19	16	239164	763323	0
Khuwatola	6	455	211150	806789	0
Khuyan Sarwar	27	3	301143	740681	0
Khuza	24	9	257687	944573	0
Khuzami	24	9	257675	944743	0