Kilakarai	30	5	92318	787855	38355
Kilapavoor	30	236	89086	774311	22231
Kil Bhuvanagiri	30	175	114422	796476	21956
Killannur	16	232	105992	762180	20339
Kilattingal	16	211	86926	767933	15185
Killai	30	175	114493	797668	13608
Kilkunda	30	114	112632	766542	8886
Kilvelur	30	230	107672	797419	8272
Kilpuduppakkam	30	192	126798	795452	6912
Kilampadi	30	204	112040	778427	6422
Kila Ambur	30	236	87610	774010	6233
Kilvayattanankuppam	30	184	129555	789869	5321
Kiltan	18	746	114858	730038	3946
Kil Achchakulam	30	5	93215	784988	0
Kil Adamangudi	30	175	112761	796141	0
Kil Alagiyanallur	30	118	96188	780179	0
Kil Alangakkavundanpatti	30	183	104161	782651	0
Kil Alatti	30	376	118396	787288	0
Kil Alinjippattu	30	175	118386	797817	0
Kil Allikkulam	30	5	91933	784596	0
Kil Amaravati	30	257	108485	794027	0
Kil Ambil	30	260	108671	788874	0
Kil Anditterunattam	30	254	108838	794712	0
Kil Andivayal	30	436	99025	788200	0
Kil Anuvambattu	30	175	114330	797124	0
Kil Arasur	30	260	110121	789825	0
Kil Ariyampatti	30	260	108977	784829	0
Kil Arumbur	30	5	97308	789446	0
Kil Arunachalapuram	30	201	93151	781881	0
Kil Attiyur	30	254	110441	793810	0
Kil Attukkurichchi	30	254	110402	793862	0
Kil Avari	30	51	116618	786061	0
Kil Aykkudi	30	436	95300	786497	0
Kil Ayur	30	436	96240	786043	0
Kil Ayyampettai	30	260	107756	788290	0
Kil Budanur	30	230	108581	797314	0
Kil Chavadi	30	175	114392	797539	0
Kil Chekkarakkudi	30	201	87979	779527	0
Kil Chenbonmari	30	436	99920	788221	0
Kil Chinnanampatti	30	264	100771	780935	0
Kil Chittakkadu	30	254	108035	791887	0
Kil Endal	30	5	94196	786621	0
Kil Husain Nagaram	30	255	111502	790560	0
Kil Iral	30	201	91003	780068	0
Kil Irumbalai	30	436	99513	789037	0
Kil Kadambur	30	175	112425	795356	0
Kil Kadavayal	30	5	97711	787843	0
Kil Kadu	30	254	108920	794400	0
Kil Kadukaval	30	254	107971	791789	0
Kil Kaduvetti	30	186	85657	776213	0
Kil Kaikkudi	30	436	98685	788436	0
Kil Kalakkudi	30	254	108148	792129	0
Kil Kalingal	30	236	90277	775158	0
Kil Kalkandarkottai	30	260	107754	787438	0
Kil Kallakkari	30	118	93190	783505	0
Kil Kallur	30	186	87058	775956	0
Kil Kallurani	30	201	92352	781825	0
Kil Kandamangalam	30	257	106323	795311	0
Kil Kandamangalam	30	118	95210	781807	0
Kil Kandikkollai	30	376	117732	787176	0
Kil Kandiyankuppam	30	369	113596	794256	0
Kil Kangayankuppam	30	175	116669	794824	0
Kil Kanjirangulam	30	118	96070	781817	0
Kil Kannappur	30	230	106718	796953	0
Kil Kannukulam	30	260	109571	786008	0
Kil Karai	30	175	113148	796412	0
Kil Karai	30	260	113061	786322	0
Kil Karandai	30	201	92809	780822	0
Kil Karisalkulam	30	436	98469	781461	0
Kil Karumal	30	5	93392	786049	0
Kil Karuvelangulam	30	186	85296	775635	0
Kil Kasakkudi	26	437	109532	798261	0
Kil Kavanavayal	30	436	99424	787953	0
Kil Kavanur	30	175	118596	794869	0
Kil Kavaraippalaiyam	30	369	113461	793864	0
Kil Kavattankurichchi	30	369	109606	790631	0
Kil Kidar	30	376	116702	786633	0
Kil Kidaram	30	5	92070	786070	0
Kil Kiliyur	30	436	98248	788591	0
Kil Kiliyur	30	5	97940	789518	0
Kil Kodangipatti	30	118	94187	776665	0
Kil Kodumalur	30	5	94776	784842	0
Kil Komatteri	30	427	108658	783186	0
Kil Kondur	30	197	119573	792754	0
Kil Konrakkulam	30	118	94898	781770	0
Kil Korukkai	30	254	109267	793854	0
Kil Korukkappattu	30	254	107547	792559	0
Kil Kottai	30	254	105923	792227	0
Kil Kottai	30	201	88656	778186	0
Kil Kottai	30	436	100132	786135	0
Kil Kottai	30	5	94239	786773	0
Kil Kottai	30	5	98768	789376	0
Kil Kottai	30	5	98340	789254	0
Kil Kottai	30	436	98100	788429	0
Kil Kottai	30	5	96380	788534	0
Kil Kottaiyur	30	118	96466	777041	0
Kil Kovilpattu	30	254	107892	792998	0
Kil Kudi	30	118	93001	783356	0
Kil Kudi	30	5	97610	787427	0
Kil Kudi	30	436	99822	788612	0
Kil Kudi	30	436	99779	789447	0
Kil Kudi	30	5	99304	789732	0
Kil Kudi	30	5	99193	789974	0
Kil Kudi	30	436	98206	787875	0
Kil Kudi	30	436	98434	788210	0
Kil Kudi	30	436	97608	788843	0
Kil Kudi	30	5	97172	788145	0
Kil Kudi	30	5	97470	789518	0
Kil Kudi	30	5	97410	789671	0
Kil Kudikkadu	30	369	111349	794240	0
Kil Kudinattam	30	254	108967	794148	0
Kil Kudiyiruppu	30	369	112267	793653	0
Kil Kulakkudi	30	260	109895	788460	0
Kil Kulam	30	118	95843	783867	0
Kil Kulam	30	5	94354	784930	0
Kil Kulam	30	5	94855	785374	0
Kil Kulasekharankottai	30	236	92850	776010	0
Kil Kulattur	30	369	109762	791160	0
Kil Kumaramangalam	30	175	118463	797450	0
Kil Kundalappadi	30	175	113542	797287	0
Kil Kundiyar	30	220	131799	800460	0
Kil Kunnupatti	30	260	111245	786475	0
Kil Kuppam	30	175	115451	794903	0
Kil Kuppam	30	376	118005	793263	0
Kil Kuppam	26	-1	118672	797095	0
Kil Kuppureddipatti	30	427	109158	783059	0
Kil Kurichchi	30	254	105449	794115	0
Kil Kuttankudi	30	257	107354	796167	0
Kil Kuvagam	30	369	112866	793035	0
Kil Madai	30	5	96781	788299	0
Kil Madur	30	376	117575	787299	0
Kil Madurakulam	30	5	97670	788217	0
Kil Maligai	30	369	112572	792590	0
Kil Manakkudi	30	175	114777	796726	0
Kil Manali	30	257	107260	796091	0
Kil Manangarai	30	5	93305	785297	0
Kil Mangalam	30	254	105144	792593	0
Kil Mangalam	30	201	89519	779668	0
Kil Mangalam	30	436	99283	785482	0
Kil Mangalam	30	197	118689	794225	0
Kil Marikalankulam	30	236	90293	776106	0
Kil Marimangalam	30	260	109134	788011	0
Kil Mattur	30	255	111819	790611	0
Kil Mattur	30	198	112672	796777	0
Kil Mattur	30	198	110703	797528	0
Kil Mudiman	30	201	89631	779995	0
Kil Mudimannarkottai	30	5	94271	782432	0
Kil Mukkudi	30	436	96920	784326	0
Kil Mulipatti	30	376	117862	786851	0
Kil Mullakkudi	30	260	108328	787380	0
Kil Mundal	30	5	91407	785858	0
Kil Mungiladi	30	175	114408	796986	0
Kil Muniyanur	30	427	108948	782471	0
Kil Muttukkadu	30	193	104866	788204	0
Kil Nagappadi	30	254	108792	794749	0
Kil Nammankurichchi	30	257	104192	794760	0
Kil Narikkudi	30	186	90341	776425	0
Kil Nariyan	30	5	94769	783956	0
Kil Natta	30	186	87600	777467	0
Kil Nattam	30	257	106240	794605	0
Kil Nattam	30	186	87578	777559	0
Kil Nattam	30	201	86561	778774	0
Kil Nattam	30	260	108710	786327	0
Kil Nattam	30	369	110427	792351	0
Kil Nattam	30	175	114006	796235	0
Kil Nayanendal	30	118	95931	783591	0
Kil Nedumbur	30	175	113267	795961	0
Kil Nedungattankudi	30	257	108029	797043	0
Kil Nedungulam	30	264	100032	780604	0
Kil Nedungulam	30	436	97927	785145	0
Kil Neduvay	30	369	113163	794119	0
Kil Nemmeli	30	257	106212	794016	0
Kil Nettur	30	436	96182	785486	0
Kil Nilaiyur	30	376	119085	787172	0
Kil Nilidanallur	30	236	91211	776206	0
Kil Omanallur	30	186	86496	776624	0
Kil Orasur	30	436	98296	787936	0
Kil Padi	30	175	117600	796681	0
Kil Palaiyam	30	376	117105	791908	0
Kil Palaiyur	30	257	108190	795019	0
Kil Palinji	30	193	103717	787657	0
Kil Pallakkudi	30	257	106152	794286	0
Kil Paluvur	30	369	110415	790688	0
Kil Panaiyur	30	5	93122	785871	0
Kil Panaiyur	30	5	97189	788924	0
Kil Pandi	30	257	104819	796382	0
Kil Pappakudi	30	186	87576	775098	0
Kil Paralachchi	30	118	93417	782817	0
Kil Parali	30	154	112453	767866	0
Kil Paruttigudi	30	175	113018	796433	0
Kil Paruttiyur	30	5	95382	783950	0
Kil Pasalai	30	436	96543	784614	0
Kil Pattam	30	186	87681	777948	0
Kil Pattambakkam	30	175	117735	796775	0
Kil Pattu	30	257	107263	793829	0
Kil Perambai	30	175	113945	797757	0
Kil Perambalur	30	255	113593	791313	0
Kil Perattai	30	254	109992	793722	0
Kil Perrankarai	30	436	96901	785432	0
Kil Perumalai	30	257	104535	796097	0
Kil Perumampalaiyam	30	223	111550	780861	0
Kil Perumanari	30	201	85906	778232	0
Kil Perumbakkam	30	197	119465	795055	0
Kil Perumpallam	30	198	111378	798214	0
Kil Perungavur	30	260	108926	787748	0
Kil Perunkarai	30	5	95890	785049	0
Kil Pettanendal	30	5	94889	785241	0
Kil Pidagai Varadarajapuram	30	201	86224	779542	0
Kil Pidagar Appankovil	30	201	86102	779607	0
Kil Pidavur	30	436	96781	785572	0
Kil Pillaiyarkulam	30	186	88918	776905	0
Kil Pillakkarai	30	436	97864	787343	0
Kil Pudukkottai	30	436	95974	785289	0
Kil Puduppatti	30	436	103323	784338	0
Kil Puduppatti	30	427	107535	785291	0
Kil Pudur	30	118	95958	776944	0
Kil Pudur	30	201	85651	780640	0
Kil Pudur	30	51	114937	786844	0
Kil Puduvetti	30	436	99292	786844	0
Kil Pugudi	30	436	99428	786819	0
Kil Puli	30	5	99140	789102	0
Kil Puliyampatti	30	118	96242	780700	0
Kil Puliyangudi	30	175	114186	793989	0
Kil Puliyur	30	255	112992	789647	0
Kil Pundi	30	51	117254	786190	0
Kil Pungudi	30	436	99645	784904	0
Kil Puttaneri	30	201	87197	778227	0
Kil Puvani	30	201	88320	778926	0
Kil Radhamur	30	175	112533	795762	0
Kil Ramanadi	30	5	94095	783063	0
Kil Ramanathapuram	30	254	111377	794720	0
Kil Ramarayapuram	30	201	90735	783359	0
Kil Rangiyan	30	436	97775	782437	0
Kil Rayambaram	30	369	112158	791797	0
Kil Sadaiyamankulam	30	186	85803	776163	0
Kil Sakkirvartti	30	436	99195	785943	0
Kil Salai	30	198	111968	797755	0
Kil Salur	30	436	99281	784587	0
Kil Sambakkulam	30	118	95859	783648	0
Kil Sandaipalaiyam	30	260	109633	784233	0
Kil Sattamangalam	26	191	118852	797269	0
Kil Sattanathapuram	30	198	111811	797920	0
Kil Seluvanur	30	5	92104	785678	0
Kil Sembur	30	118	95233	783825	0
Kil Sendanendal	30	5	96444	789334	0
Kil Sendani	30	436	99968	788359	0
Kil Sendattiyapuram	30	236	93432	775878	0
Kil Settur	30	436	96832	786871	0
Kil Seval	30	186	86773	776222	0
Kil Shanmukhapuram	30	201	90971	783359	0
Kil Sigangulam	30	5	95737	784531	0
Kil Sindalacheri	30	189	98727	773235	0
Kil Sirupodu	30	5	92870	785954	0
Kil Solaikkadu	30	223	113007	783487	0
Kil Sorikkulam	30	436	97705	783087	0
Kil Suryamulai	30	254	110733	794970	0
Kil Taniyam	30	193	103990	786048	0
Kil Tanjavur	30	230	108322	797237	0
Kil Tayanur	30	376	119254	791926	0
Kil Temattanpatti	30	193	103323	787853	0
Kil Tenerippatti	30	260	107157	788423	0
Kil Tenur	30	376	118727	790753	0
Kil Tippampatti	30	183	103780	778740	0
Kil Tirukkalippalai	30	175	113873	797797	0
Kil Tirumanikkam	30	264	98423	777341	0
Kil Tiruvengadanathapuram	30	186	86903	776746	0
Kil Tiruvilappatti	30	254	107413	788882	0
Kil Tombe	30	51	115155	785218	0
Kil Tondaiyakkadu	30	257	103823	796251	0
Kil Tottiyapatti	30	260	110112	784729	0
Kil Tulukkankulam	30	118	96160	780456	0
Kil Tuttakkudi	30	5	98771	789150	0
Kil Tuval	30	5	94164	785439	0
Kil Uchchani	30	436	97876	787592	0
Kil Ulur	30	254	106986	792314	0
Kil Vadayal	30	257	108746	794345	0
Kil Vadippatti	30	189	100861	776896	0
Kil Vadiyam	30	427	109468	783928	0
Kil Vaippar	30	201	90006	782528	0
Kil Valappadi	30	376	117910	787389	0
Kil Valasai	30	5	93599	784128	0
Kil Valasam	30	223	115303	781494	0
Kil Vallanadu	30	201	87302	779054	0
Kil Vanacheri	30	118	96505	781097	0
Kil Vandi	30	5	97704	789017	0
Kil Vaniyanudi	30	436	98306	784826	0
Kil Vanjiyur	26	437	108519	798482	0
Kil Vannarapuram	30	436	102657	784399	0
Kil Vannippattu	30	254	106225	793250	0
Kil Vanniyur	30	175	113168	796153	0
Kil Vayal	30	436	103304	784559	0
Kil Vayal	30	436	99148	788173	0
Kil Vayalur	30	260	108286	786350	0
Kil Vellanji	30	436	99976	785831	0
Kil Vellur	30	436	98208	782215	0
Kil Venniyur	30	376	117795	786803	0
Kil Vilattikulam	30	201	91629	782339	0
Kil Viraraghavapuram	30	186	87025	777160	0
Kil Visalur	30	254	108909	794417	0
Kil-Kotagiri	30	114	114516	769297	0
Kila	19	16	241205	768745	0
Kila	27	571	303189	757255	0
Kila	4	-1	251881	833498	0
Kila	33	269	275613	821045	0
Kila	12	348	324751	759743	0
Kila Berun	27	284	315077	759469	0
Kila Bharian	27	571	302095	757335	0
Kila Darshan Singh	27	468	318602	752400	0
Kila Desa Singh	27	468	318592	750133	0
Kila Kallandiri	30	264	100364	782072	0
Kila Kohna	33	516	260398	840601	0
Kila Lal Singh	27	468	318820	751712	0
Kila Nau	27	700	306537	747054	0
Kila Navinipatti	30	264	100425	783590	0
Kila Perundurai	16	249	96274	769714	0
Kila Salakkippatti	30	264	100731	783643	0
Kila Tek Singh	27	468	318371	752291	0
Kila Wanparti	31	717	187060	792615	0
Kilabal	13	651	336759	749247	0
Kilabeda	14	541	232398	855016	0
Kilabhadra	25	349	191850	834909	0
Kilabhadra	25	349	192004	835647	0
Kilabkhet	34	692	299589	795210	0
Kilabnur	15	77	159392	753044	0
Kilabudur	30	238	123455	799629	0
Kilachcheri	30	220	130255	798462	0
Kilachcheri	30	192	124635	794263	0
Kilachchur	30	184	129111	789414	0
Kilacheri	16	211	87173	768820	0
Kilada	1	194	187525	837326	0
Kiladaiyal	30	427	108538	782356	0
Kiladanur	30	197	122798	797263	0
Kiladi	30	436	98642	781872	0
Kiladukuli	30	376	118739	786834	0
Kilagani	15	47	131079	784278	0
Kilagar	15	333	137501	750288	0
Kilagaram	1	45	134206	795954	0
Kilagaru	15	333	137508	750285	0
Kilagorai	25	349	192070	837913	0
Kilaguda	1	258	183579	828161	0
Kilain	33	688	259902	824165	0
Kilaitola	6	620	208190	807630	0
Kilaiyur	30	198	111468	798457	0
Kilaiyur	30	192	127112	793144	0
Kilaiyur	30	197	122228	795169	0
Kilaiyur	30	230	106158	797679	0
Kilaiyur	30	260	105742	784527	0
Kilaiyur	30	264	100474	783841	0
Kilaiyur	30	376	119699	792101	0
Kilaiyur	30	369	110420	790408	0
Kilaiyur	30	-1	118844	796762	0
Kilaiyur	30	198	111245	797455	0
Kilaj	20	48	179160	762635	0
Kilakadi	30	159	126438	798929	0
Kilakadu	30	51	118051	784613	0
Kilakadu	30	51	118365	786204	0
Kilakadukkavayal	30	436	100108	788457	0
Kilakalangan	30	198	109954	795361	0
Kilakalani	30	238	125776	801607	0
Kilakaramanur	30	220	133197	799929	0
Kilakarumavilai	30	201	83750	779848	0
Kilakattur	30	254	111185	794872	0
Kilakembali	15	47	129041	782975	0
Kilakia	25	373	201471	841861	0
Kilakkadai	30	223	111464	780449	0
Kilakkadu	30	257	108371	794418	0
Kilakkadu	30	257	103844	794715	0
Kilakkaduvettividudi	30	254	104959	791659	0
Kilakkakara Tekku	16	528	90639	767050	0
Kilakkalam	30	193	105338	787025	0
Kilakkarai	30	198	112258	798430	0
Kilakkattur	30	159	127765	797212	0
Kilakkattuvilakudiyiruppu	30	435	81171	774406	0
Kilakke Ola Turuttu	16	528	89586	765443	0
Kilakkebhagam	16	528	89879	765589	0
Kilakkettara	16	253	106167	767000	0
Kilakkiruppu	30	175	116289	794430	0
Kilakkosur	30	427	107441	783193	0
Kilakkottai	30	369	111186	792067	0
Kilakkottai	30	223	113432	781806	0
Kilakku Ayyampalaiyam	30	427	105781	781799	0
Kilakku Kullampalaiyam	30	227	108905	772844	0
Kilakku Nallabommanpatti	30	183	106232	779139	0
Kilakku Vilakkanendal	30	5	94396	784754	0
Kilakkuchellipalaiyam	30	227	111892	774659	0
Kilakkuchettippatti	30	183	103494	777135	0
Kilakkudikkadu	30	369	111000	794117	0
Kilakkudikkadu	30	255	113902	790381	0
Kilakkudiyiruppu	30	260	109342	784608	0
Kilakkulam	30	186	86904	775261	0
Kilakkulam	30	186	83926	777054	0
Kilakkulam	30	201	86164	778504	0
Kilakkumkara	16	211	86446	769329	0
Kilakkuppatti	30	264	102080	784061	0
Kilakkupudur	30	227	108451	774780	0
Kilakkur	30	436	103078	784018	0
Kilakkurichchi	30	260	107645	787406	0
Kilakkurichchi	30	193	104950	787266	0
Kilakkusirangampalaiyam	30	227	111900	774053	0
Kilakkuvadi	30	260	111505	786388	0
Kilakkuvalavu	30	223	112952	783914	0
Kilakonam	30	435	81615	774084	0
Kilakottagam	30	257	106836	796246	0
Kilakulam	30	186	82381	775928	0
Kilakulam	30	186	82029	776237	0
Kilakuppam	30	215	123025	783194	0
Kilakuppam	30	215	122144	785226	0
Kilakurichchipatti	30	260	104343	785596	0
Kilalattur	30	184	129644	789236	0
Kilalattur	30	204	116594	773165	0
Kilalavandaseri	30	257	107254	794685	0
Kilalipur	15	69	119774	767727	0
Kilalur	16	256	118489	754925	0
Kilalur	16	232	106170	761637	0
Kilamaha	25	373	201196	841994	0
Kilamalai	30	436	99943	789065	0
Kilamalayaneri	30	186	84695	775797	0
Kilamanamedu	30	254	110573	794022	0
Kilamanjikandi	16	253	111108	765908	0
Kilamarathur	30	192	125835	789098	0
Kilamaruvattur	30	238	124215	798382	0
Kilamatam	30	436	101889	785431	0
Kilamatam	30	436	100957	786346	0
Kilambadi	30	158	128640	793858	0
Kilambakkam	30	220	132634	800502	0
Kilambakkam	30	220	131521	799718	0
Kilambi	30	159	128599	796510	0
Kilameni	30	220	133082	801342	0
Kilami	24	7	258639	944158	0
Kilamordhwaj	33	553	296709	784352	0
Kilamur	30	238	124857	797827	0
Kilan	12	267	315966	771492	0
Kilana	13	358	331342	756297	0
Kilana	25	349	191263	835967	0
Kilananpundi	30	192	125677	794788	0
Kilanapura	15	74	122512	768159	0
Kilanattam	30	257	109880	796510	0
Kilanattamangalam	30	264	101493	784031	0
Kilanavayal	30	183	102616	773303	0
Kilandur	15	333	138231	750234	0
Kilandur	30	158	131675	796428	0
Kilandur	16	249	102263	771931	0
Kilandurai	30	158	130344	796500	0
Kilanemmeli	30	257	109129	796106	0
Kilang	25	373	198623	837669	0
Kilangadu	30	193	105738	791526	0
Kilangattur	30	436	96657	784275	0
Kilangattuvalasu	30	227	110546	776333	0
Kilangudi	30	175	114363	795449	0
Kilangupilitattu	30	201	84137	780193	0
Kilanilai	30	436	101429	785305	0
Kilanilai	30	193	101754	788591	0
Kilanjara	15	55	129761	749992	0
Kilanjini	30	436	96709	787593	0
Kilanjur	15	55	130361	748422	0
Kilankeri	15	72	166376	772615	0
Kilankheri	19	208	241770	773755	0
Kilankunam	30	192	124059	794702	0
Kilankundal	30	227	107543	777269	0
Kilanochikulam Sanarkudi	30	201	84933	778947	0
Kilanpura	28	463	274499	765764	0
Kilanthangal	30	158	128103	794035	0
Kilantra	1	453	185574	837809	0
Kilanuhan	33	31	265817	813509	0
Kilanur	30	220	131951	799607	0
Kilanur	30	109	121047	785285	0
Kilanur	30	192	125708	793572	0
Kilanwali	27	592	299694	746716	0
Kilanwati	27	3	301449	741176	0
Kilaottayalyilakudiyiruppu	30	435	80935	775614	0
Kilapadar	25	273	197796	832749	0
Kilapadar	25	273	198370	833578	0
Kilapadar	25	527	203246	847023	0
Kilapadra	25	349	193057	835289	0
Kilapalaiyam	30	376	117702	792792	0
Kilapalanandai	30	192	126525	794322	0
Kilapallakottai	30	198	111380	797580	0
Kilapalle	1	207	132019	786223	0
Kilapanamparai	30	201	84626	779438	0
Kilapannaikkulam	30	5	94100	784904	0
Kilapoygaippatti	30	260	105820	784283	0
Kilappakkam	30	238	125490	800361	0
Kilappakkam	30	197	121520	798609	0
Kilappanaiyur	30	193	102311	788875	0
Kilappannur	16	211	85852	769433	0
Kilapparai	30	109	120198	785272	0
Kilappasar	30	192	120900	787577	0
Kilappatti	30	427	108225	784712	0
Kilappatti	30	436	100259	784746	0
Kilappatti	30	260	109297	786092	0
Kilappatti	30	193	105567	785338	0
Kilappatti	30	193	104976	786813	0
Kilappatti	30	436	100947	786668	0
Kilappatti	30	193	106268	787600	0
Kilappatti	30	193	104113	789872	0
Kilappatti	30	436	99536	784158	0
Kilappatti	30	260	111940	785133	0
Kilappatto	30	238	123663	797474	0
Kilappattu	30	238	124924	799727	0
Kilappattu	30	260	108513	786208	0
Kilappattu	30	369	113050	791482	0
Kilappettai	30	257	107783	796829	0
Kilapudur Sanarkudi	30	435	81146	774031	0
Kilapur Kalan	33	451	277150	795505	0
Kilapur Khurd	33	451	277332	795683	0
Kilar	12	348	330799	764078	0
Kilar	13	651	337756	747611	0
Kilar	15	59	142711	748210	0
Kilar	15	55	125076	755508	0
Kilar	30	159	128682	795736	0
Kilara	15	92	128357	769525	0
Kilaradahalli	15	246	137635	766937	0
Kilaralahalli	15	92	140575	771933	0
Kilaramanpudur	30	435	81656	774301	0
Kilaramasayapuram	30	201	84478	779803	0
Kilaranhalli	15	375	134421	773738	0
Kilarani	30	192	126710	792783	0
Kilarhatti	15	80	163045	762824	0
Kilarhatti	15	50	160524	763578	0
Kilari	15	93	125984	769412	0
Kilaripalli	1	207	131064	791177	0
Kilariyam	30	257	107664	794711	0
Kilarmau	33	682	275532	787745	0
Kilarvelli	30	257	104648	795170	0
Kilasama	25	546	216074	840378	0
Kilasarakkalvila	30	435	81514	774475	0
Kilasemmangudi	30	257	109474	796338	0
Kilasevvalpatti	23	-1	101561	787267	0
Kilasevvalpatti	30	436	101852	786646	0
Kilasinganodainattam	30	198	110631	798339	0
Kilaskhandarga	31	62	173321	783724	0
Kilaspur	27	665	323194	755970	0
Kilatari	30	436	99196	783301	0
Kilathotam	30	254	103028	793604	0
Kilatnagar	31	306	169930	780186	0
Kilattalaiyur	30	427	107968	778936	0
Kilatteru	30	193	103888	791211	0
Kilatteru	30	254	103810	791720	0
Kilattivakkam	30	238	123834	797199	0
Kilattoradi	1	207	131195	786133	0
Kilattur	30	192	124125	790174	0
Kilattur	30	192	126689	794880	0
Kilattur	30	254	110790	795036	0
Kilattur	30	193	103533	790376	0
Kilauli	33	654	262336	811407	0
Kilauli	33	269	273386	824521	0
Kilauni	33	593	278260	789607	0
Kilauni	33	174	273917	778508	0
Kilauni	33	593	276384	788858	0
Kilauni Rafatpur	33	593	278445	786505	0
Kilaur	34	530	294951	795961	0
Kilavadinattam	30	175	114455	795911	0
Kilavali	30	198	110573	795584	0
Kilavaliyur	30	427	107401	784788	0
Kilavallam	30	369	113892	793885	0
Kilavalli	30	109	122228	783335	0
Kilavampatti	30	260	105601	784573	0
Kilavampundi	30	197	124013	793468	0
Kilavaneri	30	186	83776	776421	0
Kilavaneri	30	118	96244	781451	0
Kilavaneri	30	5	93606	786060	0
Kilavankudi	30	436	99583	789029	0
Kilavankudi	30	436	98075	787727	0
Kilavanputhur	30	154	105909	768445	0
Kilavanur	30	436	97407	786268	0
Kilavara	16	528	88639	767591	0
Kilavaripalle	1	221	147965	787511	0
Kilavedu	30	238	126592	800105	0
Kilaveli	30	198	112089	797361	0
Kilavikkulam	30	264	99666	782699	0
Kilavikkulam	30	118	96234	783889	0
Kilavikulam	30	118	93602	775865	0
Kilavila Sanarkudi	30	435	81211	774091	0
Kilavippatti	30	201	90919	782404	0
Kilavur	30	236	92632	776811	0
Kilavur	30	5	97169	789421	0
Kilavurseri	16	528	88869	766626	0
Kilawali	34	617	293054	789599	0
Kilay	30	159	129820	799168	0
Kilay	30	159	129855	799139	0
Kilay	30	198	111900	796084	0
Kilayikonam	16	211	86979	768982	0
Kilayur	30	193	106211	788768	0
Kilayur	30	193	104651	787898	0
Kilayur	30	193	102734	789409	0
Kilayyikote	16	294	122405	751713	0
Kilba	12	83	315142	781454	0
Kilbakkam	1	207	133671	796781	0
Kilbar	25	349	192145	836010	0
Kilbara	34	692	300966	798409	0
Kilbas	34	589	299544	788960	0
Kilbau	34	589	297940	789217	0
Kilbe	12	514	307629	772428	0
Kilberry	34	530	294234	794379	0
Kilbilnagar	14	633	247344	878760	0
Kilchammapeta	1	190	143586	792271	0
Kilchapur	33	548	269984	799324	0
Kilche	27	545	310230	746122	0
Kilchippalli	30	192	125457	789909	0
Kilchu	17	8	342063	765845	0
Kilchwara Buzurg	33	417	253467	784300	0
Kiledar ka Pura	19	322	264702	784340	0
Kilehu	28	296	279181	734722	0
Kilekora	6	642	206770	810343	0
Kilenangudi	30	230	108814	796864	0
Kilenja	15	55	131121	751743	0
Kilenjar	15	55	129630	748623	0
Kilepal	6	578	189332	816303	0
Kilepal	6	578	189698	816143	0
Kilepal	6	578	189917	816174	0
Kilepal	6	578	189319	817051	0
Kilepal	6	578	189441	817184	0
Kilepar	6	642	209383	813606	0
Kilepar	6	676	204798	814468	0
Kilepar	6	676	204726	814426	0
Kilera	13	477	326809	755319	0
Kileri	15	333	138418	751932	0
Kileri Kadapanattam	1	207	130644	786184	0
Kileripalaiyam	30	204	113042	775269	0
Kileripati	30	227	112273	774099	0
Kileshwar	10	130	218408	697457	0
Kilgaonri	19	323	257223	766630	0
Kilgere	15	69	118319	767247	0
Kilgere	15	69	117686	768210	0
Kilgudalur	30	197	122618	797081	0
Kilhanapur	33	688	256149	816025	0
Kilhapur	33	33	255863	821894	0
Kilhapur	33	575	263939	822914	0
Kilhar	14	673	239903	838900	0
Kilhauda	33	697	287764	776767	0
Kilhi	12	39	320047	766139	0
Kilhoni	20	110	201525	790899	0
Kili	27	3	304209	740362	0
Kili	4	510	255275	861365	0
Kili Bodla	27	545	310698	749598	0
Kili Godha	27	545	311024	748915	0
Kili Sultanpur	33	278	268190	791262	0
Kilia	25	281	216957	852358	0
Kilichpur	13	559	325324	748466	0
Kiligere	15	97	135420	753700	0
Kilikavalasa	1	194	189232	834742	0
Kilikeri	1	207	132857	785270	0
Kilikirivandlapalli	1	45	137130	791400	0
Kilikkodi	30	220	133712	801535	0
Kilikkollurseri	16	528	89025	766259	0
Kilikkudi	30	193	104509	786025	0
Kilikkudu	30	260	108367	788126	0
Kiliklappatti	30	436	100686	785033	0
Kilikut	25	373	202844	842702	0
Kilimangalam	30	175	114192	792971	0
Kilimangalam	30	254	111044	794769	0
Kilimangalam	30	369	111642	791897	0
Kilimangalam	30	198	110568	797092	0
Kilimanur	16	211	87598	768673	0
Kilimesiguda	25	349	190176	834524	0
Kilimesu	25	305	188030	832066	0
Kilimisingi	1	258	180269	824437	0
Kiling	6	384	229829	842101	0
Kilingimund	30	114	114916	768937	0
Kilinjanattam	30	260	110168	783568	0
Kilinjikkuppam	26	191	118888	797717	0
Kilinjinattam	30	427	109455	782303	0
Kilipalle	1	258	180521	823446	0
Kilipiriya	28	519	287346	748710	0
Kiliras	6	392	185948	814445	0
Kiliru	16	261	95796	764828	0
Kilishpur	35	432	227194	885891	0
Kiliti	12	348	326392	761718	0
Kiliyambilayi	16	252	115841	757890	0
Kiliyanagar	30	238	125050	797627	0
Kiliyanpatti	30	118	93886	777143	0
Kiliyanur	30	197	121066	797469	0
Kiliyanur	30	257	106955	795670	0
Kiliyanur	30	254	108616	791640	0
Kiliyanur	30	257	109247	795764	0
Kiliyanur	30	175	114334	795881	0
Kiliyanur	30	198	110436	796816	0
Kiliyanur	30	260	110578	785318	0
Kiliyappattu	30	192	122663	791020	0
Kiliyur	30	257	109188	793164	0
Kiliyur	30	257	108331	793179	0
Kiliyur	30	257	107951	794302	0
Kiliyur	30	260	108240	788524	0
Kiliyur	30	436	98221	788549	0
Kiliyur	30	5	97963	789395	0
Kiliyur	30	376	118157	792467	0
Kiliyur	30	255	113412	790340	0
Kiliyur	30	51	117909	781952	0
Kilkachirayampattu	30	192	121783	790640	0
Kilkadirpur	30	159	128413	796669	0
Kilkalattur	30	158	130155	795892	0
Kilkalpundi	30	175	114308	789473	0
Kilkanavayur	30	192	126448	790009	0
Kilkandai	30	238	124586	799540	0
Kilkani	14	673	243810	838640	0
Kilkaniyur	30	180	125748	786341	0
Kilkanjankuzhi	30	192	128172	795649	0
Kilkarai	30	264	100654	780557	0
Kilkaranai	30	197	122933	796870	0
Kilkarandai	30	238	124004	799301	0
Kilkarikkattur	30	192	125374	791925	0
Kilkattalai	30	238	129567	801817	0
Kilkavai	30	114	113797	766647	0
Kilkesavarajupeta	30	220	131300	795976	0
Kilkhandigai	30	158	130242	796693	0
Kilkhera	19	16	239884	769156	0
Kilkili	33	659	276250	798712	0
Kilkodunkalur	30	192	125066	797041	0
Kilkodunkalur	30	192	124963	797040	0
Kilkolattur	30	192	126141	795821	0
Kilkottai	30	264	97863	780013	0
Kilkottai	30	183	102861	779160	0
Kilkottur	30	184	127975	789445	0
Kilkovalaivedu	30	192	125535	795489	0
Kilkovilampundi	30	192	124807	796172	0
Kilkrishnapuram	30	184	128689	789138	0
Kilkudi	30	257	109365	797034	0
Kilkuppachchiyur	30	184	127229	789601	0
Kilkuppachiyur	30	192	126904	790050	0
Kilkuppam	30	180	124316	785701	0
Kilkuppam	30	158	131103	796740	0
Kilkuppam	30	158	128787	792605	0
Kilkurichchi	30	175	115823	791033	0
Kilkuyilkudi	30	264	99127	780430	0
Kill	12	514	305466	777117	0
Killa	19	502	239058	796292	0
Killa	19	16	237658	769698	0
Killahua	33	591	254279	795302	0
Killai	19	502	238003	794150	0
Killai	19	338	237685	785701	0
Killakanda	25	373	200810	843645	0
Killakia	25	373	200527	842836	0
Killamanakkudi	30	436	100779	788801	0
Killamkota	1	258	180877	823734	0
Killampur	33	686	269022	793779	0
Killanur	30	376	116626	793034	0
Killanur	30	193	105528	788958	0
Killanur	30	376	117635	793285	0
Killapalem	1	453	182555	839272	0
Killaponga	25	373	200260	843065	0
Killarbogh	3	332	242965	925314	0
Killari	20	156	180413	765708	0
Killariwadi	20	156	180430	765503	0
Killarpundi	1	45	134061	797253	0
Killaud	19	202	221828	767732	0
Killava	25	305	189079	831853	0
Killedaranpalya	15	603	129789	771605	0
Killeru	31	557	183992	792901	0
Killerva	1	258	182261	826793	0
Killi	33	445	271698	793044	0
Killi	33	488	273779	805813	0
Killi Aiman	27	-1	307345	742463	0
Killi Chahlan	27	480	308166	753639	0
Killi Gandhran	27	480	310200	751203	0
Killi Nauabad	27	545	310398	750548	0
Killi Nihaluwali	27	542	302865	747821	0
Killikonam	30	435	84134	773172	0
Killimangalam	16	232	107233	763189	0
Killingi	25	349	194390	835034	0
Killiputtu	25	305	187897	826565	0
Killiyur	30	198	109805	796269	0
Killiyur	30	257	109589	796220	0
Killiyur	30	198	110672	797741	0
Killiyur	30	198	110507	795908	0
Killod	19	443	219091	779840	0
Killoli	25	499	200545	819115	0
Killukolavaypatti	30	193	106231	789166	0
Killukottai	30	193	106543	789177	0
Killukudi	30	230	106867	797234	0
Killukudi	30	436	97114	783491	0
Killukudi	30	436	97632	785307	0
Killukudi	30	254	110116	795063	0
Killur	15	55	131033	753630	0
Kilmahgaipattu	30	220	132967	800194	0
Kilmalai	30	197	121236	793821	0
Kilmalaryanur	30	197	123406	796229	0
Kilmampattu	30	197	121807	794825	0
Kilmangalam	30	189	100933	776108	0
Kilmapur	33	661	272940	794382	0
Kilmattai	30	192	126418	795271	0
Kilmattur	30	215	123512	785670	0
Kilmattur	30	264	99661	780317	0
Kilmavilangai	30	197	123274	796095	0
Kilminnal	30	158	129447	792514	0
Kilmorappur	30	109	121266	784647	0
Kilmu ka Pura	19	465	261314	785145	0
Kilmudalambedu	30	220	133529	801205	0
Kilmurungi	30	180	128447	787829	0
Kilna	12	460	311578	771231	0
Kilnachipattu	30	192	121948	790783	0
Kilnachipattu	30	192	122359	790958	0
Kilnagar	30	192	126994	792049	0
Kilnagarambedu	30	192	125086	796667	0
Kilnakkarai	30	192	122151	790732	0
Kilnallattur	30	220	130964	799178	0
Kilnamundi	30	192	123908	795076	0
Kilnandiyambadi	30	192	125118	795195	0
Kilnariyappanur	30	376	116132	790180	0
Kilnarma	30	192	125400	797074	0
Kilnattam	30	158	128043	793834	0
Kilnattur	30	192	122258	790829	0
Kilnemali	30	175	114347	792248	0
Kilnemili	30	192	125910	796962	0
Kilnettappakkam	30	192	126679	796220	0
Kilni	4	718	250965	834205	0
Kilninjamanthai	30	184	127380	789708	0
Kilnirkunnam	30	192	126552	796339	0
Kiloda	19	309	235198	765235	0
Kiloda	19	311	226956	766899	0
Kilodayaratti	30	114	113585	767388	0
Kilodiya	19	303	235001	753617	0
Kiloguda	25	305	187050	824390	0
Kiloguda	25	305	186772	824212	0
Kiloi	11	689	289465	767174	0
Kiloi	11	586	285497	767319	0
Kilokri	8	403	285788	772652	0
Kilol ka Pura	19	459	263823	779649	0
Kilol Kund	33	644	273848	780243	0
Kiloli	19	303	231062	755015	0
Kilolpura	28	599	267644	779499	0
Kilon	20	67	199695	788099	0
Kilona	19	334	238150	761645	0
Kilor	12	348	327443	759773	0
Kilorad	11	466	290332	769675	0
Kilorattur	30	175	115835	790444	0
Kilot	13	358	331335	755782	0
Kilot Adwar	12	348	328309	762576	0
Kilottivakkam	30	159	127967	797904	0
Kilouchandiram	30	215	124086	777849	0
Kiloura	19	313	248833	806690	0
Kilpadappai	30	159	128833	800312	0
Kilpadi	15	55	130824	748056	0
Kilpadi	30	158	128093	793473	0
Kilpadi	30	376	118429	790574	0
Kilpakkam	30	158	131234	796972	0
Kilpakkam	30	192	125290	797004	0
Kilpakkam	30	197	120545	797676	0
Kilpalaiyur	30	175	114670	794227	0
Kilpanangadi	30	264	99757	781195	0
Kilpara Kalan	4	590	260051	877827	0
Kilpatti	30	184	128742	788169	0
Kilpatti	30	260	107246	785685	0
Kilpatti	30	193	104960	790271	0
Kilpatti	30	260	110077	786934	0
Kilpattu	30	238	123735	799543	0
Kilpauk	30	199	130800	802408	0
Kilpauk Garden	30	199	130856	802378	0
Kilperumanallur	30	159	127618	797575	0
Kilperur	16	211	87746	768410	0
Kilpidagai	30	230	106248	798013	0
Kilpottarai	30	192	124130	790378	0
Kilppattu	30	192	125865	792018	0
Kilpur	33	523	279687	777187	0
Kilpur	33	301	266267	808570	0
Kilpur	27	665	322759	754126	0
Kilpur	4	615	262791	841984	0
Kilpur	4	615	263515	841953	0
Kilpur Khap	4	675	265406	842310	0
Kilpura	28	298	254688	746315	0
Kilpura	33	526	268103	786386	0
Kilpura Got	34	617	290248	799660	0
Kilpuram	30	215	124567	777912	0
Kilputtur	30	192	124468	795180	0
Kilputtur	30	159	127556	797823	0
Kilra	12	460	311592	774004	0
Kilrajakularaman	30	118	93969	776344	0
Kilraudh	11	586	285179	766415	0
Kilravandavadi	30	192	121576	789349	0
Kilsattamangalam	30	192	124915	795784	0
Kilsayavanapattanateru	30	198	111466	798547	0
Kilsembedu	30	192	123993	796809	0
Kilserupakkam	30	192	121813	790131	0
Kilseruvay	30	175	114086	790977	0
Kilsettipattu	30	192	121887	790330	0
Kilsevalambadi	30	197	123852	793991	0
Kilsilambadi	30	192	125243	788451	0
Kilsiranai	30	159	128881	796363	0
Kilsishmangalam	30	192	124728	797384	0
Kiltampalem	1	176	181514	831525	0
Kilti	33	445	270591	792330	0
Kiltoli	14	476	226177	843092	0
Kilu	25	373	206121	843477	0
Kilugupeta	1	176	180336	835881	0
Kiluholali	15	47	131172	782886	0
Kilukote	15	47	131360	781196	0
Kilukupa	25	373	199780	839309	0
Kilum	14	276	228269	852663	0
Kilumattur	30	255	113426	790820	0
Kilumulu	1	258	182184	825426	0
Kiluni	12	348	327521	760498	0
Kiluni	12	348	327816	760645	0
Kilupadar	25	373	205077	843112	0
Kiluparamba	16	148	112667	760167	0
Kilur	13	651	337351	748735	0
Kilur	30	238	127383	801092	0
Kilur	30	180	123687	786964	0
Kilur	30	184	129000	788585	0
Kilur	30	192	125925	789060	0
Kilur	30	114	112890	766960	0
Kilur	30	204	115643	777350	0
Kilur	30	201	86180	779111	0
Kilur	30	260	109856	786098	0
Kilur	30	260	109472	787676	0
Kilur	30	223	115301	782248	0
Kilur	30	51	116150	782002	0
Kilurbail	15	248	134334	751037	0
Kilurpathi	30	154	111024	768383	0
Kilusuga	25	373	202591	842726	0
Kiluvambadi	30	427	108285	784080	0
Kiluvampalaiyam	30	427	109214	779594	0
Kiluvampatti	30	427	108492	784212	0
Kiluvangadu	30	227	105056	772974	0
Kilvalaianniyur	30	197	120328	793400	0
Kilvalaivu	30	264	100720	784164	0
Kilvalam	30	238	125446	799426	0
Kilvalavu	30	51	118099	785905	0
Kilvallam	16	211	86702	768277	0
Kilvanakkambadi	30	192	121868	789605	0
Kilvanatham	30	192	125270	792574	0
Kilvani	30	204	115038	775334	0
Kilvasalai	30	238	123724	799349	0
Kilvelliyur	30	192	124942	795023	0
Kilvenpakkam	30	158	129255	796323	0
Kilvidi	30	158	129930	795835	0
Kilvilagam	30	220	131236	798310	0
Kilvillivalam	30	192	124405	796231	0
Kilviranam	30	158	129851	794775	0
Kilvisharam	30	158	129142	792854	0
Kilvur	30	158	130167	793979	0
Kilwapur	33	686	267058	795737	0