Kirari Sulemannagar	8	662	286974	770648	283211
Kiratpur	33	553	295067	782061	60223
Kiraoli	33	526	271377	777852	21024
Kirandul	6	392	186365	812583	19053
Kirakat	33	33	256375	829160	14034
Kirodimalnagar	6	17	219269	833323	13102
Kiranur	30	193	105699	787868	11667
Kirippatti	30	51	115357	784897	10208
Kiri Buru	25	281	220833	853500	9719
Kiranur	30	183	105940	775032	6487
Kirnapur	19	142	216259	803314	6137
Kir Afghanan	27	468	318800	754541	0
Kir Chamba	12	39	321147	763914	0
Kir Chamba	12	39	321055	763973	0
Kir Sawalgi	15	71	171145	765695	0
Kira	25	546	217290	843030	0
Kiraba	1	194	186955	838397	0
Kirabahal	25	380	208051	834874	0
Kiraband	25	546	216728	841464	0
Kiracchi	16	256	118716	755439	0
Kiradadi	25	373	203474	843702	0
Kiradia	19	239	218320	748026	0
Kiragadalu	15	652	131151	758421	0
Kiragadlu	15	652	129593	760319	0
Kiragadlukoppal	15	652	129678	760283	0
Kiragandur	15	188	125680	758352	0
Kiragasur	15	93	122469	771106	0
Kiragasuru	15	74	122303	768767	0
Kiragsur	15	69	119741	769366	0
Kiraguda	25	305	185331	828325	0
Kiragunda	15	74	121200	767970	0
Kirah Chitauna	33	33	255981	829749	0
Kirah Khali	33	33	256015	829763	0
Kirahalli	15	652	129927	758125	0
Kirahi	33	242	254518	830211	0
Kirahi	19	313	242673	810038	0
Kirahiya	33	242	252913	829908	0
Kirahunasi	15	333	143245	750686	0
Kirai	34	692	298897	799520	0
Kiraia	19	646	243228	818479	0
Kiraikarankattu	30	186	83502	778497	0
Kiraikkadu	30	223	113669	783955	0
Kiraikkadu	30	223	113666	784353	0
Kiraippatti	30	109	120126	785253	0
Kiraippatti	30	51	117997	784216	0
Kirajholla	25	305	185574	827760	0
Kirajolla	25	305	185704	828980	0
Kirajolla	25	305	187956	830006	0
Kirakad	30	51	117997	782563	0
Kirakalapadu	25	349	193930	833346	0
Kirakaranur	30	51	118802	778646	0
Kiraketta	25	373	202242	840342	0
Kirakhera	28	22	245981	739858	0
Kirakkalur	30	257	105932	796152	0
Kirakodu	15	97	134331	752676	0
Kirakund	19	325	223812	786753	0
Kirala	20	112	202752	755987	0
Kiralattur	30	257	106425	796241	0
Kiralgarh	27	214	316637	745891	0
Kiralippatti	30	183	106715	781344	0
Kiralluyarkandigal	30	159	126284	796940	0
Kiralu	25	305	188014	829132	0
Kiralu	15	74	122268	767429	0
Kiralur	16	252	113117	758121	0
Kiralvadi	30	238	124658	799361	0
Kiram	1	258	184991	824576	0
Kirama	25	373	199055	839361	0
Kirama	25	349	195717	839130	0
Kiramamidi	1	-1	184153	827835	0
Kiramangalam	30	175	114326	794337	0
Kiramaska	25	372	204818	846139	0
Kiramb	25	273	196472	832024	0
Kirambadi	30	158	128220	794009	0
Kiramber	30	230	106039	797021	0
Kirambuli	30	436	97270	786879	0
Kirambur	30	223	111960	780889	0
Kirambur	30	175	115187	792188	0
Kirambur	30	260	111665	786266	0
Kirampandi	30	5	95515	787611	0
Kirampara	16	173	100995	766592	0
Kiramudi	30	204	111976	778291	0
Kiran	34	89	310630	778531	0
Kiran	12	460	309905	776225	0
Kirana	28	263	258561	740700	0
Kiranakere	15	333	135918	753338	0
Kiranalli	20	131	176545	763570	0
Kiranallur	30	159	129265	798300	0
Kiranallur	30	198	112420	797709	0
Kiranattam	30	154	111143	769942	0
Kiranchpur	33	566	285505	775195	0
Kirandai	30	5	91808	784419	0
Kirandai	30	5	92604	786054	0
Kirandakudi	30	257	108093	794853	0
Kirandapattu	30	197	123950	792827	0
Kirandipuram	30	197	122980	795973	0
Kirangadu	30	223	112707	783295	0
Kirangandur	15	93	125127	768659	0
Kirangarh	27	214	316425	746389	0
Kirangi	19	326	235166	784342	0
Kirangi	19	449	227666	816325	0
Kirangi	1	194	183816	831704	0
Kirangi Sarra	20	139	215511	791920	0
Kirangi Tola	19	142	220330	804216	0
Kirangijhola	19	142	221604	807828	0
Kirangipar	19	325	220891	793095	0
Kirangudi	30	198	113014	796915	0
Kirangulam	30	436	98789	785518	0
Kirangur	15	74	123498	760199	0
Kirangur	15	93	124316	766993	0
Kirangur	15	74	122371	762030	0
Kirangur	15	92	129071	769155	0
Kirangur	15	93	127812	769876	0
Kirani	30	5	99201	789078	0
Kirani Chak	4	581	253790	850950	0
Kiranippatti	30	260	103955	785010	0
Kiranippatti	30	193	102059	789106	0
Kiranippattiyendal	30	436	100460	787055	0
Kiranipura	28	428	264355	746736	0
Kirankhera	28	22	246264	739838	0
Kirankudippatti	30	193	103597	786769	0
Kirannagar	20	132	209100	777653	0
Kiranpalli	30	215	126335	779661	0
Kiranpur	20	139	214125	790224	0
Kiranpur	20	139	214042	790273	0
Kiranpur	4	567	252685	863004	0
Kiranpura	28	679	264932	762542	0
Kiranur	30	192	121849	791365	0
Kiranur	30	227	110810	775504	0
Kiranur	30	175	114299	792584	0
Kiranur	30	175	114585	793761	0
Kiranur	30	254	108908	794860	0
Kiranur	30	260	105057	782041	0
Kiranur	30	427	107859	782816	0
Kiranur	30	264	98650	782993	0
Kiranur	30	5	93904	784957	0
Kiranur	30	436	98557	785778	0
Kiranur	30	201	86036	780835	0
Kiranur	30	376	119619	791865	0
Kiranur	30	255	113418	791240	0
Kiranur	30	175	114582	791160	0
Kiranur	30	257	110015	796631	0
Kiranur	30	223	115275	781632	0
Kiranur Vada	30	376	120048	789492	0
Kirao Dih	33	688	258502	813724	0
Kiraon	33	584	254045	822652	0
Kirapala	25	373	204796	840995	0
Kirapatta	16	233	116976	761165	0
Kirapattanpatti	30	189	99350	775868	0
Kirappakkam	30	238	126444	800421	0
Kirappakkam	30	220	134742	802062	0
Kirappalaiyam	30	175	114367	796492	0
Kirappatti	30	260	107817	786770	0
Kirara	11	327	293178	757716	0
Kirara	28	467	289461	751340	0
Kirara	34	413	297109	796731	0
Kirarama	25	290	217641	838768	0
Kirari	28	429	262394	766425	0
Kirari	33	174	272674	776528	0
Kirari	6	388	220425	828588	0
Kirari	6	279	219275	820920	0
Kirari	33	591	253198	799205	0
Kirari	20	390	210417	799298	0
Kirari	33	622	284525	785653	0
Kirari	6	279	219996	822643	0
Kirari	6	669	219760	824561	0
Kirari	6	388	218863	830440	0
Kirari	6	388	217880	831384	0
Kirarkheri	19	208	239078	782131	0
Kirarkheri	33	553	293008	784530	0
Kirarod	11	667	280914	761007	0
Kirarod ki Dhani	11	667	280916	760960	0
Kirarod ki Dhani	11	667	280867	760941	0
Kirarodh	28	120	275997	761050	0
Kirarpahari	28	487	252867	770875	0
Kirarpura	28	599	267528	778260	0
Kirasanipada	25	108	184409	822954	0
Kirasathu	30	184	131024	792819	0
Kirashka	28	463	273483	764395	0
Kirasira	25	372	208129	840017	0
Kirasira	25	372	207789	842036	0
Kirasodlu	15	74	123490	763390	0
Kirat	28	22	243668	733891	0
Kirat Pipra	33	496	270976	835752	0
Kirat Sarai	33	564	259947	836776	0
Kirat Singh	33	522	270817	816533	0
Kirat Singh Purwa	33	522	270280	824354	0
Kiratbandha	6	517	219767	814460	0
Kirathpur	4	520	257356	849711	0
Kiratmalpur	33	479	258880	829482	0
Kiratot	12	348	328376	762296	0
Kiratour	33	672	289286	780353	0
Kiratpur	27	704	311865	765691	0
Kiratpur	33	451	276878	796679	0
Kiratpur	33	548	271883	797716	0
Kiratpur	33	548	271396	798417	0
Kiratpur	33	278	269884	791551	0
Kiratpur	33	548	269654	796036	0
Kiratpur	33	548	269405	796322	0
Kiratpur	33	686	268086	795259	0
Kiratpur	12	514	304851	775639	0
Kiratpur	19	326	236067	784560	0
Kiratpur	19	326	232312	783775	0
Kiratpur	19	459	264014	779162	0
Kiratpur	33	523	280002	778432	0
Kiratpur	33	445	271573	789874	0
Kiratpur	33	661	273459	795941	0
Kiratpur	33	523	277925	782780	0
Kiratpur	33	710	261567	797172	0
Kiratpur	19	459	265008	780636	0
Kiratpur	19	568	225456	778057	0
Kiratpur	33	444	253015	804511	0
Kiratpur	33	445	271393	790812	0
Kiratpur	33	688	259447	820703	0
Kiratpur	33	242	254905	828443	0
Kiratpur	33	301	262754	808034	0
Kiratpur	33	553	294168	784140	0
Kiratpur	33	31	272647	811283	0
Kiratpur	33	553	291247	783633	0
Kiratpur	33	553	294109	788098	0
Kiratpur	33	553	294228	788427	0
Kiratpur	33	654	262812	810369	0
Kiratpur	33	488	272293	809391	0
Kiratpur	33	622	283100	786167	0
Kiratpur	33	688	259594	817468	0
Kiratpur	33	479	261152	831955	0
Kiratpur	33	312	279011	808476	0
Kiratpur	33	31	271655	811889	0
Kiratpur	6	681	215881	816563	0
Kiratpur	11	565	308454	768691	0
Kiratpur	33	613	281764	781559	0
Kiratpur	33	329	282041	792321	0
Kiratpur	33	329	281817	793950	0
Kiratpur	33	329	282355	794897	0
Kiratpur	4	675	262400	848163	0
Kiratpur	33	329	284126	795575	0
Kiratpur	33	621	259227	800921	0
Kiratpur	4	569	260604	862217	0
Kiratpur	4	569	260186	863626	0
Kiratpur	4	510	255928	860380	0
Kiratpur	33	278	267097	791462	0
Kiratpur	33	451	279492	800285	0
Kiratpur Bihari	33	451	279884	796144	0
Kiratpur Charuhar	33	654	259983	811265	0
Kiratpur Dhiri	33	329	281919	796087	0
Kiratpur Nimana	33	523	278995	779317	0
Kiratpur Rajaram	4	687	258559	852869	0
Kiratpura	19	638	249735	793953	0
Kiratpura	28	120	277017	761248	0
Kiratpura	28	120	276116	761503	0
Kiratpura	28	115	263369	764000	0
Kiratpura	28	115	266025	765591	0
Kiratpura	28	429	263283	767343	0
Kiratpura	28	298	253740	745347	0
Kiratpura	19	322	263482	784742	0
Kiratpura	19	322	264554	784293	0
Kiratpura	19	465	259947	782192	0
Kiratpura	33	591	254805	798181	0
Kiratpura	4	597	255484	839412	0
Kiratpura	33	515	264183	836269	0
Kiratpura	4	363	256058	847293	0
Kiratpuri	33	492	290258	785990	0
Kirattur	30	193	105796	791339	0
Kiraudipur	33	584	255393	817534	0
Kirauli	11	466	288097	769051	0
Kirauli	33	445	271089	789019	0
Kirauli	34	692	299101	799563	0
Kirauli	34	692	299658	799309	0
Kirauli ka Pura	19	459	262427	776512	0
Kiraunha	19	646	245024	819699	0
Kiraunia	33	539	269784	837483	0
Kiraunian	33	269	276300	821532	0
Kiraupipariya	19	502	242463	795483	0
Kiravadi	15	91	146117	752196	0
Kiravale	15	652	130108	758446	0
Kiravara	15	47	133783	781345	0
Kiravase	15	333	140054	749076	0
Kiravira	25	373	203599	842333	0
Kirawali	19	459	262623	776490	0
Kirawali Joaid	19	459	263486	776033	0
Kirawara	28	22	240399	740047	0
Kirawata	28	113	277642	772894	0
Kirayur	30	223	110695	781334	0
Kirba	25	546	215014	839020	0
Kirbi Place	8	691	286079	771268	0
Kirdhana	19	325	223774	787029	0
Kirdi	20	110	196169	793186	0
Kirdivalasa	1	258	184116	827891	0
Kire Marali	15	93	125196	766928	0
Kire Sigara	15	97	130356	757192	0
Kire-Henpoan	0	79	79833	933833	0
Kirejhola	25	572	203573	826126	0
Kirekala	25	572	203932	826146	0
Kiresera	14	476	223964	844308	0
Kiresur	15	655	154435	753001	0
Kiretar	10	133	243991	726103	0
Kirgadde	15	59	146957	749604	0
Kirgahatola	6	455	209892	806960	0
Kirgaon	19	202	219172	762903	0
Kirgaon	19	317	220106	757878	0
Kirgaon	19	202	220293	762884	0
Kirgapati	6	676	202221	813890	0
Kirgeri	15	91	143918	756322	0
Kirgi	19	326	231794	785339	0
Kirgi	19	576	234002	800136	0
Kirgi	6	455	210768	809357	0
Kirgi	6	455	209960	809390	0
Kirgi Kalan	19	326	231093	785610	0
Kirgi Khurd	19	326	230498	785270	0
Kirgitola	19	142	217781	805876	0
Kirgulige	15	333	138622	750136	0
Kirgur	15	188	121407	759772	0
Kirha	33	196	250217	825086	0
Kirha	19	313	250597	805922	0
Kirhai	19	497	249866	814359	0
Kirhai	19	313	244124	811107	0
Kirhai	33	619	251232	811205	0
Kirhaipakhari	19	313	250025	807238	0
Kirhakota	19	503	227772	788736	0
Kirhalli	15	652	129912	759936	0
Kirhan	11	425	294023	754004	0
Kirhi	4	394	251544	843446	0
Kirhi Khera	33	654	262517	808612	0
Kirhiria	33	623	267153	830068	0
Kirhiti	19	313	241665	808919	0
Kirhulia	33	102	246592	833054	0
Kiri	12	460	311401	774088	0
Kiri	12	348	325681	762558	0
Kiri	12	39	319093	763536	0
Kiri	12	460	309324	776565	0
Kiri	14	276	226366	858708	0
Kiri Afghanan	27	704	308923	763442	0
Kiri Afghanan	27	468	317730	755257	0
Kiri Badal	27	250	314331	751772	0
Kiri Bilaha	15	188	127597	758684	0
Kiri Guria Purwa	33	488	275127	812506	0
Kiri Khurd	13	-1	322794	754972	0
Kiri Shah	27	250	314186	751701	0
Kiria	10	140	231219	734380	0
Kiria	19	129	226671	748432	0
Kiria	4	505	249893	863312	0
Kiria Guria	33	522	269097	817895	0
Kiria Mai	33	116	282522	787491	0
Kiria Purwa	33	522	272086	817366	0
Kirial Jagir	13	559	325310	748386	0
Kirialanji	25	527	201508	850361	0
Kiriamai	33	622	281616	784933	0
Kirian	27	250	311788	749744	0
Kiriap	28	428	261679	745400	0
Kiriapur	33	269	273156	824755	0
Kiriara	33	312	278889	800551	0
Kiriari	33	312	278821	800592	0
Kiriatangar	14	476	227194	844019	0
Kiribera	35	400	234363	859182	0
Kiridi	20	110	197367	791250	0
Kirigara	14	732	237240	851001	0
Kirigara	14	377	236755	852714	0
Kirigotara	15	69	119735	768477	0
Kirihauna	33	595	275939	820018	0
Kirihiri	4	394	249817	839412	0
Kirihiri	4	394	249170	839623	0
Kirihra	33	694	251353	832563	0
Kirihrapur	33	516	260414	837445	0
Kirihunse	15	652	128962	758408	0
Kirihwa	33	152	267260	828262	0
Kirijaji	15	74	123301	762964	0
Kirikarai	16	249	96011	770542	0
Kirikera	1	426	137690	774841	0
Kirikhallu	25	349	194467	832941	0
Kirikkudi	30	436	96815	787084	0
Kirikuti	25	373	200885	841580	0
Kirilimal	25	290	216699	834848	0
Kirimal	28	298	257206	742230	0
Kirimand	27	544	311698	749996	0
Kirimedu	30	197	118364	793916	0
Kirinda	25	262	218033	850992	0
Kirinda Dogri	12	460	310904	777999	0
Kiringahitola	19	217	228214	817243	0
Kiringi	19	217	229287	816088	0
Kiringitola	19	142	223809	808192	0
Kiringloya	14	310	229747	847681	0
Kiringoli	6	676	203179	814069	0
Kiringoli	6	676	203295	814129	0
Kirintal	19	336	234953	808574	0
Kirinvelnattam	30	220	132297	798098	0
Kiripalli	30	376	119653	787719	0
Kirippatti	30	260	110620	785530	0
Kiripsira	25	262	219904	837799	0
Kirisave	15	652	129507	766115	0
Kirishkelatoli	14	416	230818	853149	0
Kirisipalaiyam	30	227	109396	773106	0
Kirit	6	669	218203	826700	0
Kirit Nawada	4	117	248751	849450	0
Kiritbans	6	490	216674	810838	0
Kiritgeri	15	583	155192	756665	0
Kiritmal	6	17	219512	832595	0
Kiritpur	33	488	274229	812793	0
Kiritpur	4	382	265995	846335	0
Kiritpur	4	535	262846	864006	0
Kiritpur	25	546	213929	840099	0
Kiritpur Tola Inglish	4	382	265955	846522	0
Kiritpur Tola Mathia Bandobasti	4	382	265886	846447	0
Kiriwali	13	485	335201	744333	0
Kiriya	12	267	312521	770999	0
Kiriyad	16	256	120285	754102	0
Kiriyampatti	30	204	112817	777111	0
Kiriyaniendal	30	436	100117	788995	0
Kiriyaoli	33	613	281311	779379	0
Kirjaval	20	132	206514	779481	0
Kirka	12	514	306600	776073	0
Kirka ka Bas	12	514	305996	777241	0
Kirkadi	6	455	210020	804620	0
Kirkajaratoli	14	541	233742	855280	0
Kirkaliguda	25	108	183333	819447	0
Kirkar	6	388	218917	830309	0
Kirkartola	6	388	218873	830388	0
Kirkatoli	14	541	234602	857553	0
Kirkhera	19	503	230425	787976	0
Kirki	6	681	216934	814636	0
Kirkicha	25	273	195889	831511	0
Kirkichia	4	641	262844	872755	0
Kirkichpara	6	725	227202	820402	0
Kirkichyapur	33	686	268012	794130	0
Kirkinhal	15	71	171717	764956	0
Kirkipadar	25	273	197108	833374	0
Kirkira	14	379	241740	850026	0
Kirkiranji	19	354	222628	797537	0
Kirkiridhana	19	443	223075	776500	0
Kirkirwa	33	152	266844	828970	0
Kirkita	25	572	201545	827209	0
Kirkitta	1	194	189877	833647	0
Kirkiun Got	12	348	330934	764897	0
Kirkodi	15	333	139767	748845	0
Kirkoli	19	607	240559	826345	0
Kirkoliguda	25	108	186193	821318	0
Kirkota	19	338	233113	789231	0
Kirkotoli	14	310	228691	848949	0
Kirkuda	25	273	198749	831350	0
Kirla	25	372	208073	838340	0
Kirla	33	659	270823	806531	0
Kirla Agraharam	1	176	180163	832332	0
Kirlampudi	1	259	171989	821824	0
Kirlapodoro	1	258	184025	824515	0
Kirli	10	166	208577	738086	0
Kirloskarvadi	20	65	170850	744194	0
Kirma	14	633	246190	875723	0
Kirma	25	373	206608	843528	0
Kirmach	11	482	299028	767865	0
Kirmakhol	25	372	206532	841206	0
Kirmambakkam	30	-1	118201	797872	0
Kirmanda	15	47	128418	781909	0
Kirmapur	20	139	210542	791275	0
Kirmara	11	327	293800	757034	0
Kirmati	20	139	210210	789694	0
Kirmati	20	390	207459	798010	0
Kirmesipur	33	575	261072	821129	0
Kirmila	19	239	214757	752392	0
Kirmili	25	572	207176	825086	0
Kirmioh	13	690	325750	752859	0
Kirmira	25	290	218747	841768	0
Kirmiri	20	110	195909	796596	0
Kirmisepur	33	488	274625	805376	0
Kirmiti	27	545	308549	749100	0
Kirmiti	20	110	205823	797640	0
Kirmiti Mendha	20	110	205962	797730	0
Kirmjan	11	586	286810	764934	0
Kirmola	34	533	292351	800444	0
Kirmoli	34	589	299474	791316	0
Kirna	6	723	218804	819480	0
Kirna	6	723	219852	817541	0
Kirna	6	299	214746	817614	0
Kirnadi Kumri	15	55	130023	753971	0
Kirnadka	15	55	127981	755301	0
Kirnahar	35	347	237580	878740	0
Kirnapur	20	139	213870	794924	0
Kirnapur	20	139	213190	794035	0
Kirnapur	20	139	211681	793375	0
Kirnapur	20	139	209225	790370	0
Kirnelli	15	74	123478	761277	0
Kirni	15	71	171446	768490	0
Kirni	4	597	253967	842577	0
Kirnia	13	76	338984	745658	0
Kiro ki Jhupriyan	28	298	251965	746172	0
Kiroda	33	370	244000	784394	0
Kirohali	19	239	215779	752813	0
Kirol	19	465	260538	785508	0
Kirola	19	502	240301	792299	0
Kirola	19	395	244196	781822	0
Kirola	20	78	209099	757453	0
Kiroli	15	71	173233	773359	0
Kiroli	19	420	254019	775787	0
Kiroli	34	413	297267	794262	0
Kiron ka Khera	28	298	254309	745901	0
Kiron ka Oda	28	550	251221	738700	0
Kiron ki Kherian	28	402	250687	743443	0
Kirora	34	413	296884	797337	0
Kirora	4	602	258602	878328	0
Kirori	11	327	293452	757766	0
Kirosanappatti	30	183	102329	781418	0
Kirpa Bigha	4	112	248160	844565	0
Kirpa Bigha	4	663	251177	857563	0
Kirpa Burj	33	526	272880	781573	0
Kirpa Chak	4	117	245379	850344	0
Kirpa Khera	33	301	264855	809473	0
Kirpa Lal	33	522	270322	818269	0
Kirpa Purwa	33	522	271801	819568	0
Kirpa Purwa	33	522	271926	819191	0
Kirpa Ramdih	4	505	249444	860225	0
Kirpabigha	4	112	245717	842585	0
Kirpaganj	4	495	251600	853354	0
Kirpal Khera	33	301	265220	808667	0
Kirpal Purwa	33	488	276786	811907	0
Kirpal Purwa	33	522	270647	817340	0
Kirpal Purwa	33	488	277164	808426	0
Kirpalgad	13	289	341422	746157	0
Kirpalpur	13	559	327025	748000	0
Kirpalpur	33	278	269430	792059	0
Kirpalpur	33	278	269648	791193	0
Kirpalpur	33	645	265756	798327	0
Kirpalpur	33	523	280233	775993	0
Kirpalpur	33	445	271178	788338	0
Kirpalpur	33	645	265482	797286	0
Kirpalpur	33	548	269113	799132	0
Kirpalpur	33	645	263710	799331	0
Kirpalpur	33	645	263119	797736	0
Kirpalpur	33	645	261801	799477	0
Kirpalpur	33	445	270377	792336	0
Kirpalpur	33	301	266751	807615	0
Kirpalpur	33	698	257737	812154	0
Kirpalpur	33	116	282404	787241	0
Kirpalpur	33	605	265554	822558	0
Kirpalpur	33	623	265569	830197	0
Kirpalpur	13	477	323666	753827	0
Kirpalpur	33	584	256201	818161	0
Kirpalpur	33	488	272923	809591	0
Kirpalpur	33	516	257709	842999	0
Kirpalpur	33	312	279906	803927	0
Kirpalpur	14	434	244430	859757	0
Kirpalpur	33	445	270050	791245	0
Kirpalpura	33	526	270290	782860	0
Kirpan	33	488	272814	807728	0
Kirpanagar	33	724	285607	777228	0
Kirpania	4	457	267521	844379	0
Kirpapatti	33	539	267095	840155	0
Kirpatola	19	142	217804	803053	0
Kirpe ka Pura	19	322	265612	784504	0
Kirpia	33	329	282724	792486	0
Kirpia	33	31	269495	812884	0
Kirpia	33	278	266699	792384	0
Kirpind	13	559	326124	747937	0
Kirpur	4	602	255158	876208	0
Kirpur	14	434	240026	861947	0
Kirpura	28	115	262055	765041	0
Kirpura	19	323	257649	765253	0
Kirpura	28	298	255215	751528	0
Kirpura	19	568	226678	779441	0
Kirpura	19	568	226585	779464	0
Kirraba	1	258	176216	821953	0
Kirrauda	19	395	247112	776678	0
Kirrav	19	395	248316	780901	0
Kirrawada	19	338	241746	781612	0
Kirrayach	19	459	266322	783423	0
Kirrayach ka Pura	19	459	267134	783825	0
Kirrayanch	19	459	262819	775844	0
Kirri	33	548	269152	795269	0
Kirria	19	324	243187	773342	0
Kirrod	19	338	242178	781806	0
Kirsali	34	430	303717	781047	0
Kirsalu	15	97	130776	756233	0
Kirshan ji Dhani	28	274	251273	709108	0
Kirsia	33	31	265813	814682	0
Kirsup Kareda	14	276	226396	851022	0
Kirta	27	665	324658	758739	0
Kirta	6	681	217763	818627	0
Kirta	12	279	312936	768935	0
Kirtan	28	519	285438	756056	0
Kirtan	11	327	291387	755565	0
Kirtan Kheri	19	311	226145	763568	0
Kirtandera	6	17	218682	834292	0
Kirtandih	14	541	229839	858392	0
Kirtania	4	396	252550	874730	0
Kirtaniadih	14	434	242766	862496	0
Kirtanpali	25	683	213267	847207	0
Kirtanpur	33	282	274980	815627	0
Kirtanpur	25	277	210957	855088	0
Kirtanpur	25	277	210923	855020	0
Kirtapur	33	488	275713	810798	0
Kirtapur	33	33	257345	827676	0
Kirtapur	33	488	272260	808421	0
Kirtapur	33	269	271918	822965	0
Kirtapur	33	659	270915	805984	0
Kirtapur	33	488	273685	805196	0
Kirtaram Purwa	33	282	273935	818116	0
Kirtarpur	33	479	260833	831745	0
Kirtartara	33	196	251640	826266	0
Kirtasar	28	296	277623	735120	0
Kirtaul	4	510	254978	860154	0
Kirtauli	33	523	280327	785717	0
Kirtevaripalem	1	212	158075	804048	0
Kirthal	33	458	292437	772433	0
Kirthala	33	523	281036	783208	0
Kirthapuram	30	201	83956	780293	0
Kirthu Khatotu	13	477	326287	756922	0
Kirthua	33	445	270086	789697	0
Kirti	12	460	313307	774614	0
Kirti Bigha	4	106	248364	856553	0
Kirti Chak	4	581	253403	857518	0
Kirti ki Garhiya	19	459	266502	783109	0
Kirtia	33	622	282999	785203	0
Kirtiapur	33	659	272796	797975	0
Kirtiapur	33	312	279003	803222	0
Kirtigadde	15	59	144261	746014	0
Kirtikhera	33	698	258589	805816	0
Kirtikoppa	15	47	129227	783284	0
Kirtinagar	34	481	302154	787483	0
Kirtinagar	8	739	286533	771400	0
Kirtingia	25	373	201139	842079	0
Kirtipadu	1	195	156357	800274	0
Kirtipur	33	561	254537	824782	0
Kirtipur	33	561	255119	823827	0
Kirtipur	33	152	268304	825144	0
Kirtipur	35	347	242495	877466	0
Kirtipur	14	633	245718	878568	0
Kirtipur	35	452	240586	879718	0
Kirtipur	4	495	252162	853424	0
Kirtipura	28	463	273346	765513	0
Kirtipura	33	526	268574	782461	0
Kirtirayanigudem	1	103	167716	806908	0
Kirtitola	4	602	252748	878056	0
Kirtiya Ki Garhi	33	174	275573	778746	0
Kirto	14	673	240163	842613	0
Kirtodih	14	732	240893	857577	0
Kirtola	14	633	245432	875114	0
Kirtotoli	14	310	230825	842865	0
Kirtowal Kohna	27	250	312146	748879	0
Kirtpur	19	420	258002	776889	0
Kirtsinghpur	33	27	257320	833931	0
Kirtupur	33	27	256338	830925	0
Kirtupur	33	479	260569	831484	0
Kirtupur	33	516	259123	842554	0
Kirtutbla	4	117	243956	844589	0
Kirtwal Nau	27	250	311919	748912	0
Kiru	13	35	333378	759478	0
Kirudale	15	188	125409	758073	0
Kirugavalu	15	93	123735	769480	0
Kirumani	1	-1	132728	785107	0
Kirungakkottai	30	436	97295	784072	0
Kirungakottai	30	436	102249	784185	0
Kirur	15	97	133071	752253	0
Kirustunattam	30	159	128919	799146	0
Kirvale	15	77	156354	743790	0
Kirvale	15	77	155089	744612	0
Kirvasi	15	333	139982	749032	0
Kirvatti	15	59	150562	748468	0
Kirvatti	15	59	146433	750177	0
Kirvil	13	485	329536	743466	0
Kirwa	28	263	254989	732607	0
Kirwa Bigha	4	734	250814	848363	0
Kirwa ka Jhonpara	28	339	257121	756395	0
Kirwada	20	138	189100	771506	0
Kirwadurwari	6	374	222286	828768	0
Kirwaha	33	710	263420	793622	0
Kirwai	6	365	217037	817533	0
Kirwala Bera	28	210	277664	715695	0
Kirwani	33	102	241867	830640	0
Kirwar	33	196	248680	823883	0
Kirwar Kurha	4	106	246597	853421	0
Kirwara	28	429	267191	768942	0
Kirwara	19	324	241256	770067	0
Kirware ka Pura	19	323	258828	772264	0
Kirwari	28	463	278363	766508	0
Kirwas	12	348	328162	761254	0
Kirwil	33	102	240533	830347	0
Kirwil	33	102	240518	830605	0
Kiryada	20	185	210380	741985	0
Kiryal Khurd	13	559	325300	748391	0
Kiryanwala	27	3	304905	741510	0
Kiryaoli	33	613	283249	778980	0
Kiryaoli	33	613	286083	781228	0
Kiryaoli	33	613	282197	780304	0
Kiryari	33	613	284775	781571	0