Kottagudem	31	60	175511	806178	79819
Kottayam	16	261	95869	765213	55374
Kottangara	16	528	89241	766467	44402
Kottakkal	16	148	110009	760062	44382
Kottuvalli	16	173	101112	762463	42922
Kottaikuppam	30	197	119613	798392	31726
Kottarakara	16	528	90036	767738	29788
Kottaikadu	30	238	122556	799823	28172
Kottur	30	154	105365	769803	26627
Kotturu	15	352	148244	762201	26289
Kottappally	16	252	116127	756614	21169
Kottayam	16	256	118252	755478	19176
Kottaiyur	30	436	101096	787956	14766
Kottavalasa	1	176	178904	831907	14321
Kottapeta	31	62	173059	784910	12740
Kottaram	30	435	81188	775243	11055
Kottapalli	31	557	184954	790943	9899
Kottaikavundanpatti	30	51	117196	780685	7891
Kottapuram	16	232	106802	761939	6727
kotta palem	1	212	158575	801649	500
Kot Todar Mal	27	468	318439	754207	0
Kot Tuliari	34	692	299011	795753	0
Kotta	12	460	311708	774170	0
Kotta	25	305	187705	825121	0
Kotta	25	305	189286	826227	0
Kotta	15	333	142676	753220	0
Kotta	15	246	142136	766128	0
Kotta	16	148	109257	759269	0
Kotta	1	221	144244	787967	0
Kotta	30	192	122557	792288	0
Kotta Agiryal	31	62	170223	780563	0
Kotta Agraharam	1	453	183333	841167	0
Kotta Agraharam	1	219	174516	827910	0
Kotta Ajjada	1	194	186740	834888	0
Kotta Alagayapalem	1	6	151511	800479	0
Kotta Alugaon	31	90	189919	799251	0
Kotta Balavaram	1	258	176059	823881	0
Kotta Bangaranipeta	1	258	176840	823665	0
Kotta Bhavi	31	100	167372	789670	0
Kotta Bhimasingi	1	176	180354	832903	0
Kotta Chamalapalle	1	176	181073	832000	0
Kotta Chandragudem	6	577	179664	810244	0
Kotta Chinnamagudem	31	46	171624	806567	0
Kotta Chintampalle	1	25	172118	809244	0
Kotta Dummagudem	31	60	178453	808980	0
Kotta Ellavaram	1	219	176615	825618	0
Kotta Ellavaram	1	219	175857	825257	0
Kotta Errannapalle	1	224	153993	777744	0
Kotta Gadampalem	1	219	176474	824442	0
Kotta Galavilliurapupogiripeta	1	194	185512	836144	0
Kotta Gandhavaram	1	219	177564	829563	0
Kotta Gandigudem	1	25	169346	811436	0
Kotta Ganesapadu	31	60	172291	809066	0
Kotta Gokanakonda	1	10	159584	798758	0
Kotta Gorrigadda	1	219	178452	826875	0
Kotta Gudibanda	31	241	169554	799732	0
Kotta Hanumantarayanipalle	1	224	151951	777496	0
Kotta Ibrahimpatnam	1	103	165979	805137	0
Kotta Idara	1	195	158855	798048	0
Kotta Jaderu	1	258	174818	819605	0
Kotta Kalidindi	1	25	165059	812993	0
Kotta Kannavaram	31	46	176916	810713	0
Kotta Kindra	1	258	176034	821847	0
Kotta Kodivalasa	1	176	185527	836525	0
Kotta Kolkunde	31	203	175593	778648	0
Kotta Kollimarla	1	308	161159	804760	0
Kotta Kombu	16	249	102038	772572	0
Kotta Kondapuram	1	228	158761	777323	0
Kotta Kota	30	215	127254	779683	0
Kotta Kotakonda	25	-1	189049	837680	0
Kotta Krishnapuram	1	219	178829	827244	0
Kotta Kristnapuram	1	99	143276	771241	0
Kotta Kuchinapudi	1	212	159435	807397	0
Kotta Kunkam	1	453	183063	837195	0
Kotta Kuriminayudupeta	1	453	182148	838428	0
Kotta Lakshimipuram	31	46	177194	810565	0
Kotta Lakshmipuram	1	219	176799	826260	0
Kotta Machnur	20	138	187633	778058	0
Kotta Maddirala	1	10	160951	800937	0
Kotta Makkenavaripalem	1	195	159014	798533	0
Kotta Mallayapalem	1	212	160354	800297	0
Kotta Mamidigondi	1	25	173169	816123	0
Kotta Manabolupalem	1	219	173983	827063	0
Kotta Mandigam	25	-1	189237	837627	0
Kotta Mudicherla	1	25	169437	810965	0
Kotta Nandayapalem	1	212	159486	805396	0
Kotta Narasapuram	15	-1	138924	774130	0
Kotta Nayakampalle	1	259	171086	820371	0
Kotta Olab	1	219	180086	828984	0
Kotta Padi	1	258	176416	823924	0
Kotta Panamela	31	229	186592	802276	0
Kotta Pandillapalle	1	212	157600	802881	0
Kotta Pattipalli	31	32	177009	779632	0
Kotta Polavaram	1	259	174107	822952	0
Kotta Polavaram	1	219	174040	827981	0
Kotta Purwa	33	645	261509	798965	0
Kotta Pusalamuru	1	307	164295	814633	0
Kotta Putrela	1	103	170256	807167	0
Kotta Rajupalem	1	25	169118	813034	0
Kotta Ramavaram	1	258	173115	819304	0
Kotta Ravutupeta	1	453	182014	837558	0
Kotta Rayudupalem	31	46	171385	806689	0
Kotta Repudi	1	103	169582	806963	0
Kotta Sivaram	1	426	140318	770242	0
Kotta Somnur	20	134	187340	802497	0
Kotta Supaka	31	90	190073	799106	0
Kotta Tanda	31	178	179718	791819	0
Kotta Tarlagura	6	80	186123	803687	0
Kotta Tummalapalle	1	68	165254	810100	0
Kotta Upkali	1	68	158974	810207	0
Kotta Uppal	31	61	181815	794890	0
Kotta Uppalapadu	1	195	155997	801179	0
Kotta Vangividu	31	46	169760	803486	0
Kotta Vantaram	1	194	185375	835187	0
Kotta Varanasi	25	243	188451	838840	0
Kotta Vayal	16	233	118106	760970	0
Kotta Velagada	1	176	181614	832368	0
Kotta Vemulapalle	1	176	181376	832008	0
Kotta Yerraboinpalle	31	46	171380	805303	0
Kottaaruru	1	207	133430	796549	0
Kottabaggam	1	176	182995	832921	0
Kottabhagam	16	234	94423	764273	0
Kottabhata	25	349	193438	836040	0
Kottaburuzu	1	224	153265	777014	0
Kottaburuzupalle	1	195	153311	788673	0
Kottachattram	1	6	149384	800574	0
Kottachattram	1	6	149481	800611	0
Kottachcheri	30	257	109159	792870	0
Kottachennampalle	1	426	138416	776973	0
Kottacherlopalle	1	195	158550	792133	0
Kottacheruvu	1	426	141859	777693	0
Kottacheruvu	1	307	166284	813596	0
Kottacheruvu	1	426	142539	779262	0
Kottacheruvu	1	45	138606	797518	0
Kottachinnajalalpuram	1	99	148191	776821	0
Kottachinnapalle	1	426	140864	780001	0
Kottachinnapalli	1	207	129439	784901	0
Kottad	16	173	100523	762687	0
Kottada	1	258	173577	818989	0
Kottadabalu	1	176	178956	831838	0
Kottadal	30	5	96298	788722	0
Kottadantenam	31	60	177867	808798	0
Kottadindulu	1	307	163518	815915	0
Kottadippatti	30	183	103526	777022	0
Kottadoddi	15	50	162809	774835	0
Kottadoddi	15	352	147498	765337	0
Kottagaddavuru	1	207	128214	784462	0
Kottagai	30	264	99778	781848	0
Kottagakkaduvalatteruvu	30	254	105475	793056	0
Kottagal	15	74	123429	762336	0
Kottagal	15	74	119926	764208	0
Kottagala	15	74	121672	769523	0
Kottagam	25	305	189579	826298	0
Kottagam	25	305	189111	826578	0
Kottagam	25	305	186345	828670	0
Kottagam	30	257	105571	795642	0
Kottagam	30	193	105583	790065	0
Kottagam	30	257	104869	796127	0
Kottaganda	25	349	192181	833185	0
Kottagappatti	30	193	105510	790933	0
Kottagaram	30	192	125782	794845	0
Kottagarappalli	30	215	126076	779688	0
Kottagat	31	61	180893	797071	0
Kottagattu	31	557	182629	793363	0
Kottagere	15	97	135670	761902	0
Kottagiri	30	114	114527	767852	0
Kottagode Madaka	31	100	166356	793689	0
Kottagonda Palli	30	215	127295	777790	0
Kottaguda	31	62	174222	780924	0
Kottaguda	31	128	171361	788988	0
Kottaguda	31	32	176547	782589	0
Kottaguda	31	62	172290	783953	0
Kottaguda	31	271	196248	786780	0
Kottaguda	6	80	189244	802907	0
Kottaguda	6	80	189129	803028	0
Kottaguda	6	80	188061	805243	0
Kottaguda	6	80	185515	809318	0
Kottaguda	1	258	182821	829466	0
Kottaguda	25	349	195218	833046	0
Kottaguda	25	108	186378	821629	0
Kottaguda	25	108	184821	822953	0
Kottaguda	25	349	194165	833156	0
Kottaguda	25	349	193000	832797	0
Kottaguda	25	305	190250	832868	0
Kottaguda	25	349	191958	834454	0
Kottaguda	25	349	193472	837064	0
Kottaguda	25	305	188371	827199	0
Kottaguda	1	194	190424	836799	0
Kottaguda	6	577	184351	811634	0
Kottaguda	25	243	190057	838416	0
Kottaguda	25	305	188115	830651	0
Kottaguda	1	194	188474	837354	0
Kottaguda	1	194	189435	837139	0
Kottaguda	1	194	189951	837765	0
Kottaguda	1	194	187956	837690	0
Kottaguda	25	243	189337	838896	0
Kottaguda	1	194	187459	837758	0
Kottaguda	1	453	187146	838438	0
Kottaguda	1	194	186191	838728	0
Kottaguddem	31	730	179195	800520	0
Kottagudem	31	218	180719	804634	0
Kottagudem	31	271	194943	783200	0
Kottagudem	31	271	193594	782545	0
Kottagudem	31	100	170819	791505	0
Kottagudem	31	100	171516	791416	0
Kottagudem	31	241	172950	794998	0
Kottagudem	31	100	170382	793082	0
Kottagudem	31	100	170001	794342	0
Kottagudem	31	241	173981	796355	0
Kottagudem	31	241	171809	798608	0
Kottagudem	31	100	168843	792434	0
Kottagudem	31	100	167387	792255	0
Kottagudem	31	241	169418	797822	0
Kottagudem	31	241	167570	799903	0
Kottagudem	31	241	172941	797958	0
Kottagudem	31	178	178218	792296	0
Kottagudem	31	271	196200	783558	0
Kottagudem	31	229	186075	803193	0
Kottagudem	31	229	185959	803019	0
Kottagudem	1	258	174094	817187	0
Kottagudem	31	218	181480	806803	0
Kottagudem	31	60	181221	806676	0
Kottagudem	31	60	180212	808336	0
Kottagudem	1	25	168526	813662	0
Kottagudem	1	87	169348	813332	0
Kottagudem	1	25	168317	814303	0
Kottagudem	1	219	174882	824318	0
Kottagudem	1	103	170555	807412	0
Kottagudem	31	60	179056	808970	0
Kottagudem	31	60	179923	808580	0
Kottagudem	31	60	178231	809327	0
Kottagudem	1	25	170903	809082	0
Kottagudem	31	60	172339	808777	0
Kottagudem	1	25	171136	809298	0
Kottagudem	1	103	168319	806320	0
Kottagudem	1	25	169378	809237	0
Kottagudem	1	68	162609	808639	0
Kottagudem	6	577	183353	811552	0
Kottagudem	25	243	189988	838404	0
Kottagudem	31	46	176174	810364	0
Kottagudem	1	25	170432	811443	0
Kottagudem	25	108	178324	814369	0
Kottagudem	31	46	176085	812714	0
Kottagudem	31	46	175360	812895	0
Kottagudem	1	25	170073	813496	0
Kottagudem	20	110	195449	791846	0
Kottagudem	31	241	167349	797926	0
Kottagudem Tanda	31	241	169426	797737	0
Kottagudi	30	189	100789	772623	0
Kottagudi	30	436	96985	787754	0
Kottagudi	30	5	95281	787784	0
Kottagudi Muttanad	30	189	100846	772488	0
Kottagummu	1	258	181294	827737	0
Kottagundavaripalle	1	221	143922	781747	0
Kottagundumala	1	426	139299	772019	0
Kottagura	6	80	187254	803186	0
Kottaguriki	30	215	125843	780043	0
Kottahalli	15	422	136228	778970	0
Kottai	15	69	122449	771462	0
Kottai	30	109	123499	781513	0
Kottai	30	192	124722	796978	0
Kottai	30	51	116070	778410	0
Kottai	30	204	111266	778092	0
Kottai	30	257	103808	794932	0
Kottai	30	223	112230	781617	0
Kottai Agraharam	30	215	125753	776673	0
Kottai Cholappadi	30	51	118957	778532	0
Kottai Mulanur	30	227	107978	776716	0
Kottaidagali	1	6	142334	799753	0
Kottaihatti	30	215	125454	778608	0
Kottaikagam	16	234	92450	765410	0
Kottaikattur	30	204	114482	775038	0
Kottaikkadu	30	254	104651	794089	0
Kottaikkadu	30	436	102536	786378	0
Kottaikkadu	30	193	103524	789849	0
Kottaikkadu	30	5	97373	787517	0
Kottaikkadu	30	193	104047	790830	0
Kottaikkadu	30	254	104299	791967	0
Kottaikkadu	30	254	103191	792478	0
Kottaikkadu	30	109	119256	784899	0
Kottaikkagam	16	234	92651	764798	0
Kottaikkaranpatti	30	427	107421	782535	0
Kottaikkaranpatti	30	193	106058	786789	0
Kottaikkarappatti	30	183	102400	781567	0
Kottaikkariyampatti	30	260	104108	784443	0
Kottaikkarunkulam	30	186	83462	777503	0
Kottaikkavundanpatti	30	51	117082	780826	0
Kottaikkupiram Mekku	16	528	90978	765137	0
Kottaikudi	30	436	99265	787625	0
Kottaimalam	30	204	117565	773235	0
Kottaimangalam	30	227	106607	772694	0
Kottaimedu	30	223	114349	777110	0
Kottaimedu	30	260	109850	783395	0
Kottaimedu	30	5	94232	782283	0
Kottaimettupatti	30	118	94357	777266	0
Kottaimuttuppalaiyam	30	227	109345	772955	0
Kottainattampatti	30	264	99845	783975	0
Kottaindlu	1	207	128231	784447	0
Kottaindlu	1	207	127340	783706	0
Kottaipalaiyam	30	154	111467	770175	0
Kottaipalaiyam	30	260	112589	784900	0
Kottaipaluvanji	30	260	104693	784324	0
Kottaipatti	30	183	101533	777315	0
Kottaiperai	30	236	90215	771842	0
Kottaippalaiyam	30	223	114531	780491	0
Kottaippalaiyam	30	223	113702	780744	0
Kottaippallam	30	193	105694	787444	0
Kottaippattanam	30	193	99755	791955	0
Kottaippatti	30	183	103065	781126	0
Kottaippatti	30	183	104374	783034	0
Kottaippatti	30	193	105619	788190	0
Kottaippatti	30	436	99519	784458	0
Kottaippatti	30	183	104403	778307	0
Kottaippatti	30	183	102982	779274	0
Kottaippatti	30	264	97816	777363	0
Kottaippatti	30	264	98718	777305	0
Kottaippattipallakkudi	30	118	95156	776165	0
Kottaisirapatnam	30	257	104409	794951	0
Kottaisukapalaiyam	1	45	136959	799615	0
Kottaitanpalaiyam	30	260	109558	786230	0
Kottaiteru	30	186	86787	774826	0
Kottaitirumalaichettipudur	30	154	111434	770205	0
Kottaitteruvu	30	254	106023	791836	0
Kottaitturai	30	183	104123	780726	0
Kottaivalapatti	30	186	87319	773881	0
Kottaivalasu	30	227	109666	777503	0
Kottaivali	30	183	104150	777015	0
Kottaivayal	30	436	99270	787658	0
Kottaivur	30	180	125498	785410	0
Kottaiyadi	30	186	88274	777987	0
Kottaiyanpatti	30	260	104733	783438	0
Kottaiyanur	30	180	124321	785867	0
Kottaiyapatti	30	193	102768	787125	0
Kottaiyiruppu	30	436	101109	785536	0
Kottaiyur	30	109	122702	779407	0
Kottaiyur	30	109	122739	781506	0
Kottaiyur	30	109	121729	781879	0
Kottaiyur	30	180	124653	784774	0
Kottaiyur	30	109	121001	782672	0
Kottaiyur	30	180	125570	785345	0
Kottaiyur	30	180	125366	785465	0
Kottaiyur	30	180	127003	786045	0
Kottaiyur	30	180	125939	786371	0
Kottaiyur	30	184	128726	789779	0
Kottaiyur	30	192	120883	789988	0
Kottaiyur	30	192	121560	786508	0
Kottaiyur	30	51	115607	777491	0
Kottaiyur	30	51	119161	777572	0
Kottaiyur	30	254	109685	793576	0
Kottaiyur	30	257	107866	794133	0
Kottaiyur	30	118	96498	777001	0
Kottaiyur	30	183	103195	783362	0
Kottaiyur	30	193	102576	787901	0
Kottaiyur	30	436	95809	786628	0
Kottaiyur	30	376	116617	791640	0
Kottaiyur	30	109	119846	782649	0
Kottaiyur	30	260	111580	785519	0
Kottaiyurnattambadi	30	436	95881	786662	0
Kottakachivur	30	118	96476	783709	0
Kottakadamalakunta	1	99	149709	773343	0
Kottakalava	1	45	136063	795410	0
Kottakalluru	1	195	159490	794702	0
Kottakapubasti	31	62	171244	783475	0
Kottakarayampatti	30	260	105567	783860	0
Kottakarra	1	176	183789	834776	0
Kottakattanpatti	30	193	105556	785009	0
Kottakaval	30	159	128126	797204	0
Kottakavundanpalaiyam	30	223	114059	778392	0
Kottakhandriga	1	207	132526	796946	0
Kottakhandriga	30	220	132352	795226	0
Kottakhandrika	1	45	137754	797191	0
Kottakhandrika	1	45	137057	797300	0
Kottakhandrika	1	45	137707	799532	0
Kottakhandrika	1	45	134120	797551	0
Kottakindapalle	1	99	150069	774506	0
Kottakindipalem	1	6	149535	800196	0
Kottakiralam	30	220	132418	795120	0
Kottakkadu	1	45	133849	798248	0
Kottakkadu	30	51	117737	785803	0
Kottakkagam	16	528	89893	765463	0
Kottakkakamseri	16	528	89179	765982	0
Kottakkalinala	16	211	87109	767294	0
Kottakkalpalaiyam	30	223	112679	780116	0
Kottakkara	16	253	107857	763675	0
Kottakkarai	30	197	120117	797991	0
Kottakkarai	30	118	97206	782285	0
Kottakkaraippatti	30	427	105680	781539	0
Kottakkaraipudur	30	118	97262	782278	0
Kottakkaraiyanpatti	30	260	105828	784042	0
Kottakkattuvalasu	30	204	111162	778322	0
Kottakki	1	176	185147	832357	0
Kottakkudi	30	436	98938	787797	0
Kottakkudi	30	5	96903	789370	0
Kottakkurichi	30	201	84166	780177	0
Kottakolakunta	1	221	148398	784342	0
Kottakolani	30	192	123133	792369	0
Kottakollurupad	1	6	151666	799965	0
Kottakonda	20	134	198434	803978	0
Kottakonda	25	108	180136	816667	0
Kottakondatola	20	134	198558	803933	0
Kottakota	1	219	177513	827004	0
Kottakota	1	190	136573	782625	0
Kottakota	1	194	187359	836571	0
Kottakota	1	453	182810	837152	0
Kottakota	1	453	185041	839007	0
Kottakota	1	195	156816	800474	0
Kottakota	1	426	142397	779402	0
Kottakota	15	422	139192	778486	0
Kottakota	1	99	150528	771560	0
Kottakota	1	228	158692	778111	0
Kottakota	1	224	152888	777673	0
Kottakota	1	207	133761	786593	0
Kottakota	1	195	153188	788575	0
Kottakota	1	207	134071	791102	0
Kottakota	1	207	131343	792056	0
Kottakota	1	99	149607	773202	0
Kottakotatippa	1	307	163924	816024	0
Kottakotavandlapalli	15	422	137612	780546	0
Kottakotta	30	215	123667	783946	0
Kottakrishnapalli	30	215	127385	781455	0
Kottakudi	30	264	99749	783499	0
Kottakudi	30	436	98567	784762	0
Kottakudi	30	5	94563	784823	0
Kottakulam	30	215	122361	783919	0
Kottakulam	30	264	99655	782309	0
Kottakundapalem	1	426	139546	770692	0
Kottakunta Tanda	31	448	162542	784744	0
Kottakuntapalle	1	221	147830	783856	0
Kottakuntapalli	31	448	162841	784997	0
Kottakuppam	30	220	132516	801261	0
Kottakuppam	30	184	129005	788814	0
Kottakuruvalli	15	44	156719	769717	0
Kottal	31	447	176892	787019	0
Kottala	1	99	146596	777680	0
Kottala	1	99	151571	773431	0
Kottala	1	228	157425	779420	0
Kottala	1	228	154852	779668	0
Kottala	1	99	150842	779668	0
Kottala	1	99	146754	771630	0
Kottala	1	99	147249	771336	0
Kottala	1	224	155706	782168	0
Kottala	1	228	156539	781650	0
Kottala	1	224	153738	780909	0
Kottala	1	224	154407	781776	0
Kottala	1	221	147856	784102	0
Kottala	1	224	156484	782729	0
Kottala	1	221	149230	785932	0
Kottala	1	224	153414	786095	0
Kottala	1	224	154637	785157	0
Kottala	1	224	150682	785086	0
Kottala	1	221	150046	789704	0
Kottalachampalle	1	221	150137	789495	0
Kottalachinta	15	44	157247	770153	0
Kottalaguda	25	349	193370	836677	0
Kottalagudem	31	100	170362	792400	0
Kottalakavu	16	528	89457	765926	0
Kottalakhandrika	1	45	136349	799933	0
Kottalam	1	426	140178	773038	0
Kottalam	30	109	124380	781099	0
Kottalam	30	376	116899	790126	0
Kottalangudi	30	193	100499	789979	0
Kottalapalle	1	99	148662	775287	0
Kottalapalle	1	99	147129	776247	0
Kottalapalle	1	99	149655	778498	0
Kottalapalle	1	426	142557	778726	0
Kottalapalle	1	99	150158	772199	0
Kottalapalle	1	221	148076	783400	0
Kottalapalle	1	224	153640	785802	0
Kottalapalle	1	99	150251	778775	0
Kottalapalli	1	6	148519	792438	0
Kottalapuram	31	100	168336	791749	0
Kottalgi	20	-1	169390	753127	0
Kottali	1	219	175142	827935	0
Kottali	30	201	89080	778416	0
Kottalingareddipalem	1	6	145631	798017	0
Kottalipada	25	305	186612	824859	0
Kottaliput	25	305	186391	824195	0
Kottalnadama	31	61	181428	794316	0
Kottalu	15	44	153947	766425	0
Kottalu	1	221	143356	782250	0
Kottalur	31	100	168138	792182	0
Kottalur	30	51	118857	780266	0
Kottaluru	1	10	161310	798050	0
Kottaluttu	30	189	99772	776081	0
Kottalvadi	15	69	118150	768251	0
Kottam	1	258	181497	827828	0
Kottam	1	207	127996	783491	0
Kottam	30	436	97801	782479	0
Kottam	30	436	97802	782072	0
Kottam Agraharam	1	176	180938	832311	0
Kottamadakki	30	118	93151	777315	0
Kottamadam	30	186	86597	773795	0
Kottamakunti	30	215	126993	780331	0
Kottamalai	16	253	110718	766604	0
Kottamalapalle	1	190	137213	783602	0
Kottamanahalli	30	109	120562	781351	0
Kottamandur	30	220	132438	795658	0
Kottamangala	15	47	131689	783201	0
Kottamangalam	16	253	107429	768079	0
Kottamangalam	30	223	111715	778803	0
Kottamangalam	30	257	107603	794219	0
Kottamangalam	30	257	105571	796039	0
Kottamangalam	30	230	108830	797999	0
Kottamangalam	30	260	107714	786432	0
Kottamangalam	30	260	108908	788607	0
Kottamangalam	30	193	102474	789335	0
Kottamangalam	30	436	101933	788089	0
Kottamangalam	30	5	95620	788797	0
Kottamangalam	30	197	119314	794165	0
Kottamangalam	30	193	103254	790363	0
Kottamangalappatti	30	193	105175	787825	0
Kottamarikuppam	30	184	128852	787737	0
Kottamarikuppam	30	220	134486	799759	0
Kottamarudur	30	197	119956	791951	0
Kottamattipalaiyam	30	204	111986	776661	0
Kottambakkam	30	197	118879	796288	0
Kottamballi	16	528	91149	765349	0
Kottambath	16	233	116382	761730	0
Kottamedu	30	238	127207	801120	0
Kottamedu	30	51	117102	778806	0
Kottamedu	30	51	115661	779873	0
Kottamedu	30	264	100282	780852	0
Kottamedu	30	427	109251	784123	0
Kottamedu	30	201	90267	782376	0
Kottamedu	26	191	119094	797539	0
Kottamedu	30	197	119727	798375	0
Kottamedu	30	51	118136	780486	0
Kottametpudur	30	204	111832	777740	0
Kottametta	25	108	184642	820639	0
Kottametta	25	108	183353	816917	0
Kottametta	25	108	180481	816613	0
Kottamgadda	31	100	166014	790823	0
Kottamguda	25	108	185145	822770	0
Kottamgunte	15	47	131407	783190	0
Kottammapadu	25	305	184704	830174	0
Kottamodu	30	376	118984	792013	0
Kottamolluru	1	6	143123	800776	0
Kottamottur	30	158	131212	795329	0
Kottampalaiyam	30	223	113852	779510	0
Kottampalaiyam	30	427	109267	779875	0
Kottampalaiyam	30	427	108064	779066	0
Kottampalem	1	258	174662	821210	0
Kottampalli	15	422	138418	780917	0
Kottampatti	30	264	102203	783766	0
Kottampatti	30	109	121897	782749	0
Kottampatti	30	154	106105	769954	0
Kottampatti	30	427	108147	782829	0
Kottampatti	30	193	106748	789327	0
Kottampatti	30	436	99803	785857	0
Kottampatti	30	183	104068	779149	0
Kottampatti	30	183	103833	779973	0
Kottampatti	30	223	113104	780710	0
Kottampatti	30	260	111153	785703	0
Kottampatti	30	260	110662	785081	0
Kottampatti	30	154	106705	770194	0
Kottampattur	16	232	107391	762470	0
Kottamramnayuduvalasa	1	194	187562	834887	0
Kottamuddalagudem	1	25	170318	812684	0
Kottamudumala	1	228	158743	777615	0
Kottamuttampalaiyam	30	227	106756	774222	0
Kottamvandlapalle	1	190	137824	783353	0
Kottamvaripalli	1	221	146387	790899	0
Kottanagatta	15	652	128285	764856	0
Kottanahalli	15	93	126269	770280	0
Kottanakallu	15	352	150547	759230	0
Kottanakkavaripalem	1	6	143917	801052	0
Kottanalli	30	114	114869	768945	0
Kottanallur	16	216	91358	767246	0
Kottanampalaiyam	30	223	111341	780332	0
Kottanampatti	30	109	121153	785319	0
Kottanapalle	1	258	181691	827284	0
Kottanapura	15	69	121301	772813	0
Kottanattam	30	183	107486	780931	0
Kottanattam	30	201	91061	781846	0
Kottanayakkanpalaiyam	30	204	113742	774658	0
Kottanayakkanpattipudur	30	51	119518	782337	0
Kottanchedu	30	51	117905	782745	0
Kottandairuppu	30	254	107302	792295	0
Kottandavadi	30	192	125104	793123	0
Kottanemalipuri	1	10	164548	799320	0
Kottangaduguda	1	194	186811	837543	0
Kottangudi	30	254	110182	793455	0
Kottangudi	30	254	109120	794704	0
Kottangudi	30	257	106999	795227	0
Kottangudi	30	257	106417	796468	0
Kottangudi	30	230	106104	796604	0
Kottangudi	30	254	108193	792159	0
Kottangudi	30	201	84436	778380	0
Kottangudi	30	175	113333	795712	0
Kottangudi	30	175	113932	797065	0
Kottangudi	30	198	110053	795910	0
Kottangudi	30	198	110300	797249	0
Kottanhalli	15	74	119276	765675	0
Kottanikkottai	30	436	100148	788463	0
Kottankal	30	192	122432	790216	0
Kottankallur	30	51	118221	780265	0
Kottankudi	30	436	99859	788674	0
Kottankulam	30	118	94695	776046	0
Kottankulam	30	436	97815	783089	0
Kottankulam	30	5	95781	784712	0
Kottankulam	30	5	92567	783868	0
Kottankulam	30	5	92229	786138	0
Kottankulamcheri	30	435	81940	774827	0
Kottanpatti	30	193	106534	790234	0
Kottanpatti	30	264	101020	783674	0
Kottantalam	30	236	87023	773592	0
Kottantavadi	30	192	123253	792079	0
Kottanur	30	180	124263	787070	0
Kottanur	30	227	109033	775559	0
Kottanur	30	227	108443	775886	0
Kottanur	30	227	108472	775868	0
Kottanur	30	175	115981	791042	0
Kottanur	30	175	115256	791832	0
Kottanur	30	197	118367	793636	0
Kottanur	30	175	115042	789844	0
Kottanvadi	15	69	118272	768394	0
Kottapadi	16	233	116458	760414	0
Kottapadi	16	173	101034	765784	0
Kottapadu	31	60	178427	808467	0
Kottapadu	1	194	186527	831488	0
Kottapahad	31	241	172372	797630	0
Kottapakalu	1	258	178895	819729	0
Kottapakalu	1	258	174730	817615	0
Kottapalaiyam	30	215	126020	776394	0
Kottapalaiyam	1	45	136222	795213	0
Kottapalaiyam	1	45	137373	797740	0
Kottapalaiyam	1	45	136248	799599	0
Kottapalaiyam	30	51	116190	778604	0
Kottapalaiyam	30	227	108908	773052	0
Kottapalavilai	30	201	84807	779678	0
Kottapalem	1	212	158857	808027	0
Kottapalem	1	258	174258	820200	0
Kottapalem	1	258	179130	823063	0
Kottapalem	1	258	179090	824393	0
Kottapalem	1	258	177585	823953	0
Kottapalem	1	219	176943	824791	0
Kottapalem	1	259	174361	824950	0
Kottapalem	1	307	164486	815920	0
Kottapalem	1	10	164871	800381	0
Kottapalem	1	258	179931	827040	0
Kottapalem	1	219	176019	827505	0
Kottapalem	1	10	160696	802114	0
Kottapalem	1	308	161685	803785	0
Kottapalem	1	68	167780	805164	0
Kottapalem	1	308	162517	806911	0
Kottapalem	1	176	181526	831281	0
Kottapalem	1	176	182135	832630	0
Kottapalem	1	176	179689	831648	0
Kottapalem	1	195	154904	800128	0
Kottapalem	1	212	157084	802454	0
Kottapalem	1	212	156760	802464	0
Kottapalem	1	195	153730	801191	0
Kottapalem	1	6	149978	800537	0
Kottapalem	1	6	148373	800631	0
Kottapalem	1	212	158144	804198	0
Kottapalem	1	212	159017	804475	0
Kottapalem	1	212	158819	804205	0
Kottapalem	1	212	158731	804575	0
Kottapalem	1	212	159022	805423	0
Kottapalem	1	6	143145	800835	0
Kottapalem	1	6	143401	800986	0
Kottapalem	1	45	141501	800423	0
Kottapalem	1	45	140660	800491	0
Kottapalem	1	45	140390	801139	0
Kottapalem	1	10	162140	798240	0
Kottapalem	1	10	160126	796087	0
Kottapalem	1	10	165790	798757	0
Kottapalem	1	195	150991	793954	0
Kottapalem	1	195	156192	796479	0
Kottapalem	1	195	153996	796704	0
Kottapalem	1	195	153278	797014	0
Kottapalem	1	10	159454	798172	0
Kottapalem	1	195	157372	798685	0
Kottapalem	1	6	147125	799574	0
Kottapalem	1	6	145072	799826	0
Kottapaliam	16	253	107176	767906	0
Kottapalle	1	221	143673	783582	0
Kottapalle	1	219	179078	829016	0
Kottapalle	1	195	160606	792573	0
Kottapalle	1	87	172918	818940	0
Kottapalle	31	272	170172	776526	0
Kottapalle	1	258	174126	816390	0
Kottapalle	31	60	180417	808317	0
Kottapalle	1	25	169634	810372	0
Kottapalle	1	258	176325	820608	0
Kottapalle	1	258	174048	822111	0
Kottapalle	1	258	176963	823181	0
Kottapalle	1	259	173286	823357	0
Kottapalle	1	259	172517	824210	0
Kottapalle	1	25	166877	814917	0
Kottapalle	1	103	170245	807008	0
Kottapalle	1	10	166696	801167	0
Kottapalle	1	219	178922	827147	0
Kottapalle	1	219	177711	829676	0
Kottapalle	1	219	176349	829179	0
Kottapalle	25	108	186312	820077	0
Kottapalle	1	103	169588	805182	0
Kottapalle	25	108	185931	819962	0
Kottapalle	25	108	181848	819797	0
Kottapalle	1	194	186765	835331	0
Kottapalle	1	453	182411	837296	0
Kottapalle	1	219	179462	830130	0
Kottapalle	1	212	160016	806435	0
Kottapalle	1	25	170013	813089	0
Kottapalle	25	108	178240	815513	0
Kottapalle	1	10	164335	798270	0
Kottapalle	1	10	163160	799129	0
Kottapalle	1	426	143549	773559	0
Kottapalle	1	426	143427	774956	0
Kottapalle	1	426	141594	773929	0
Kottapalle	1	426	140148	774380	0
Kottapalle	1	99	149649	775595	0
Kottapalle	1	99	148989	775726	0
Kottapalle	1	99	147849	775987	0
Kottapalle	1	99	146606	776558	0
Kottapalle	1	99	146630	775530	0
Kottapalle	1	99	145494	775446	0
Kottapalle	1	426	141758	776403	0
Kottapalle	1	426	140426	775437	0
Kottapalle	1	426	140162	775938	0
Kottapalle	1	426	140061	777323	0
Kottapalle	1	426	141143	777493	0
Kottapalle	1	99	149041	778039	0
Kottapalle	1	99	148887	779006	0
Kottapalle	1	99	147113	779509	0
Kottapalle	1	426	145607	778002	0
Kottapalle	1	426	142428	777957	0
Kottapalle	1	426	141532	779832	0
Kottapalle	1	426	139422	774308	0
Kottapalle	1	426	139704	777233	0
Kottapalle	1	426	138019	775307	0
Kottapalle	1	426	139566	778064	0
Kottapalle	1	426	138738	778004	0
Kottapalle	1	426	138490	779554	0
Kottapalle	1	426	139776	779116	0
Kottapalle	1	99	146087	768019	0
Kottapalle	1	228	153350	775454	0
Kottapalle	1	228	152825	776469	0
Kottapalle	1	228	155937	778090	0
Kottapalle	1	224	153748	778371	0
Kottapalle	1	99	150300	778122	0
Kottapalle	1	99	151100	779715	0
Kottapalle	1	99	150220	779313	0
Kottapalle	1	99	146464	773098	0
Kottapalle	1	99	146665	773917	0
Kottapalle	1	10	164829	793994	0
Kottapalle	1	195	160813	793784	0
Kottapalle	1	224	153732	780399	0
Kottapalle	1	224	152320	781645	0
Kottapalle	1	221	147835	782750	0
Kottapalle	1	221	149147	783186	0
Kottapalle	1	221	148892	784968	0
Kottapalle	1	224	152687	784293	0
Kottapalle	1	224	151357	783241	0
Kottapalle	1	224	150176	786134	0
Kottapalle	1	224	152382	785820	0
Kottapalle	1	195	155830	789357	0
Kottapalle	1	221	150733	789356	0
Kottapalle	1	221	148805	781228	0
Kottapalle	1	221	147758	780850	0
Kottapalle	1	221	146605	781335	0
Kottapalle	1	99	145927	780176	0
Kottapalle	1	221	145201	781817	0
Kottapalle	1	221	143892	781824	0
Kottapalle	1	426	142706	781910	0
Kottapalle	1	426	142783	782054	0
Kottapalle	1	426	141274	780876	0
Kottapalle	1	426	141746	781138	0
Kottapalle	1	426	140807	780448	0
Kottapalle	1	426	140996	782241	0
Kottapalle	1	426	140748	782272	0
Kottapalle	1	426	140638	781275	0
Kottapalle	1	426	140403	781388	0
Kottapalle	1	426	140261	781898	0
Kottapalle	1	221	148928	789406	0
Kottapalle	1	221	148441	787833	0
Kottapalle	1	221	148392	787869	0
Kottapalle	1	221	148574	789111	0
Kottapalle	1	221	147549	788963	0
Kottapalle	1	221	146969	787582	0
Kottapalle	1	221	146843	787865	0
Kottapalle	1	221	147205	788231	0
Kottapalle	1	221	145013	788947	0
Kottapalle	1	221	145922	787898	0
Kottapalle	1	221	144302	787597	0
Kottapalle	1	221	143928	788194	0
Kottapalle	1	221	143951	788028	0
Kottapalle	1	190	141415	788030	0
Kottapalle	1	190	140740	787604	0
Kottapalle	1	426	139485	781721	0
Kottapalle	1	426	138534	781444	0
Kottapalle	1	190	137266	782219	0
Kottapalle	1	190	136882	781442	0
Kottapalle	1	190	135924	782156	0
Kottapalle	1	426	139874	782851	0
Kottapalle	1	426	139876	783230	0
Kottapalle	1	190	139308	784323	0
Kottapalle	1	190	138794	784097	0
Kottapalle	1	190	139028	783237	0
Kottapalle	1	190	138542	783328	0
Kottapalle	1	190	138595	782922	0
Kottapalle	1	190	138367	782809	0
Kottapalle	1	190	137885	783655	0
Kottapalle	1	190	138303	783740	0
Kottapalle	1	190	137795	784308	0
Kottapalle	1	190	137919	784841	0
Kottapalle	1	190	137235	783897	0
Kottapalle	1	190	136862	784116	0
Kottapalle	1	190	136989	784290	0
Kottapalle	1	190	136764	784812	0
Kottapalle	1	190	136952	784710	0
Kottapalle	1	190	136652	783313	0
Kottapalle	1	190	135383	784928	0
Kottapalle	1	207	134193	786358	0
Kottapalle	1	207	134205	787157	0
Kottapalle	1	207	133659	786196	0
Kottapalle	1	207	133498	787294	0
Kottapalle	1	207	131766	786137	0
Kottapalle	1	207	131120	786066	0
Kottapalle	1	195	158076	792412	0
Kottapalle	1	195	154000	789445	0
Kottapalle	1	221	144852	785613	0
Kottapalle	1	426	142239	783234	0
Kottapalle	1	426	141810	783051	0
Kottapalle	1	426	141497	784095	0
Kottapalle	1	190	140763	784541	0
Kottapalle	1	221	144322	786326	0
Kottapalle	1	190	142927	787354	0
Kottapalle	1	221	141975	785227	0
Kottapalle	1	221	142434	785341	0
Kottapalle	1	190	141605	786098	0
Kottapalle	1	190	141736	787152	0
Kottapalle	1	190	140068	785558	0
Kottapalle	1	195	155119	791230	0
Kottapalle	1	195	152306	790133	0
Kottapalle	1	195	154069	790171	0
Kottapalle	1	195	152767	790437	0
Kottapalle	1	195	151159	791713	0
Kottapalle	1	195	158151	794901	0
Kottapalle	1	195	156004	794510	0
Kottapalle	1	195	156618	794702	0
Kottapalle	1	195	152063	794773	0
Kottapalle	1	195	152290	794501	0
Kottapalle	1	195	156729	796857	0
Kottapalle	1	195	151916	795880	0
Kottapalle	1	195	154656	795200	0
Kottapalle	1	195	153839	795235	0
Kottapalle	1	195	153472	795676	0
Kottapalle	1	195	152834	795544	0
Kottapalle	1	195	150767	796043	0
Kottapalle	1	195	154775	792848	0
Kottapalle	1	195	154731	792911	0
Kottapalle	1	195	154615	793601	0
Kottapalle	1	195	153898	792538	0
Kottapalle	1	195	152909	793684	0
Kottapalle	1	195	153135	794913	0
Kottapalle	1	6	149966	796008	0
Kottapalle	1	207	132985	792484	0
Kottapalle	1	224	159479	785460	0
Kottapalle	1	195	160214	793126	0
Kottapalle	1	426	142262	780312	0
Kottapalle	1	426	141620	780030	0
Kottapalle	1	426	138895	780088	0
Kottapalle	1	190	137315	782666	0
Kottapalle	1	190	136978	782657	0
Kottapalle	1	221	144147	783203	0
Kottapalle	1	426	141158	782705	0
Kottapalle	1	426	140197	783949	0
Kottapalle	1	195	157396	792353	0
Kottapalle	1	195	157460	791883	0
Kottapallevandlapalli	1	45	137781	791206	0
Kottapalli	31	62	173751	781192	0
Kottapalli	6	577	183537	813027	0
Kottapalli	20	134	190935	798799	0
Kottapalli	31	717	186116	792305	0
Kottapalli	31	717	186825	792292	0
Kottapalli	31	717	187255	791737	0
Kottapalli	31	717	187303	791760	0
Kottapalli	31	90	189105	796604	0
Kottapalli	31	90	187889	797156	0
Kottapalli	31	90	189616	797895	0
Kottapalli	31	90	188883	798955	0
Kottapalli	31	229	186629	798691	0
Kottapalli	31	229	185895	799338	0
Kottapalli	31	75	185385	778093	0
Kottapalli	31	32	181161	778999	0
Kottapalli	31	272	164869	773825	0
Kottapalli	31	272	168371	776953	0
Kottapalli	31	272	167556	775376	0
Kottapalli	31	272	166186	776219	0
Kottapalli	31	272	164378	776569	0
Kottapalli	31	203	169267	779597	0
Kottapalli	31	100	170287	792288	0
Kottapalli	31	178	179285	792859	0
Kottapalli	31	178	178519	793239	0
Kottapalli	31	100	173260	793380	0
Kottapalli	31	241	173749	795063	0
Kottapalli	31	100	165910	790359	0
Kottapalli	31	241	174229	797513	0
Kottapalli	31	306	167559	782381	0
Kottapalli	31	448	162962	783625	0
Kottapalli	31	448	163800	785447	0
Kottapalli	31	448	163608	788046	0
Kottapalli	31	178	176469	792300	0
Kottapalli	31	160	192484	789644	0
Kottapalli	31	58	181988	780434	0
Kottapalli	31	386	181671	781724	0
Kottapalli	31	386	180498	781557	0
Kottapalli	31	386	180516	780741	0
Kottapalli	31	75	189110	783732	0
Kottapalli	31	75	187111	783452	0
Kottapalli	31	222	182589	785854	0
Kottapalli	31	557	186100	789982	0
Kottapalli	31	63	186378	789337	0
Kottapalli	31	63	186749	789636	0
Kottapalli	20	134	187129	800976	0
Kottapalli	31	229	186628	800469	0
Kottapalli	6	80	187033	805871	0
Kottapalli	6	80	188365	807784	0
Kottapalli	15	422	138937	779532	0
Kottapalli	15	422	137614	779373	0
Kottapalli	15	422	138568	778628	0
Kottapalli	31	63	188801	791596	0
Kottapalli	31	90	189227	792468	0
Kottapalli	31	295	159575	775499	0
Kottapalli	31	557	182986	791675	0
Kottapalli	31	90	188888	794732	0
Kottapalli	31	90	188702	794048	0
Kottapalli	31	717	187027	793727	0
Kottapalli	31	717	185519	794049	0
Kottapalli	31	557	183845	794076	0
Kottapalli	31	61	180834	793884	0
Kottapalli	31	717	184362	795532	0
Kottapalli	31	100	166787	796004	0
Kottapalli	30	215	125985	777181	0
Kottapalli	30	215	125903	777333	0
Kottapalli	15	422	138241	780658	0
Kottapalli	15	422	137821	780911	0
Kottapalli	15	422	134626	781607	0
Kottapalli	15	47	132444	783431	0
Kottapalli	15	47	135780	783222	0
Kottapalli	15	47	134568	782616	0
Kottapalli	15	47	133115	782988	0
Kottapalli	15	47	130195	783920	0
Kottapalli	15	47	130558	784603	0
Kottapalli	30	215	128346	778325	0
Kottapalli	30	215	127205	779000	0
Kottapalli	30	215	126276	778680	0
Kottapalli	30	215	125533	779376	0
Kottapalli	30	215	124540	778378	0
Kottapalli	1	207	127947	782917	0
Kottapalli	1	207	128095	784753	0
Kottapalli	1	207	127140	784028	0
Kottapalli	30	215	124461	783008	0
Kottapalli	30	215	124456	777401	0
Kottapalli	1	221	149884	790368	0
Kottapalli	1	221	147396	790177	0
Kottapalli	1	6	149792	791999	0
Kottapalli	1	221	149073	790375	0
Kottapalli	1	221	148522	790131	0
Kottapalli	1	6	148469	792403	0
Kottapalli	1	221	147672	790417	0
Kottapalli	1	221	148122	790651	0
Kottapalli	1	221	147146	790771	0
Kottapalli	1	221	145778	790968	0
Kottapalli	1	221	143098	790193	0
Kottapalli	1	221	144113	790313	0
Kottapalli	1	190	143610	791946	0
Kottapalli	1	190	142235	790959	0
Kottapalli	1	190	142471	791847	0
Kottapalli	1	190	142115	791936	0
Kottapalli	1	190	141350	792165	0
Kottapalli	1	190	143022	792703	0
Kottapalli	1	190	140428	792872	0
Kottapalli	1	6	141306	797146	0
Kottapalli	1	6	146875	799874	0
Kottapalli	1	45	138220	790283	0
Kottapalli	1	45	137251	791597	0
Kottapalli	1	45	137064	791995	0
Kottapalli	1	45	136987	791572	0
Kottapalli	1	45	136206	791354	0
Kottapalli	1	45	136471	791360	0
Kottapalli	1	45	136271	790987	0
Kottapalli	1	207	135576	790099	0
Kottapalli	1	45	135118	790405	0
Kottapalli	1	45	134595	791641	0
Kottapalli	1	207	133815	791380	0
Kottapalli	1	207	133760	790905	0
Kottapalli	1	207	133536	790216	0
Kottapalli	1	207	132971	790317	0
Kottapalli	1	207	132606	790378	0
Kottapalli	1	207	131785	790186	0
Kottapalli	1	207	131746	790817	0
Kottapalli	1	207	131146	791187	0
Kottapalli	1	207	131229	791055	0
Kottapalli Tanda	31	100	165893	790315	0
Kottapaluvayi	1	10	165411	795032	0
Kottapanapakkam	1	-1	132235	797409	0
Kottapatam	1	195	154462	801660	0
Kottapatam	1	45	141210	801177	0
Kottapatnam	1	219	177794	826975	0
Kottapatnam	1	219	177481	825866	0
Kottapatnam	1	219	174406	828999	0
Kottapattapupalem	1	45	140738	801350	0
Kottapatti	30	260	106647	784212	0
Kottapatti	30	264	99840	782408	0
Kottapatti	30	436	99209	783316	0
Kottapatti	30	183	103718	779415	0
Kottapattu	30	5	94280	784954	0
Kottapayla	15	47	130014	783062	0
Kottapenta	1	219	179059	830000	0
Kottapenta	1	207	131519	790348	0
Kottapet	31	386	180910	779496	0
Kottapet	31	306	167968	779608	0
Kottapet	31	346	190540	786918	0
Kottapet	31	144	162533	780931	0
Kottapet	31	62	169857	783669	0
Kottapet	31	100	171822	795102	0
Kottapet	31	222	184185	789724	0
Kottapet	31	90	189952	791033	0
Kottapet	31	63	187759	792009	0
Kottapet	1	228	155871	775523	0
Kottapet	31	717	185564	793275	0
Kottapet	31	61	180271	796531	0
Kottapeta	1	293	167167	819000	0
Kottapeta	1	190	141109	789543	0
Kottapeta	31	386	178205	783302	0
Kottapeta	31	63	186266	787409	0
Kottapeta	31	63	187025	789526	0
Kottapeta	31	218	182265	805258	0
Kottapeta	1	25	165560	812207	0
Kottapeta	1	259	172324	821879	0
Kottapeta	1	25	168062	813147	0
Kottapeta	1	258	177867	822566	0
Kottapeta	1	307	164895	817133	0
Kottapeta	1	10	166755	800716	0
Kottapeta	1	219	174625	829098	0
Kottapeta	25	349	192055	834228	0
Kottapeta	1	176	182358	834295	0
Kottapeta	1	176	183072	835389	0
Kottapeta	1	176	182965	835776	0
Kottapeta	1	176	184508	835920	0
Kottapeta	1	176	180451	836126	0
Kottapeta	1	453	187705	838544	0
Kottapeta	1	453	187597	839735	0
Kottapeta	1	453	185418	839375	0
Kottapeta	1	194	185931	839059	0
Kottapeta	1	453	183973	837546	0
Kottapeta	1	453	182748	839066	0
Kottapeta	1	453	183791	838883	0
Kottapeta	1	453	182826	839706	0
Kottapeta	1	212	158202	803651	0
Kottapeta	1	212	159798	803788	0
Kottapeta	1	212	159011	804998	0
Kottapeta	31	46	176611	813790	0
Kottapeta	1	228	154007	775006	0
Kottapeta	31	557	182717	792826	0
Kottapeta	1	228	158371	780448	0
Kottapeta	1	224	154343	780019	0
Kottapeta	1	224	151587	782848	0
Kottapeta	1	221	147607	785196	0
Kottapeta	1	221	148853	786599	0
Kottapeta	1	426	139260	780769	0
Kottapeta	1	207	132333	787292	0
Kottapeta	30	215	125426	782065	0
Kottapeta	1	207	127442	783412	0
Kottapeta	1	221	142059	785169	0
Kottapeta	1	195	154462	791312	0
Kottapeta	1	6	150961	799080	0
Kottapeta	1	45	137192	791273	0
Kottapeta	1	45	139441	798826	0
Kottapete	15	47	134576	783300	0
Kottapetta	1	207	133129	795891	0
Kottapilli	1	258	181406	826266	0
Kottapiram	16	173	101266	763079	0
Kottapolavalasa	1	453	184223	839721	0
Kottappadam	16	253	107819	760955	0
Kottappadi	16	233	115690	761299	0
Kottappadi	26	-1	109189	797393	0
Kottappalaiyam	30	227	109435	775589	0
Kottappalaiyam	30	223	110745	781182	0
Kottappalem	1	219	175491	828793	0
Kottappalli	16	234	93215	763825	0
Kottappampalaiyam	30	427	107924	778042	0
Kottappana	16	234	94098	764636	0
Kottappatti	30	109	119837	786704	0
Kottappatti	30	215	122730	783462	0
Kottappatti	30	215	124047	784911	0
Kottappatti	30	118	96063	776716	0
Kottappatti	30	118	93107	776371	0
Kottappatti	30	427	109164	780386	0
Kottappatti	30	427	109199	784021	0
Kottappatti	30	427	107067	784474	0
Kottappatti	30	260	105008	784350	0
Kottappatti	30	264	100964	783615	0
Kottappatti	30	436	100991	784997	0
Kottappatti	30	427	106702	778497	0
Kottappatti	30	189	99948	775028	0
Kottappatti	30	189	99514	776017	0
Kottappattu	30	260	107601	786000	0
Kottappattu	30	260	107739	787121	0
Kottappattu	30	193	106569	786349	0
Kottappudiyapalaiyam	30	227	107168	774983	0
Kottappulippatti	30	427	107868	782166	0
Kottappulli	30	183	104351	778769	0
Kottappuram	30	118	95646	777438	0
Kottapulippatti	30	183	102046	781532	0
Kottapuliyur	30	109	120521	783591	0
Kottapuliyur	30	109	120580	783519	0
Kottapundi	30	197	123787	792983	0
Kottapuram	16	232	102031	762059	0
Kottapuram	16	253	109405	764205	0
Kottapurinattam	30	197	119346	796649	0
Kottaput	1	258	181997	827604	0
Kottaput	1	258	182441	825179	0
Kottaput	1	258	180472	826593	0
Kottaputtu	1	258	182922	824374	0
Kottaputtur	30	376	117640	787067	0
Kottapuvandi	30	436	98430	782838	0
Kottapuvvada	1	10	159599	798211	0
Kottar	30	435	81733	774377	0
Kottara	16	528	89135	767413	0
Kottara	6	676	203885	813395	0
Kottarai	30	255	111770	789813	0
Kottarajupalem	1	45	140518	798578	0
Kottarakkat	16	148	112836	762849	0
Kottarakkudi	30	257	107422	795956	0
Kottarakkudi	30	230	108162	797325	0
Kottarakkunnu	30	255	113541	786702	0
Kottarakkurichchi	30	201	86421	780408	0
Kottarakonam	16	211	86873	768995	0
Kottarakuppam	30	175	116441	793657	0
Kottarallupalli	30	215	126688	779758	0
Kottaram	16	234	94896	763443	0
Kottaram	16	211	87655	768709	0
Kottaram	30	435	81955	774290	0
Kottaram	30	435	82082	774503	0
Kottaram	30	175	113978	791754	0
Kottaramunipalle	1	426	141549	783989	0
Kottarappatti	30	109	120666	784111	0
Kottarappatti	30	215	121771	785055	0
Kottarappatti	30	254	107627	789390	0
Kottarassheri	16	253	106366	764379	0
Kottaravappatti	30	436	100742	785489	0
Kottaravipalli	1	45	135160	797338	0
Kottaravupeta	1	453	183849	841499	0
Kottarayapuram	1	224	153394	778095	0
Kottarazupalem	1	6	141489	797116	0
Kottareddipalem	1	212	158830	799718	0
Kottareddivandlapalle	1	190	138977	783785	0
Kottarega	1	176	184263	833002	0
Kottari	15	333	143334	751776	0
Kottari	30	436	101464	787942	0
Kottarkavu	16	234	92477	765456	0
Kottarpatti	30	189	101405	776998	0
Kottarpatti	30	227	108007	778239	0
Kottarpatti	30	227	108024	778087	0
Kottarpatti	30	183	104070	778697	0
Kottarput	1	258	181991	828465	0
Kottarupuram	1	176	184006	836430	0
Kottasai	25	349	194971	833189	0
Kottasamalapalle	1	426	138188	777184	0
Kottasheikallipalem	1	219	175833	828576	0
Kottatalaivanpatti	30	118	96086	777234	0
Kottathala	16	528	90248	767482	0
Kottathala Kizhakku	16	528	90238	767592	0
Kottatirumalapuram	31	60	179866	808028	0
Kottatora	16	253	111394	766873	0
Kottattai	30	254	108026	792034	0
Kottattai	30	175	114128	792185	0
Kottattaikuditteru	30	260	108262	786142	0
Kottattara	16	233	116752	759895	0
Kottattara	16	148	107953	759534	0
Kottatti	15	93	124720	768666	0
Kottattuppatti	30	183	105435	777937	0
Kottattur	16	148	107019	759746	0
Kottattur	30	260	111044	786737	0
Kottatturai	30	183	106201	774742	0
Kottattuvalavu	30	227	112602	774344	0
Kottatungapalem	1	45	141409	797960	0
Kottaturimerla	1	6	142722	797369	0
Kottaurapeta	1	453	182840	837605	0
Kottauru	1	258	181153	827723	0
Kottauru	31	46	171947	808346	0
Kottauru	1	258	180847	824858	0
Kottauru	1	258	180761	826004	0
Kottauru	1	258	181061	826340	0
Kottauru	1	258	181200	826042	0
Kottavadi	30	51	116806	784316	0
Kottavadiyam	15	47	135804	782248	0
Kottavakkam	30	159	129502	797237	0
Kottavalasa	1	258	183242	828627	0
Kottavalasa	25	305	184623	828435	0
Kottavalasa	25	305	184427	828751	0
Kottavalasa	25	305	184327	828667	0
Kottavalasa	1	258	184073	828779	0
Kottavalasa	25	305	184867	829666	0
Kottavalasa	25	305	183816	829188	0
Kottavalasa	1	258	181342	829140	0
Kottavalasa	1	258	181751	829334	0
Kottavalasa	25	-1	190020	833988	0
Kottavalasa	1	258	181697	826331	0
Kottavalasa	1	258	181312	827290	0
Kottavalasa	25	305	185373	829753	0
Kottavalasa	1	194	186466	831426	0
Kottavalasa	25	305	185966	830094	0
Kottavalasa	1	194	186045	831101	0
Kottavalasa	25	305	185248	830255	0
Kottavalasa	1	194	186233	831606	0
Kottavalasa	1	194	186995	831555	0
Kottavalasa	1	194	185590	831701	0
Kottavalasa	25	305	183885	830149	0
Kottavalasa	1	194	184946	830898	0
Kottavalasa	1	258	182667	831082	0
Kottavalasa	1	258	183252	831032	0
Kottavalasa	1	194	183456	830887	0
Kottavalasa	1	194	184847	831228	0
Kottavalasa	1	194	183740	831770	0
Kottavalasa	1	194	184243	831445	0
Kottavalasa	1	258	182360	830052	0
Kottavalasa	1	194	187818	834368	0
Kottavalasa	1	194	188930	834447	0
Kottavalasa	1	194	188633	834142	0
Kottavalasa	1	194	187001	833235	0
Kottavalasa	1	176	182036	832734	0
Kottavalasa	1	176	184283	833454	0
Kottavalasa	1	176	180331	833179	0
Kottavalasa	1	194	189372	835627	0
Kottavalasa	1	176	186433	835754	0
Kottavalasa	1	194	186580	837230	0
Kottavalasa	1	176	184326	836333	0
Kottavalasa	1	453	184524	838863	0
Kottavandlapalem	1	25	164968	812792	0
Kottavandlapalle	1	190	136999	781285	0
Kottavanipalem	1	176	179138	831480	0
Kottavanipeta	1	453	181768	838377	0
Kottavanivalasa	1	194	187712	834780	0
Kottavaram	1	25	171052	813705	0
Kottavaripalem	1	212	160822	800441	0
Kottavaripalle	1	426	139198	780630	0
Kottavaripalle	1	190	134972	784290	0
Kottavaripalli	1	190	141330	792187	0
Kottavasal	30	175	113892	794468	0
Kottavasal	30	254	110071	793830	0
Kottavasal	30	257	109238	796580	0
Kottavasal	30	255	112066	790848	0
Kottavasal	30	175	113361	795883	0
Kottavasal	30	236	89967	771682	0
Kottavekatapuram	1	207	131642	792576	0
Kottavengambatti	30	436	101368	784135	0
Kottavengupalle	1	228	157997	780776	0
Kottavenkatapuram	1	426	144494	778068	0
Kottavidi	1	258	178590	821928	0
Kottavilai	30	435	81376	774992	0
Kottavirapuram	1	45	136561	796056	0
Kottavudiyam	1	190	136188	783111	0
Kottavur	1	45	141602	800402	0
Kottavur	30	180	125241	784729	0
Kottavur	30	180	125265	784562	0
Kottavur	1	6	152162	799503	0
Kottavur	1	6	142707	799281	0
Kottavur	1	6	142570	798674	0
Kottavuru	1	25	168209	813938	0
Kottavuru	1	258	179457	824045	0
Kottavuru	1	219	176836	825876	0
Kottavuru	1	219	176956	827280	0
Kottavuru	1	219	176826	827028	0
Kottavuru	1	258	179685	827814	0
Kottavuru	1	219	179663	828722	0
Kottavuru	1	219	176382	828374	0
Kottavuru	1	308	163908	806880	0
Kottavuru	1	176	180904	831385	0
Kottavuru	1	176	180988	832484	0
Kottavuru	1	176	180289	832657	0
Kottavuru	1	219	179169	830527	0
Kottavuru	1	219	178732	830098	0
Kottavuru	1	426	141300	774586	0
Kottavuru	1	190	136201	784452	0
Kottavuru	15	47	132661	784850	0
Kottavuru	1	207	131290	785334	0
Kottavuru	1	195	156038	796067	0
Kottavuru	1	195	156187	796338	0
Kottavuru	1	10	159572	797670	0
Kottavuru	1	10	159045	797634	0
Kottavuru	1	6	144714	796225	0
Kottavuru	1	6	144166	795118	0
Kottavuru	1	207	131486	790371	0
Kottavuru	1	45	138075	795484	0
Kottavuru	1	45	136413	796196	0
Kottavuru	1	45	138326	798019	0
Kottaya	16	253	107714	765289	0
Kottayad	16	256	120072	754542	0
Kottayadi	30	230	104978	798385	0
Kottayam	16	216	92157	768157	0
Kottayam	16	528	89068	765795	0
Kottayam	30	183	105576	776219	0
Kottayambram	16	252	117000	756218	0
Kottayampalaiyam	30	376	117948	793099	0
Kottayappatti	30	118	96569	777384	0
Kottayat	16	233	117535	760180	0
Kottayendulur	1	190	134454	783763	0
Kottayeruvaripalle	1	195	153468	795697	0
Kottayi	1	207	126504	784454	0
Kottayi	30	180	125984	785166	0
Kottayil	16	234	92552	764109	0
Kottayil Tekku	16	234	92523	764128	0
Kottayiyur	30	215	123378	785254	0
Kottaymodu	30	198	112329	796708	0
Kottayur	30	109	122678	779021	0
Kottayur	30	215	123741	781813	0
Kottayur	30	109	123160	782024	0
Kottayur	30	109	122960	782250	0
Kottayur	30	109	120818	781065	0
Kottayur	30	220	129940	798649	0
Kottayur	30	427	106857	779224	0
Kottebail	15	97	136314	754638	0
Kottebarandur	30	215	126298	777971	0
Kottebarandur	30	215	126259	777885	0
Kottegudda	15	50	159588	772938	0
Kottekad	16	232	105705	761897	0
Kottekkad	16	253	107982	766907	0
Kottekop	15	59	142487	747914	0
Kottekoppa	15	333	136847	753176	0
Kottekoppa	15	603	123695	774833	0
Kottekulam	16	253	105333	764709	0
Kottendal	30	5	92213	785804	0
Kotter	6	80	187879	809567	0
Kotteri	30	175	115841	793772	0
Kotteriyankuppam	30	175	115368	794370	0
Kotteydoddi	15	603	124061	774682	0
Kotteyur	30	215	122823	776227	0
Kottguddalayalasa	1	194	187663	832737	0
Kotti	12	514	308625	772914	0
Kotti	12	348	324772	762267	0
Kottidi	1	258	173009	817742	0
Kottigatipalli	1	221	143040	790604	0
Kottigehalli	15	97	132668	760306	0
Kottigehalu	15	97	137099	758642	0
Kottigenahalli	15	422	133850	780305	0
Kottigudem	6	577	183908	816185	0
Kottimangalam	30	238	126150	800839	0
Kottimunda	16	233	116792	761452	0
Kottipoda	25	423	200268	846103	0
Kottipuram	30	51	117773	780704	0
Kottirappatti	30	193	105305	785786	0
Kottirappatti	30	260	107892	788402	0
Kottirru	1	258	178429	820420	0
Kottirth	20	138	191326	772749	0
Kottisa	1	176	186106	835812	0
Kottitimmanahalli	1	426	139224	770552	0
Kottiyal	30	369	110988	793233	0
Kottiyala	15	55	126199	752421	0
Kottiyam	16	528	88657	766700	0
Kottiyampadugai	30	254	109115	793550	0
Kottiyampundi	30	197	120325	795011	0
Kottiyana	16	294	124839	751063	0
Kottiyarkottai	30	5	95717	788832	0
Kottiyod	30	435	82979	773247	0
Kottkota	1	307	163956	815419	0
Kottodaippatti	30	189	100584	777078	0
Kottodogonda	25	373	200737	843567	0
Kottoli	15	188	121932	757673	0
Kottoppadam	16	253	109948	763998	0
Kottru	1	99	150037	779590	0
Kottu	12	604	312533	769496	0
Kottubailu	1	190	134666	784274	0
Kottubendarahalli	30	215	122675	783334	0
Kottubendarahalli	30	215	123063	783675	0
Kottuchcheri	26	437	109584	798248	0
Kottuganta	25	349	194768	832642	0
Kottugumada	1	194	186680	836055	0
Kottukad	16	528	89875	765504	0
Kottukal	16	528	88974	769048	0
Kottukaranpatti	30	215	122310	785791	0
Kottukkadu	30	204	114541	772513	0
Kottukkarampatti	30	193	106251	788906	0
Kottukunnam	16	211	87004	768937	0
Kottuli	16	252	112703	758014	0
Kottumaranahalli	30	109	122806	781622	0
Kottumbe	16	294	125467	752086	0
Kottumulai	30	175	114499	794473	0
Kottumuttipalaiyam	30	227	110296	772043	0
Kottumuttuppatti	30	193	103056	787631	0
Kottupadu	25	349	194204	833471	0
Kottupadu	25	349	191503	835540	0
Kottupakkam	30	192	124609	794193	0
Kottupatta	16	148	111106	761072	0
Kottuppallampalaiyam	30	204	114388	773830	0
Kottuppati	30	227	112416	773863	0
Kottuppulli	30	5	96432	788098	0
Kottuputtu	25	305	185748	827002	0
Kottur	6	80	186192	803730	0
Kottur	30	257	106139	795611	0
Kottur	30	201	92302	780474	0
Kottur	31	62	170923	784686	0
Kottur	31	717	186574	792379	0
Kottur	31	90	189547	796519	0
Kottur	31	203	171513	776931	0
Kottur	31	346	190449	782218	0
Kottur	31	730	175601	798780	0
Kottur	31	46	172351	799005	0
Kottur	31	46	171077	799968	0
Kottur	31	271	196532	784006	0
Kottur	31	346	192254	788169	0
Kottur	31	75	188860	781445	0
Kottur	31	229	186302	801924	0
Kottur	20	134	187736	802669	0
Kottur	31	218	185351	803700	0
Kottur	1	258	180837	826906	0
Kottur	1	194	187329	835742	0
Kottur	15	422	137302	776609	0
Kottur	15	422	135480	777007	0
Kottur	15	422	134805	776240	0
Kottur	15	422	134401	775292	0
Kottur	15	375	132037	777256	0
Kottur	15	43	130038	776696	0
Kottur	20	134	194002	799913	0
Kottur	31	90	189242	791960	0
Kottur	1	228	157045	772890	0
Kottur	16	252	114971	757819	0
Kottur	15	188	121154	759829	0
Kottur	15	422	137368	779340	0
Kottur	15	422	136045	778343	0
Kottur	15	422	135077	779406	0
Kottur	15	422	135482	778213	0
Kottur	15	422	133276	779775	0
Kottur	15	375	133263	777965	0
Kottur	15	422	132737	779048	0
Kottur	30	215	125256	777316	0
Kottur	1	224	153696	786170	0
Kottur	1	224	152456	785880	0
Kottur	15	47	133062	781522	0
Kottur	15	422	134518	780582	0
Kottur	15	422	134814	781528	0
Kottur	15	47	133764	782028	0
Kottur	15	47	134453	782851	0
Kottur	15	47	132618	783117	0
Kottur	15	47	132130	784460	0
Kottur	15	47	130584	782646	0
Kottur	15	47	130674	783266	0
Kottur	15	47	130476	783547	0
Kottur	15	47	132047	783125	0
Kottur	1	207	131667	786190	0
Kottur	30	215	127298	777994	0
Kottur	30	215	125025	777790	0
Kottur	30	215	127276	778841	0
Kottur	30	215	127069	778875	0
Kottur	30	215	125919	779385	0
Kottur	30	215	126016	779294	0
Kottur	30	215	126939	779350	0
Kottur	30	215	127425	779090	0
Kottur	30	215	126709	779603	0
Kottur	30	215	126648	779758	0
Kottur	30	215	123740	778812	0
Kottur	15	47	128464	780797	0
Kottur	15	47	128464	781351	0
Kottur	30	215	125950	781910	0
Kottur	30	215	125988	782395	0
Kottur	15	47	129780	782714	0
Kottur	15	47	129206	782997	0
Kottur	15	47	129115	783940	0
Kottur	15	47	129199	783792	0
Kottur	30	180	126136	784346	0
Kottur	30	215	126020	782801	0
Kottur	30	215	124108	782864	0
Kottur	30	215	124083	782771	0
Kottur	30	215	123854	782506	0
Kottur	30	180	125698	786222	0
Kottur	30	180	126280	786966	0
Kottur	30	184	129584	789230	0
Kottur	1	221	146681	790241	0
Kottur	1	221	145787	790970	0
Kottur	1	207	133619	790884	0
Kottur	1	207	133465	791098	0
Kottur	1	207	132855	792275	0
Kottur	1	207	131958	790499	0
Kottur	1	207	131982	790627	0
Kottur	1	207	131331	791453	0
Kottur	1	207	131954	792731	0
Kottur	1	207	131815	792630	0
Kottur	30	220	132367	795524	0
Kottur	30	159	129887	797937	0
Kottur	16	233	117323	760691	0
Kottur	16	233	116502	761646	0
Kottur	16	148	109889	760289	0
Kottur	16	528	89995	765636	0
Kottur	30	254	110440	794935	0
Kottur	30	254	108161	792522	0
Kottur	30	257	108199	793361	0
Kottur	30	257	109625	796828	0
Kottur	30	230	108575	796786	0
Kottur	30	260	109214	785348	0
Kottur	30	193	103227	787360	0
Kottur	30	436	99076	787920	0
Kottur	30	189	99038	774071	0
Kottur	15	92	140288	771533	0
Kottur	30	257	106832	795866	0
Kottur Kalanampatti	30	183	104922	779388	0
Kottur Tottam	30	257	106251	795529	0
Kottura	1	219	173974	826554	0
Kottureddigaripalle	1	190	137751	782614	0
Kotturguda	25	108	182064	819233	0
Kotturgudem	31	100	170489	791299	0
Kotturgudem	31	100	171252	794641	0
Kotturhalli	15	47	131473	782307	0
Kotturkonam	30	435	83527	772597	0
Kotturkota	15	47	131282	784439	0
Kotturnayinarkovil	30	436	99122	787878	0
Kotturpalli	31	90	191500	789869	0
Kotturpuram	30	199	130156	802467	0
Kotturu	1	453	187792	838836	0
Kotturu	31	60	173258	806140	0
Kotturu	31	32	176565	777654	0
Kotturu	31	144	162139	779327	0
Kotturu	1	10	165791	794498	0
Kotturu	31	306	166952	783133	0
Kotturu	31	218	184941	803416	0
Kotturu	31	218	183917	804510	0
Kotturu	31	218	182858	805848	0
Kotturu	31	218	183125	805309	0
Kotturu	1	25	173236	816169	0
Kotturu	1	87	172710	818403	0
Kotturu	1	87	172930	819067	0
Kotturu	31	60	180234	805729	0
Kotturu	31	60	180939	806554	0
Kotturu	31	218	181576	806196	0
Kotturu	31	60	180918	808035	0
Kotturu	31	60	180038	808787	0
Kotturu	1	25	168300	810624	0
Kotturu	1	25	168123	810310	0
Kotturu	1	258	179883	821096	0
Kotturu	1	25	167114	810591	0
Kotturu	1	258	175671	820610	0
Kotturu	1	25	165900	810408	0
Kotturu	1	68	165316	810809	0
Kotturu	1	25	166838	810844	0
Kotturu	1	259	171961	820284	0
Kotturu	1	259	170643	820444	0
Kotturu	1	259	170499	821190	0
Kotturu	1	259	171812	821145	0
Kotturu	1	258	179337	822871	0
Kotturu	1	258	178125	822943	0
Kotturu	1	258	179023	823776	0
Kotturu	1	258	177102	822624	0
Kotturu	1	219	175491	823483	0
Kotturu	1	219	176349	824426	0
Kotturu	1	219	175818	824521	0
Kotturu	1	259	172899	823239	0
Kotturu	1	259	174314	823924	0
Kotturu	1	259	174550	823996	0
Kotturu	1	259	174838	823576	0
Kotturu	1	259	174573	824504	0
Kotturu	1	259	173137	824594	0
Kotturu	1	259	172958	824752	0
Kotturu	1	87	169803	815477	0
Kotturu	1	307	167925	815017	0
Kotturu	1	87	169154	816979	0
Kotturu	1	307	168313	815884	0
Kotturu	1	103	170229	805944	0
Kotturu	1	103	170133	806642	0
Kotturu	1	103	170535	806634	0
Kotturu	1	103	170931	805999	0
Kotturu	1	103	170900	806349	0
Kotturu	31	46	171708	806855	0
Kotturu	31	46	171398	807315	0
Kotturu	31	46	170904	807151	0
Kotturu	31	60	178483	809731	0
Kotturu	31	60	175837	807855	0
Kotturu	31	46	175979	809892	0
Kotturu	31	60	175326	809554	0
Kotturu	31	46	171012	807536	0
Kotturu	1	10	165170	800560	0
Kotturu	1	258	179414	825318	0
Kotturu	1	258	179443	826050	0
Kotturu	1	219	179448	827264	0
Kotturu	1	219	177572	827413	0
Kotturu	1	219	175501	825990	0
Kotturu	1	219	177013	826302	0
Kotturu	1	10	164076	800035	0
Kotturu	1	219	173374	825795	0
Kotturu	1	219	173045	825696	0
Kotturu	1	219	174012	826202	0
Kotturu	1	219	174335	826282	0
Kotturu	1	219	174530	827156	0
Kotturu	1	219	179711	829237	0
Kotturu	1	219	175269	828231	0
Kotturu	1	219	175256	829016	0
Kotturu	1	219	175991	829858	0
Kotturu	1	219	174786	828968	0
Kotturu	1	103	167694	805236	0
Kotturu	25	349	193717	836869	0
Kotturu	25	108	182210	822620	0
Kotturu	1	258	182081	823496	0
Kotturu	1	103	166209	806208	0
Kotturu	1	258	180065	825483	0
Kotturu	1	258	180460	826445	0
Kotturu	1	258	180030	826291	0
Kotturu	1	25	168227	808104	0
Kotturu	1	25	167571	808309	0
Kotturu	1	25	168429	809181	0
Kotturu	25	349	190856	838006	0
Kotturu	1	258	182085	830774	0
Kotturu	1	219	180731	830293	0
Kotturu	1	176	181140	831424	0
Kotturu	1	176	183168	834694	0
Kotturu	6	577	178372	810145	0
Kotturu	1	194	186984	835377	0
Kotturu	1	194	187019	836397	0
Kotturu	1	453	183131	837124	0
Kotturu	31	46	176828	810656	0
Kotturu	1	194	186480	837698	0
Kotturu	1	453	185054	838688	0
Kotturu	31	46	175374	811610	0
Kotturu	31	46	175590	812155	0
Kotturu	1	176	184951	837929	0
Kotturu	1	453	184488	838732	0
Kotturu	1	453	182712	839519	0
Kotturu	31	60	172718	810730	0
Kotturu	1	176	179522	832091	0
Kotturu	1	25	170090	812059	0
Kotturu	31	46	176893	813111	0
Kotturu	31	46	175020	813011	0
Kotturu	31	46	174775	812801	0
Kotturu	1	25	173188	812526	0
Kotturu	1	99	144732	772998	0
Kotturu	1	426	144641	774322	0
Kotturu	1	426	143676	774206	0
Kotturu	1	426	140660	777145	0
Kotturu	1	99	146541	779947	0
Kotturu	15	422	138012	778710	0
Kotturu	15	352	146079	765731	0
Kotturu	15	246	142771	765745	0
Kotturu	15	246	140819	765935	0
Kotturu	1	99	148994	769115	0
Kotturu	1	228	153600	775493	0
Kotturu	1	228	152670	776096	0
Kotturu	1	228	155664	778895	0
Kotturu	1	99	145367	772039	0
Kotturu	1	99	144582	770990	0
Kotturu	1	99	143718	772450	0
Kotturu	16	256	118216	754524	0
Kotturu	15	44	154795	769533	0
Kotturu	1	10	166947	797761	0
Kotturu	1	224	153934	783523	0
Kotturu	15	47	135371	782348	0
Kotturu	15	47	131210	782193	0
Kotturu	1	190	135075	784305	0
Kotturu	1	190	136199	784419	0
Kotturu	1	190	133817	784673	0
Kotturu	1	190	133549	784812	0
Kotturu	1	190	133768	783827	0
Kotturu	1	207	130108	784730	0
Kotturu	1	207	134733	785462	0
Kotturu	1	207	134542	786746	0
Kotturu	1	207	134223	787215	0
Kotturu	1	207	134139	787167	0
Kotturu	1	207	133439	785542	0
Kotturu	1	207	133219	785071	0
Kotturu	1	-1	132859	785716	0
Kotturu	1	207	133207	786156	0
Kotturu	1	207	133650	786944	0
Kotturu	1	207	133501	786784	0
Kotturu	1	207	133030	786519	0
Kotturu	1	207	132727	786622	0
Kotturu	1	207	131557	785629	0
Kotturu	1	207	131028	785433	0
Kotturu	1	-1	130081	786869	0
Kotturu	1	207	128539	784376	0
Kotturu	1	221	143999	784952	0
Kotturu	1	195	155059	791672	0
Kotturu	1	190	144513	792867	0
Kotturu	1	207	132490	790068	0
Kotturu	1	207	131874	791533	0
Kotturu	1	207	132437	791577	0
Kotturu	30	184	130826	792423	0
Kotturu	30	184	130767	792179	0
Kotturu	1	207	130973	791659	0
Kotturu	1	207	131224	790107	0
Kotturu	1	207	133365	792533	0
Kotturu	1	207	133640	793982	0
Kotturu	1	207	134426	793354	0
Kotturu	30	220	131016	793298	0
Kotturu	1	207	132063	793760	0
Kotturu	30	220	131663	794300	0
Kotturu	1	45	136262	797350	0
Kotturu	1	207	133207	795800	0
Kotturu	30	220	132600	795043	0
Kotturu	1	207	133285	796086	0
Kotturu	30	220	131693	795322	0
Kotturu	1	45	133715	797557	0
Kotturu	15	47	135694	782688	0
Kotturu Basavapura	15	47	131122	781968	0
Kotturu Korsa Bodair	1	25	173126	813185	0
Kotturu Sairigam	1	453	183145	839983	0
Kotturukhandriga	30	220	132275	794662	0
Kotturupadu	1	258	173613	821296	0
Kotturupalli	15	422	136909	780165	0
Kottutturaippatti	30	436	100366	785804	0
Kottuvad	16	148	109731	761523	0
Kottuvallikad	16	173	101807	761939	0
Kottuvila	16	528	90027	766374	0
Kottuvilakudiyiruppu	30	435	81828	774921	0