Kumarapalayam	30	223	114450	777110	195071
Kumbakonam	30	254	109621	793912	167155
Kumbalangy	16	173	98798	762835	42367
Kumhari	6	275	212667	815167	38334
Kumta	15	59	144285	744189	36719
Kumbalam	16	173	99063	763113	29193
Kumarapuram	16	234	92708	764326	26943
Kumher	28	113	273166	773708	23540
Kumbhraj	19	324	243734	770484	19707
Kumarapalaiyam	30	204	115021	772555	15706
Kumarapuram	30	435	82922	773215	14728
Kumaralingam	30	227	104894	773499	13642
Kumaragiri	30	201	87452	780522	13344
Kumarghat	32	748	241597	920329	13054
Kumbalgod	15	43	128791	774465	10178
Kumbi	21	486	244328	938129	9546
Kumarmunda	25	262	223000	847833	9043
Kumar Kaibarta Gaon	3	433	267509	942365	8056
Kumaranellur	16	232	106696	762475	7553
Kumarpur	14	633	246813	878411	7153
Kumbhkot	28	357	246183	760008	6602
Kumsi	15	333	140546	753999	6468
Kumardubhi	35	-1	237420	867788	4832
Kumily	16	249	96251	771272	50
Kum	27	647	309160	760674	0
Kum	12	39	321144	758446	0
Kuma	28	23	248364	726547	0
Kuma ka Bas	28	120	272271	755902	0
Kuma ka Moara	10	170	232250	740018	0
Kuma Thok	33	654	264056	810826	0
Kuma'rakkavundanpalaiyam	30	427	107640	779086	0
Kumadasila	25	305	188321	830661	0
Kumadehi	19	142	222132	805312	0
Kumadih	4	505	244256	863802	0
Kumadpur	4	396	253984	871852	0
Kumagad	20	132	209620	775909	0
Kumaguda	31	46	171651	806290	0
Kumahgaon	19	311	227366	768620	0
Kumahra	12	604	308271	770783	0
Kumahrla	33	464	288977	786097	0
Kumahu	4	394	249656	839660	0
Kumai	35	473	270046	888228	0
Kumai	4	569	259896	862532	0
Kumai Kora	34	533	294404	798620	0
Kumain	33	575	263376	820477	0
Kumaingaon	34	589	299962	787792	0
Kumaitha	4	567	250479	860202	0
Kumaitha	4	396	251586	867158	0
Kumaiya	33	688	259240	821950	0
Kumaiya	4	136	257085	856193	0
Kumakheri	19	335	228056	748706	0
Kumal Kaila	12	39	323436	758278	0
Kumalanguli	30	369	113537	793246	0
Kumalda	34	481	303429	781384	0
Kumaldi	34	589	296775	788497	0
Kumaleshwar	34	413	298894	792346	0
Kumalguda	1	194	188430	838031	0
Kumali	30	436	97723	788726	0
Kumali Khera	34	430	308014	778323	0
Kumalo	25	683	213194	846106	0
Kumalpar	20	134	204728	804656	0
Kumalson	34	413	295015	798613	0
Kumalt	34	413	297147	794289	0
Kumalumpattu	30	197	121454	797848	0
Kuman	34	413	295557	795518	0
Kumana ka Kuan	28	288	281689	757227	0
Kumanadhapuram Agraharam	1	194	185863	835547	0
Kumandapeta	1	219	178980	826839	0
Kumandara	19	443	214752	781246	0
Kumandhanpeta	1	219	178680	828786	0
Kumandi	13	359	330934	751213	0
Kumang	25	349	191947	832592	0
Kumangaon	19	142	221753	802856	0
Kumani	30	436	98619	788028	0
Kumankurichchi	30	51	117850	786432	0
Kumanpalli	31	75	188963	782910	0
Kumanpalli	31	75	187942	784115	0
Kumantal	19	648	226827	770844	0
Kumanthapuram	30	236	91086	773539	0
Kumanur	30	154	110740	767772	0
Kumanuru	25	108	180168	819682	0
Kumaputtu	25	305	185258	826728	0
Kumar	13	1	336833	740833	0
Kumar	12	348	330219	764607	0
Kumar	33	623	270610	831120	0
Kumar	33	314	270433	831512	0
Kumar	25	290	218091	835703	0
Kumar	14	673	240713	841262	0
Kumar	4	505	249585	860035	0
Kumar	14	276	228421	852615	0
Kumar	4	636	258858	864142	0
Kumar Bazidpur	4	687	258253	855525	0
Kumar Bigha	4	117	248771	849568	0
Kumar Chak	4	727	254864	864740	0
Kumar Gadi	33	522	271278	817070	0
Kumar Garia	14	434	241515	861710	0
Kumar Khad	4	535	265918	862640	0
Kumar Mitti	13	477	324029	755212	0
Kumar Purwa	33	152	268820	827833	0
Kumar Sahi	4	396	252358	872954	0
Kumar Sanda	35	347	243055	879896	0
Kumar Thal	28	210	276416	718585	0
Kumara	19	16	241822	764862	0
Kumara Ettaiyapuram	30	201	89827	779139	0
Kumara Ettaiyapuram	30	201	92344	782057	0
Kumara Ettaiyapuram	30	201	92024	780003	0
Kumara Ettaiyapuram	30	201	91237	781329	0
Kumara Ettaiyapuram	30	201	91256	780712	0
Kumara Ettaiyapuram	30	201	90793	780727	0
Kumara ki Dhani	28	120	269583	755362	0
Kumara Park	15	43	129960	775829	0
Kumara Salur	15	97	135711	755498	0
Kumara Siralapakkam	30	220	133250	802390	0
Kumarachcheri	30	220	130202	798227	0
Kumarachittanpatti	30	201	92812	781414	0
Kumaradi	15	652	129272	757302	0
Kumaragam Tekkumbhagam	16	261	95780	764373	0
Kumaragiri	30	201	91075	780997	0
Kumaragudem	31	46	175455	811502	0
Kumaragunta	1	258	179625	826548	0
Kumaragunta	1	45	137739	796274	0
Kumarai	30	175	114604	791484	0
Kumarakattupadam	16	234	95808	763279	0
Kumarakavundanpalaiyam	30	204	112609	774706	0
Kumarakavundanpatti	30	223	112762	781905	0
Kumarakavundanur	30	427	109005	781598	0
Kumarakavundanvalasu	30	227	108039	776791	0
Kumarakavundanvalasu	30	183	106471	775824	0
Kumarakkavundanpudur	30	427	109220	778458	0
Kumarakkavundanur	30	427	109543	779791	0
Kumarakkavundanvalasu	30	204	112607	776513	0
Kumarakkavundanvalasu	30	427	109260	778306	0
Kumarakkudi	26	-1	109474	797307	0
Kumarakkudi	30	260	108922	786859	0
Kumarakkudi	30	254	108746	789743	0
Kumarakkurichi	30	5	93275	785815	0
Kumarakom	16	261	96000	764333	0
Kumarakudi	30	192	122208	791340	0
Kumarakudi	30	175	114175	795244	0
Kumarakudi	30	198	112507	796570	0
Kumarakunta	31	717	186535	792680	0
Kumarakunta	30	184	131182	792659	0
Kumarakuppam	30	197	119242	795789	0
Kumaralingapuram	30	201	92825	782332	0
Kumaram	1	176	180446	833280	0
Kumaram	1	176	183228	835350	0
Kumaram	30	264	100086	780933	0
Kumarama	25	373	201252	842862	0
Kumaramangalam	16	148	109195	759333	0
Kumaramangalam	30	223	113685	779289	0
Kumaramangalam	1	-1	133248	795373	0
Kumaramangalam	30	227	106319	773148	0
Kumaramangalam	30	175	114903	793860	0
Kumaramangalam	30	257	108345	793356	0
Kumaramangalam	30	254	109305	794602	0
Kumaramangalam	30	257	108273	794875	0
Kumaramangalam	30	254	109254	794700	0
Kumaramangalam	30	369	109671	791276	0
Kumaramangalam	30	427	109017	784638	0
Kumaramangalam	30	193	107141	787111	0
Kumaramangalam	30	436	99406	789198	0
Kumaramangalam	30	376	117083	792291	0
Kumaramangalam	30	197	118279	794498	0
Kumaramangalam	30	175	113973	797389	0
Kumaramangalam	30	198	111867	795472	0
Kumarampalaiyam	30	204	114654	775120	0
Kumarampatti	30	180	124740	784474	0
Kumarampatti	30	180	124111	785477	0
Kumarampatti	30	215	123344	785005	0
Kumarampatti	30	109	121754	785397	0
Kumarampatti	30	183	107599	780938	0
Kumarampatti	30	260	104914	782093	0
Kumaramputhur	16	253	109642	764404	0
Kumaramputtur	16	253	109936	764379	0
Kumaramugattukodi	16	528	89303	765737	0
Kumaran Nagar	30	199	131242	802811	0
Kumaranahalli	15	352	147389	760356	0
Kumaranahalli	15	246	140233	764098	0
Kumaranalliyampm	30	51	115137	779651	0
Kumaranallur	16	261	96176	765796	0
Kumaranayakkanpatti	30	183	107211	780419	0
Kumarandipalaiyam	30	223	113012	780066	0
Kumarandipalaiyam	30	223	112920	780026	0
Kumarandisavadi	30	227	110160	777294	0
Kumaranellur	16	253	107870	760465	0
Kumaraneri	30	5	93746	786082	0
Kumarangudi	30	254	110430	794003	0
Kumaranjeri	30	220	134170	801993	0
Kumarankali	30	5	97112	789110	0
Kumarankari	16	234	94569	764976	0
Kumarankudu	16	528	91006	769714	0
Kumaranur	16	253	106895	768445	0
Kumarapadu	25	305	184284	829243	0
Kumarapadu	1	6	144424	798736	0
Kumarapalaiyam	30	154	107398	769167	0
Kumarapalaiyam	30	154	112154	771034	0
Kumarapalaiyam	30	154	108681	769437	0
Kumarapalaiyam	30	204	113768	772669	0
Kumarapalaiyam	30	204	112877	773097	0
Kumarapalaiyam	30	227	112572	772789	0
Kumarapalaiyam	30	227	110253	774272	0
Kumarapalaiyam	30	223	114416	776907	0
Kumarapalaiyam	30	204	112133	775472	0
Kumarapalaiyam	30	204	112488	776933	0
Kumarapalaiyam	30	204	111291	775604	0
Kumarapalaiyam	30	204	111560	776311	0
Kumarapalaiyam	30	204	111161	776711	0
Kumarapalaiyam	30	223	115186	779780	0
Kumarapalaiyam	30	223	113610	779709	0
Kumarapalaiyam	30	223	113360	779561	0
Kumarapalaiyam	30	223	113064	778773	0
Kumarapalaiyam	30	204	111946	778055	0
Kumarapalaiyam	30	204	111471	778083	0
Kumarapalaiyam	30	427	110347	778032	0
Kumarapalaiyam	30	427	110115	778225	0
Kumarapalaiyam	30	154	108421	772029	0
Kumarapalaiyam	30	227	106679	772852	0
Kumarapalaiyam	30	227	106440	774016	0
Kumarapalaiyam	30	183	105848	774026	0
Kumarapalaiyam	30	427	108663	781254	0
Kumarapalaiyam	30	183	103357	780401	0
Kumarapalaiyam	30	227	108887	776865	0
Kumarapalaiyam	30	227	107689	775204	0
Kumarapalaiyam	30	227	107456	776093	0
Kumarapalaiyam	30	183	105811	777016	0
Kumarapalaiyam	30	260	108896	789327	0
Kumarapalaiyam	30	227	108486	777848	0
Kumarapalaiyam	30	227	107480	777661	0
Kumarapalaiyam	30	427	106880	779482	0
Kumarapalaiyam	30	427	106829	778395	0
Kumarapalaiyam	26	191	119884	796823	0
Kumarapalaiyam	30	197	119670	796595	0
Kumarapalaiyam	30	223	114255	781309	0
Kumarapalaiyam	30	223	110835	780675	0
Kumarapalaiyam	30	427	110829	780162	0
Kumarapalaiyam	30	51	117010	784422	0
Kumarapalaiyam	30	255	111572	789599	0
Kumarapalaiyam	30	204	112992	777626	0
Kumarapalaiyam	30	154	108507	770285	0
Kumarapalaiyam	30	427	109613	777712	0
Kumarapalaiyam Pudur	30	427	108593	781298	0
Kumarapalalyam	30	154	110573	771640	0
Kumarapalem	1	219	176071	829354	0
Kumarapalem	1	219	175414	829889	0
Kumarapalle	1	258	180293	821194	0
Kumarapalle	1	190	140452	788934	0
Kumarapalli	1	190	142458	791034	0
Kumarapalya	15	92	136321	772137	0
Kumarapannai Pacheri	30	201	86222	780871	0
Kumarapatti	30	260	106075	784419	0
Kumarapatti	30	193	105527	786587	0
Kumarapatti	30	193	106633	786169	0
Kumarapatti	30	193	102192	785120	0
Kumarapatti	30	436	101427	786459	0
Kumarapatti Pallakkudi	30	193	105450	786643	0
Kumaraperumanyila	30	435	80918	775019	0
Kumarapet	15	72	165102	767530	0
Kumarapettai	30	436	101475	784284	0
Kumarapommarazupuram	1	45	133541	795143	0
Kumarappareddichavadi	26	-1	118468	797349	0
Kumarappareddinattam	30	197	122361	796958	0
Kumarappatti	30	183	102612	782635	0
Kumarappatti	30	193	106320	788927	0
Kumarapuram	1	258	174714	822238	0
Kumarapuram	1	259	171017	822316	0
Kumarapuram	1	219	172759	825612	0
Kumarapuram	16	234	93241	764175	0
Kumarapuram	16	211	85121	769279	0
Kumarapuram	30	257	106679	794178	0
Kumarapuram	30	201	91543	777205	0
Kumarapuram	30	435	81769	775047	0
Kumarapuram	30	118	93792	780209	0
Kumarapuram	30	201	91844	781476	0
Kumarapuram	30	201	92524	782598	0
Kumarapuram	30	186	83440	778366	0
Kumarapuram	30	175	117679	797162	0
Kumarapuramkudiyiruppu	30	435	81249	775410	0
Kumaraput	1	258	182311	827996	0
Kumaraput	1	258	180898	826759	0
Kumararas	6	577	183924	816912	0
Kumarasakkanapuram	30	201	93465	781499	0
Kumarasakkanapuram	30	201	90360	781785	0
Kumarasakkanapuram	30	201	91916	782911	0
Kumarasakkanapuram	30	201	91097	782822	0
Kumarasamipuram	30	201	84577	780108	0
Kumarasamy Nagar North	30	199	131139	802825	0
Kumarasubrahmanyapuram	30	201	91677	780845	0
Kumaraswami	15	44	150111	765645	0
Kumaraswamikkavundanur	30	183	104936	777689	0
Kumaraswamikottai	30	227	108614	776046	0
Kumaraswamiyur	30	51	116899	783920	0
Kumaraswamy Layout	15	43	129057	775617	0
Kumaraswamy Nagar	30	199	131178	802805	0
Kumaratongu	1	258	180090	827463	0
Kumarattippatti	30	436	101978	784508	0
Kumaravadi	30	238	126212	798983	0
Kumaravadi	30	260	105264	783118	0
Kumaravalasa	1	194	184555	830842	0
Kumaravalasu	30	204	112306	776869	0
Kumaravalasu	30	204	111994	777375	0
Kumaravalasu	30	227	109513	777089	0
Kumaravalasu	30	204	112545	777647	0
Kumaravalasu	30	204	111521	777703	0
Kumaravalasu	30	427	109332	777746	0
Kumaravayalur	30	260	108282	786227	0
Kumaravenkatabhupalapuram	1	45	135324	797384	0
Kumaravenkataperumalrajapuram	1	-1	133146	795379	0
Kumaravenkatappanayudupeta	1	45	139043	795866	0
Kumarayankuttai	30	204	113352	777008	0
Kumarayyampalaiyam	30	227	108411	777066	0
Kumarayyanur	30	204	117396	776924	0
Kumarband	14	476	227527	845423	0
Kumarbari	25	281	215554	859176	0
Kumarbhuin	25	399	207186	848781	0
Kumarda	6	455	208931	807732	0
Kumardangi	35	587	255377	881840	0
Kumardaul	35	347	244693	878828	0
Kumardih	19	142	215803	805949	0
Kumardih	4	507	251223	849577	0
Kumardih	4	582	249144	870904	0
Kumardih	4	495	252716	856277	0
Kumardih	35	400	234047	859790	0
Kumardih	35	400	231545	859402	0
Kumardih	14	276	221099	858326	0
Kumardih	14	454	244286	858212	0
Kumardih	4	505	248645	862853	0
Kumardiha	4	507	251670	850084	0
Kumardiha	14	483	240685	868996	0
Kumardom	14	570	252094	874178	0
Kumardubi	14	562	222618	868109	0
Kumarganj	3	684	262719	898692	0
Kumarganj	4	569	259725	861292	0
Kumarganj	4	632	256688	869145	0
Kumarganj	4	117	245766	847757	0
Kumargaon	3	343	264558	907414	0
Kumargaon	20	138	188572	776462	0
Kumargaon	25	281	216860	855559	0
Kumargawan	33	116	281750	791388	0
Kumargram	3	-1	266168	898291	0
Kumarguda	20	134	194428	805443	0
Kumargudem	31	61	178851	795941	0
Kumargudem	31	61	178685	795477	0
Kumarguru	25	527	202722	845633	0
Kumarh	34	413	296145	799545	0
Kumarhalli	15	652	129746	756328	0
Kumarhatti	12	604	308890	770593	0
Kumari	4	602	256564	877112	0
Kumari	19	311	230065	762911	0
Kumari	14	310	235748	844030	0
Kumari	25	372	206075	846668	0
Kumari	25	527	204869	847033	0
Kumari Bigha	4	507	252503	849394	0
Kumaria	28	357	254699	764308	0
Kumaria	28	428	261168	751281	0
Kumaria	19	324	244514	772549	0
Kumaria	19	311	228667	760169	0
Kumaria	34	413	295399	791583	0
Kumaria	28	428	264521	744537	0
Kumariakhera	28	22	244309	735798	0
Kumariakhera	28	298	252379	744789	0
Kumariakheri	19	129	227355	749597	0
Kumaribira	25	527	203965	846214	0
Kumarigudem	31	240	177950	796125	0
Kumarihalli	15	652	131576	760686	0
Kumarikata	3	534	267306	915564	0
Kumarincha	1	258	179941	823991	0
Kumaripalaiyam	30	223	110558	781484	0
Kumaripatti	30	436	98997	783916	0
Kumaripur	4	602	257152	877869	0
Kumaripur	4	602	254425	876217	0
Kumariya	33	417	255512	790054	0
Kumariyakhera	28	550	250053	739167	0
Kumarka	12	348	326850	761207	0
Kumarkachora	6	578	190794	820364	0
Kumarkani	25	372	207746	840073	0
Kumarkara	25	262	222000	846000	0
Kumarkatta	15	248	132729	750257	0
Kumarkeli	25	297	208723	839929	0
Kumarkera	14	310	232000	845833	0
Kumarkhad	4	632	259913	869918	0
Kumarkhada	4	535	261292	863703	0
Kumarkhali	35	432	224272	889175	0
Kumarkhan	6	365	218189	819471	0
Kumarkhand	4	632	259860	868910	0
Kumarkhani	20	141	209746	784471	0
Kumarkheda	19	317	216656	759818	0
Kumarkhedi	20	138	197257	780292	0
Kumarkhol	25	373	205381	840239	0
Kumarla	28	339	256889	757027	0
Kumarlong	14	276	227115	855791	0
Kumarlyan ki Dhani	28	467	291407	750941	0
Kumarmunda	14	276	223508	850989	0
Kumarnag	13	35	332559	758865	0
Kumarneri	30	201	84825	778510	0
Kumarpada	25	-1	186008	819297	0
Kumarpali	25	683	215076	850192	0
Kumarpali	25	546	216128	843646	0
Kumarpalli	31	386	180510	783872	0
Kumarpalli	31	447	182174	786471	0
Kumarpandri	20	67	203879	776032	0
Kumarpara	35	4	223539	887833	0
Kumarpara	6	392	184975	814020	0
Kumarpara	25	290	219841	841298	0
Kumarpara	25	290	219060	842203	0
Kumarpara	25	373	204462	841164	0
Kumarpat	19	129	226296	749820	0
Kumarpatti	33	33	259768	823762	0
Kumarpur	33	523	279142	778801	0
Kumarpur	4	518	252133	863871	0
Kumarpur	4	632	256484	869963	0
Kumarpur	4	518	252745	865873	0
Kumarpur Baijua	33	389	271302	786929	0
Kumarpura	28	120	266030	760592	0
Kumarra	19	509	251653	786865	0
Kumarra Chhuria	6	455	209962	806315	0
Kumarri	13	358	330656	755842	0
Kumarsahi	25	373	205429	840174	0
Kumarsai	14	276	222048	857773	0
Kumarsali	14	483	243733	864831	0
Kumarsingha	25	372	208425	842266	0
Kumarsingha	25	297	208427	840813	0
Kumartari	4	505	250917	863206	0
Kumarth	34	413	296551	792718	0
Kumarthanpalli	30	215	122832	776132	0
Kumartola	14	570	250463	874200	0
Kumartoli	14	541	229748	857971	0
Kumartondang	14	276	223751	853541	0
Kumarwa	19	420	254167	782335	0
Kumarwadi	31	408	173459	784961	0
Kumarwahi	20	110	201846	797001	0
Kumas	28	288	281151	752532	0
Kumashi	15	80	171036	763655	0
Kumathalli	15	652	127570	757576	0
Kumati	34	530	295244	796339	0
Kumati	15	352	146776	765928	0
Kumatkeri	15	59	147273	747863	0
Kumatoli	14	476	225306	842760	0
Kumatra Gurha	28	22	247593	736273	0
Kumau	13	35	332323	759310	0
Kumauta	12	348	327257	761022	0
Kumba	14	476	226508	844846	0
Kumba Kalan	14	712	241592	834305	0
Kumba Khurd	14	712	243065	834445	0
Kumba Thal	28	210	278634	719597	0
Kumbachpatti	30	436	99654	786167	0
Kumbadaje	16	294	125859	751268	0
Kumbadhalu	15	50	159664	770347	0
Kumbadi	14	276	224717	858573	0
Kumbagatoli	14	712	245011	835473	0
Kumbagudi	30	260	107013	787601	0
Kumbainagrahar	15	43	130028	777459	0
Kumbaisi	25	349	195316	834142	0
Kumbakera	14	476	224815	847389	0
Kumbakera	14	476	227526	847816	0
Kumbakera	14	476	226689	848662	0
Kumbakheri	28	487	244706	767394	0
Kumbakod	16	232	106604	764072	0
Kumbakodu	15	55	125182	753436	0
Kumbakurichchi	30	260	106661	785837	0
Kumbakuti	14	276	224577	856846	0
Kumbaladur	30	215	124689	776623	0
Kumbalahalli	1	99	137632	776854	0
Kumbalahalli	15	422	137336	778390	0
Kumbalam	30	215	127712	780470	0
Kumbalam	16	528	89923	766619	0
Kumbalanuru	1	228	158826	770608	0
Kumbalavalasa	1	258	181516	825606	0
Kumbalgod-golhalli	15	43	128434	774523	0
Kumbalhalli	15	375	130922	777932	0
Kumbalur	15	265	143755	757535	0
Kumbaluru	15	265	142536	757967	0
Kumbanur	30	51	116664	777732	0
Kumbappadi	30	223	113617	783665	0
Kumbappanai	30	204	113330	774138	0
Kumbapur	33	688	260067	816929	0
Kumbar Pandy	15	248	132317	750563	0
Kumbara Koppal	15	74	124008	763964	0
Kumbara Koppal	15	74	123436	766236	0
Kumbarachamanahalli	15	97	137266	760998	0
Kumbarageri	15	333	138923	750923	0
Kumbaragoli	15	333	141002	749790	0
Kumbarahalli	15	71	169381	770241	0
Kumbarahalli	15	652	130932	757535	0
Kumbarahalli	15	652	130186	759665	0
Kumbarahalli	15	74	122163	767061	0
Kumbarahalli	15	422	135473	778534	0
Kumbarahalli	15	47	130901	781729	0
Kumbarahalli	15	47	131367	781870	0
Kumbarahalli	30	109	123307	782324	0
Kumbarahalli Math	15	74	122121	767119	0
Kumbarahosahalli	15	97	135464	761082	0
Kumbarahundi	15	74	121213	764810	0
Kumbarai	30	183	102424	776468	0
Kumbarakatte	15	652	135215	763695	0
Kumbarakatte Palya	15	652	135155	763791	0
Kumbarakoppa	15	333	138513	752527	0
Kumbarakoppa	15	97	135658	753359	0
Kumbarakoppal	15	93	126641	768681	0
Kumbaramane	15	97	133464	754912	0
Kumbaranagenahalli	1	426	140156	770965	0
Kumbaranhalli	15	43	127489	776617	0
Kumbarappatti	30	109	119651	782828	0
Kumbarchalka	31	62	174461	783378	0
Kumbardi	15	97	130240	755761	0
Kumbardi	15	652	129295	758109	0
Kumbardoddi	15	93	126249	771137	0
Kumbargatte	15	246	138807	762135	0
Kumbargod	15	97	134930	751873	0
Kumbarguda	25	273	195764	831156	0
Kumbargundi	15	69	118558	768588	0
Kumbargundi	15	69	117810	770712	0
Kumbarguni	15	59	142395	748889	0
Kumbarhalli	15	92	133079	770661	0
Kumbarhalli	15	97	135029	752087	0
Kumbarhalli	15	652	130970	757454	0
Kumbarhalli	15	652	128195	758356	0
Kumbarhoshalli	15	375	132571	775249	0
Kumbaria	10	133	243252	728623	0
Kumbarisingi	1	258	180230	825863	0
Kumbarisingi	25	349	190214	839288	0
Kumbarisingi	25	349	190649	839369	0
Kumbariyur	30	109	119707	779111	0
Kumbarkeri	15	55	126046	755348	0
Kumbarkol	15	59	146206	746556	0
Kumbarkoppa	15	333	144842	751930	0
Kumbarkuli	15	59	143078	748467	0
Kumbarmakki	15	59	143352	744408	0
Kumbarpalaiyam	1	45	142225	801029	0
Kumbarpalya	15	603	131159	770809	0
Kumbarpura	28	428	257898	750631	0
Kumbarvada	15	59	148999	742311	0
Kumbarwal	27	571	303322	756824	0
Kumbatbail	15	59	148764	747436	0
Kumbatoii	14	541	233727	850200	0
Kumbatoli	14	541	234673	851242	0
Kumbatoli	14	541	233664	850979	0
Kumbatoli	14	541	233477	850703	0
Kumbatoli	14	541	233516	851557	0
Kumbatoli	14	541	232945	851458	0
Kumbatoli	14	541	233069	851109	0
Kumbatoli	14	541	232660	852321	0
Kumbatoli	14	416	232104	850714	0
Kumbatoli	14	541	231334	850287	0
Kumbatoli	14	541	232687	852991	0
Kumbatoli	14	498	236898	858751	0
Kumbatoli	14	740	234986	844994	0
Kumbatoli	14	740	233949	846263	0
Kumbatoli	14	310	231473	846327	0
Kumbatoli	14	310	230833	845765	0
Kumbatoli	14	310	231838	847300	0
Kumbatoli	14	310	232023	849200	0
Kumbatoli	14	310	231461	847984	0
Kumbatoli	14	310	231245	848680	0
Kumbatoli	14	476	227632	845201	0
Kumbatti	15	333	143299	751478	0
Kumbatti	15	333	138792	750570	0
Kumbavaram	1	25	172453	813461	0
Kumbdhaura	33	591	252503	799136	0
Kumbegora	25	373	204465	844171	0
Kumbenahalli	15	652	128553	765439	0
Kumbenahalli	15	652	128577	763177	0
Kumbephal	20	34	187121	761355	0
Kumbephal	20	34	186495	763370	0
Kumberi	15	188	122397	758455	0
Kumberotu	15	55	127550	752389	0
Kumbh	33	479	258418	828729	0
Kumbh	33	33	256502	825907	0
Kumbh	27	624	306341	762874	0
Kumbh	14	454	245249	858403	0
Kumbha	11	327	294312	760079	0
Kumbha	11	327	291316	760744	0
Kumbha	20	67	201917	787555	0
Kumbha	4	510	256595	860704	0
Kumbhabhata	25	349	192998	833048	0
Kumbhadeo	19	325	224716	786446	0
Kumbhagiri	1	221	145889	790661	0
Kumbhahalli	15	74	121128	766786	0
Kumbhakhal	25	349	194270	830765	0
Kumbhakilla	25	527	203553	845370	0
Kumbhalli	15	652	129320	757205	0
Kumbhapur	20	139	211902	793223	0
Kumbhapur	33	33	255277	825907	0
Kumbhapur	33	561	255009	823550	0
Kumbhapur	33	242	254033	827789	0
Kumbhapur	15	603	127018	772643	0
Kumbhar Falia	10	213	209097	731205	0
Kumbhar Kinhi	20	67	202978	776743	0
Kumbhar Pada	20	182	214128	740686	0
Kumbhar Pada	20	182	214178	740842	0
Kumbhar Pimpalgaon	20	53	193878	760612	0
Kumbhar Pimpalgaon Tanda	20	53	193756	760544	0
Kumbhara	20	185	214042	746694	0
Kumbhara	20	78	210682	750672	0
Kumbhara	20	185	211815	748418	0
Kumbharagam	25	373	197539	839783	0
Kumbharakani	25	373	203436	844758	0
Kumbharan	10	133	241581	723075	0
Kumbharbandh	25	290	216960	839204	0
Kumbharbaru	25	273	198516	833702	0
Kumbhardih	25	262	218479	849689	0
Kumbhargaon	20	138	190173	774125	0
Kumbhargaon	20	132	210588	772889	0
Kumbharguda	25	273	196824	832625	0
Kumbharguda	25	499	193108	822122	0
Kumbharguda	25	499	194776	821909	0
Kumbharhol	15	86	165354	753363	0
Kumbhari	25	478	212088	836467	0
Kumbhari	20	65	171104	751169	0
Kumbhari	20	131	176484	759937	0
Kumbhari	20	151	195971	764485	0
Kumbhari	20	151	193997	766864	0
Kumbhari	20	48	179220	760676	0
Kumbhari	20	67	201304	782624	0
Kumbhari	31	271	193587	784137	0
Kumbhari	20	139	211904	793977	0
Kumbhari	20	169	206781	770806	0
Kumbhari	20	139	208184	792996	0
Kumbhari	20	110	202460	790427	0
Kumbhari	20	54	201621	740777	0
Kumbhari	20	53	202070	757643	0
Kumbhari	19	142	221060	801217	0
Kumbhari	25	290	217645	839847	0
Kumbhari	25	305	188848	832104	0
Kumbhari	31	160	195452	796767	0
Kumbhari	20	67	199583	790976	0
Kumbhari	20	78	208268	756363	0
Kumbhari	20	67	198814	773401	0
Kumbhari Budrukh	20	78	205940	757692	0
Kumbhari Khurd	20	78	206241	757677	0
Kumbharia	28	493	237724	739891	0
Kumbharia	25	527	200865	850847	0
Kumbharia M.	10	164	230870	730674	0
Kumbharikupa	25	373	201147	843858	0
Kumbhariputtu	25	305	190259	832614	0
Kumbharitola	25	290	218872	843260	0
Kumbharkata	25	546	215879	840495	0
Kumbharkhan	20	67	199535	788431	0
Kumbharkhed	20	127	200226	770681	0
Kumbharkheda	19	317	217565	755964	0
Kumbharkheda	20	78	212211	759346	0
Kumbharkole	15	59	143835	745197	0
Kumbharkopgadde	15	59	146009	746670	0
Kumbharlapalle	1	207	130035	785266	0
Kumbharmunda	25	399	208768	845167	0
Kumbharpadar	25	273	198162	833451	0
Kumbharpali	25	372	207970	841127	0
Kumbharpara	6	578	190867	820337	0
Kumbharpara	25	290	218593	841855	0
Kumbharpara	25	527	203595	850236	0
Kumbharpara	25	373	204927	842326	0
Kumbharputtu	25	349	192322	831499	0
Kumbharsila	25	349	193293	830953	0
Kumbhartola	14	379	240819	848733	0
Kumbharua	25	372	206672	840757	0
Kumbharuguda	25	108	182987	816050	0
Kumbharuguda	25	108	182806	819555	0
Kumbharuguda	25	108	182421	818794	0
Kumbharuniposi	25	546	216210	842934	0
Kumbharvada	15	59	151276	744047	0
Kumbharvada	20	206	156263	740531	0
Kumbharwadi	20	206	165427	736417	0
Kumbharwadi	20	151	191437	770332	0
Kumbhasar	11	563	294153	745946	0
Kumbhasi	15	248	135655	746994	0
Kumbhatoli	14	740	235348	846602	0
Kumbhatoli	14	740	235366	847070	0
Kumbhatoli	14	740	234442	846731	0
Kumbhatoli	14	310	232640	847242	0
Kumbhatoli	14	310	230386	845122	0
Kumbhatoli	14	740	235614	848059	0
Kumbhatoli	14	740	234498	847519	0
Kumbhatoli	14	740	233937	847946	0
Kumbhatti	15	59	148611	747337	0
Kumbhava	20	226	177317	732974	0
Kumbhavde	20	206	158556	740184	0
Kumbhawas	11	606	283291	768415	0
Kumbhephal	20	49	206948	764129	0
Kumbhephal	20	49	203736	759724	0
Kumbhgarh	28	360	290585	737236	0
Kumbhi	31	346	191558	779140	0
Kumbhi	20	141	205100	788488	0
Kumbhi	33	645	263756	798668	0
Kumbhi	19	443	217689	777048	0
Kumbhi	20	132	213209	775064	0
Kumbhi	20	127	201079	773383	0
Kumbhi	14	712	241945	837371	0
Kumbhi	33	33	256683	825928	0
Kumbhi	19	576	233838	801956	0
Kumbhi	19	576	234629	802552	0
Kumbhi	20	134	201329	800873	0
Kumbhi	6	681	215337	815697	0
Kumbhi	19	635	226273	761385	0
Kumbhi	4	597	255703	842167	0
Kumbhi	4	117	245445	846711	0
Kumbhi	4	117	245022	846796	0
Kumbhi	4	106	249871	855593	0
Kumbhi	4	510	256581	860703	0
Kumbhi	33	312	279485	803581	0
Kumbhi	4	117	243900	849250	0
Kumbhi Aima	33	688	261293	816229	0
Kumbhi Chauki	19	317	213978	757161	0
Kumbhi Chaur	34	589	297354	785321	0
Kumbhi Diha	33	688	261132	816686	0
Kumbhi Wagholi	20	132	212514	773665	0
Kumbhia	19	317	222095	758019	0
Kumbhia	25	349	194711	835787	0
Kumbhia	25	399	208774	843028	0
Kumbhiabhatta	25	349	197500	835841	0
Kumbhiachuan	25	546	215979	843352	0
Kumbhigura	6	681	215394	813657	0
Kumbhikhandi	20	132	216112	773276	0
Kumbhikhera	19	446	219941	770397	0
Kumbhikhera	19	443	215927	781992	0
Kumbhikona	14	712	236406	837928	0
Kumbhikota	25	349	191192	832492	0
Kumbhil	25	349	195826	833347	0
Kumbhipalli	25	423	200898	846107	0
Kumbhir	3	364	249431	929591	0
Kumbhirtola	25	292	204252	852197	0
Kumbhitola	20	168	208590	800618	0
Kumbhitola	20	134	206113	801907	0
Kumbhitoli	14	310	234468	843483	0
Kumbhitoli	14	310	232678	848851	0
Kumbhivalasa	1	176	183485	831756	0
Kumbhiya	33	102	243565	829919	0
Kumbhiyatari	4	106	246269	854488	0
Kumbhkar	12	39	318526	762749	0
Kumbhkhet	19	239	218651	746961	0
Kumbhkot	28	357	246091	759993	0
Kumbhli	19	142	215479	799150	0
Kumbhli	20	390	210538	799835	0
Kumbhlitola	20	390	210685	800004	0
Kumbho	25	478	215050	833736	0
Kumbhoj	20	57	168258	744375	0
Kumbhpani	19	325	218790	792448	0
Kumbhpani	19	325	218726	792677	0
Kumbhpura	33	526	270123	782131	0
Kumbhro	14	310	232139	848731	0
Kumbhwat	33	479	262379	830854	0
Kumbi	19	153	221794	742039	0
Kumbi	19	153	221762	741857	0
Kumbia	14	276	222935	853265	0
Kumbiatari	4	505	246237	861648	0
Kumbidi	16	232	102254	763215	0
Kumbigaratoli	14	678	238730	846035	0
Kumbiguda	25	305	183461	827713	0
Kumbikota	1	194	189019	835235	0
Kumbikulam	30	186	83394	777158	0
Kumbiliyam	30	369	111902	792366	0
Kumbipadu	1	258	183939	830807	0
Kumbipalya	15	92	132090	770438	0
Kumbiripada	25	305	184656	829471	0
Kumbivalasa	1	194	185601	831137	0
Kumbkhal	25	273	198216	833609	0
Kumbla	16	294	125910	749445	0
Kumblavankavalai	16	249	97486	769844	0
Kumbli	15	333	139081	749119	0
Kumbo	25	478	215090	833603	0
Kumbra	27	608	306891	767251	0
Kumbri	13	477	324893	755398	0
Kumbri	15	59	148827	747928	0
Kumbri	15	59	149113	748071	0
Kumbrigadde	15	59	143387	748293	0
Kumbrigadde Nirmane	15	59	148595	747909	0
Kumbrigoda	25	373	203928	842145	0
Kumbrika	15	333	139387	750454	0
Kumbudaje	15	55	126954	752497	0
Kumbudite	1	258	181691	829462	0
Kumbugudem	31	271	193209	788174	0
Kumbulgud	15	43	128815	774455	0
Kumbupadi	30	51	118575	786521	0
Kumbuppadi	30	51	118083	782873	0
Kumbur	15	652	133817	762399	0
Kumbur	30	183	102344	773264	0
Kumbur	30	183	106518	779789	0
Kumbur Vayal	30	183	103028	775378	0
Kumbusingi	25	243	188940	839786	0
Kumbusingiguda	25	243	188880	839764	0
Kumbuvalavu	30	183	103439	776918	0
Kumchahalli	15	69	118789	767887	0
Kumchugumadam	1	176	183608	834853	0
Kumda	1	258	182773	824282	0
Kumdaguda	25	108	183152	823650	0
Kumdalan	13	651	337072	748847	0
Kumdani	25	373	199721	835102	0
Kumdar	4	567	249985	862150	0
Kumdih	25	281	216398	854383	0
Kumdih	14	276	225507	852816	0
Kumdikunti	1	258	183995	828390	0
Kumdila	14	276	228279	852600	0
Kumding	34	179	302606	796414	0
Kumdiputtu	1	258	183645	824932	0
Kumdok	17	2	335213	781901	0
Kumdu	12	267	316005	771867	0
Kumedan	4	636	257971	865718	0
Kumedan Khera	19	512	250016	803996	0
Kumedan Purwa	33	654	263793	813829	0
Kumedan Purwa	33	654	260481	812564	0
Kumedanganj	33	654	263583	810869	0
Kumedha	33	444	255472	808764	0
Kumedpur	35	397	254075	878181	0
Kumehra	33	697	288444	774620	0
Kumehra	33	278	267599	788850	0
Kumehri	19	484	257413	784868	0
Kumehri	19	462	250299	787177	0
Kumelsingha	25	478	213829	838653	0
Kumen	33	479	258475	828723	0
Kumer	19	309	232262	767992	0
Kumerha	33	444	256411	808158	0
Kumerhi	33	370	245244	787820	0
Kumerhin	19	610	234408	818438	0
Kumeri	13	35	331732	759957	0
Kumeri	19	635	227828	758640	0
Kumeri	28	550	253652	739367	0
Kumeri	16	294	124847	751318	0
Kumeria	19	313	247101	808645	0
Kumeria	19	313	246033	809380	0
Kumeriya	19	338	238142	790852	0
Kumeriya	19	338	238102	790988	0
Kumeriya	19	338	237184	792797	0
Kumeriya	19	502	237770	792601	0
Kumeshpur	33	431	300204	777388	0
Kumgari	3	684	265403	901565	0
Kumgawan	19	576	232171	797257	0
Kumguri	3	585	266824	911043	0
Kumha	19	461	225718	809317	0
Kumha	33	174	275737	778411	0
Kumha	19	461	228049	802619	0
Kumha Chak	4	-1	262246	840679	0
Kumha Tola	19	461	227970	802735	0
Kumhabar	19	568	227249	783016	0
Kumhaila	4	520	260725	847629	0
Kumhaila	33	516	258028	841124	0
Kumhaila	33	516	258409	843230	0
Kumhaila	4	363	253238	844862	0
Kumhaina	33	312	279367	811200	0
Kumhaina	14	434	246293	859059	0
Kumhaini	4	112	247542	846589	0
Kumhaini	4	505	247619	864386	0
Kumhakar	12	39	321744	762911	0
Kumhali	19	443	219276	777214	0
Kumhalori	6	642	208194	811412	0
Kumhalori	6	455	210196	811291	0
Kumhaltoli	14	541	231545	855953	0
Kumhandih	14	434	239250	859896	0
Kumhanpur	33	686	264505	795588	0
Kumhapur	33	645	261931	799459	0
Kumhapur	33	33	258511	823750	0
Kumhar	33	488	274839	812437	0
Kumhar	4	636	257300	866490	0
Kumhar	14	678	236910	845829	0
Kumhar	4	410	262026	865194	0
Kumhar Bigaha	4	106	247832	855217	0
Kumhar Dih	33	269	273520	821580	0
Kumhar Dih	33	269	273645	821563	0
Kumhar Ghor	12	348	324029	760825	0
Kumhar ki Dhani	28	463	281356	764446	0
Kumhar Lota	14	276	226496	857917	0
Kumhar Majra	11	482	301436	766419	0
Kumhar Mandi	27	647	309049	758372	0
Kumhar Manoi	27	545	309330	746208	0
Kumhar Matti	34	430	304467	778939	0
Kumhar Nada	28	550	257246	740751	0
Kumhar Purwa	33	282	274742	817798	0
Kumhar Purwa	33	522	270422	822857	0
Kumhar Purwa	33	488	274679	812781	0
Kumhar Purwa	33	659	274647	801799	0
Kumhara	27	700	307571	748313	0
Kumhara	19	497	247572	812187	0
Kumhara	19	497	248606	811393	0
Kumharah Purwa	33	522	271649	817919	0
Kumharan ki Dhani	28	467	290551	751336	0
Kumharan Purwa	33	548	271431	798845	0
Kumharan Purwa	33	282	276004	816543	0
Kumharan Purwa	33	282	275508	816772	0
Kumharan Purwa	33	595	275597	817046	0
Kumharan Purwa	33	595	275745	817594	0
Kumharan Purwa	33	595	275080	819090	0
Kumharan Purwa	33	522	272410	817596	0
Kumharan Purwa	33	522	272118	817851	0
Kumharan Purwa	33	488	274700	812597	0
Kumharan Purwa	33	488	274000	812635	0
Kumharan Purwa	33	488	274509	813001	0
Kumharan Purwa	33	282	274761	813952	0
Kumharan Purwa	33	282	274600	814997	0
Kumharan Purwa	33	654	261477	813367	0
Kumharan Purwa	33	488	274431	807140	0
Kumharan Tikri	33	654	260987	812462	0
Kumharan Tola	33	595	277004	819451	0
Kumharanpur	33	548	268516	797843	0
Kumharanpur	33	698	257103	809656	0
Kumharapara	6	392	186870	812753	0
Kumharari	12	348	324627	760708	0
Kumharatoli	14	377	235345	856062	0
Kumharaura	33	654	261748	809521	0
Kumharbigha	4	112	246398	842456	0
Kumharbigha	4	112	246620	844417	0
Kumharbil	14	633	245804	876939	0
Kumharda	12	267	317870	768108	0
Kumharda	12	267	318352	769533	0
Kumharda Todar	12	267	317923	768116	0
Kumhardaga	14	377	235240	857501	0
Kumhardania	6	517	218847	812140	0
Kumhardih	14	379	241559	846180	0
Kumhardih	14	416	228641	852241	0
Kumhardih	14	434	245575	860222	0
Kumhargaon	33	116	277816	792618	0
Kumhargarhi	33	595	275822	819045	0
Kumharhera	33	431	299494	774681	0
Kumhari	19	502	238940	798168	0
Kumhari	25	380	204415	832808	0
Kumhari	12	604	309928	770392	0
Kumhari	19	326	230868	786451	0
Kumhari	19	324	249980	769325	0
Kumhari	6	299	214471	820034	0
Kumhari	6	365	214729	826146	0
Kumhari	6	365	213927	826927	0
Kumhari	6	517	217574	810648	0
Kumhari	6	275	214174	813559	0
Kumhari	6	299	213583	816097	0
Kumhari	6	299	210908	819652	0
Kumhari	19	503	229903	791665	0
Kumhari	33	694	253910	834033	0
Kumhari	19	313	243116	810722	0
Kumhari	19	512	242790	800419	0
Kumhari	6	627	209515	816414	0
Kumhari	19	142	218811	801862	0
Kumhari	6	725	229891	820526	0
Kumhari	6	374	228798	821809	0
Kumhari	6	374	229216	823245	0
Kumhari	6	365	215934	823138	0
Kumhari	6	365	216953	826249	0
Kumhari	6	620	204615	808319	0
Kumhari	6	299	214936	819150	0
Kumhari	6	393	213375	829079	0
Kumhari	6	611	216914	830115	0
Kumhari	6	611	215265	832876	0
Kumhari	14	379	243271	852482	0
Kumhari	14	310	229386	848005	0
Kumhari Kalan	6	669	220398	827690	0
Kumhari Kalan	19	142	214826	804402	0
Kumhari Khurd	6	669	220361	827573	0
Kumhari Khurd	19	142	214814	804617	0
Kumhari Pathan	6	388	219911	829139	0
Kumhari Tola	19	142	218713	801873	0
Kumharia	11	425	294059	756178	0
Kumharia	33	531	289117	790638	0
Kumharia	33	621	256386	795702	0
Kumharia	33	417	256671	789260	0
Kumharia	33	623	267843	829456	0
Kumharia	28	428	261674	747420	0
Kumharia	14	541	234905	853594	0
Kumharia	14	310	230445	846218	0
Kumharia	14	434	243256	864488	0
Kumharia	14	434	243164	864608	0
Kumharia Banbir	19	311	231130	764237	0
Kumharia Chheblari	19	484	256050	786473	0
Kumharia Kalan	33	531	289480	791702	0
Kumharia Khurd	33	531	289311	791670	0
Kumharia Rai	19	484	256326	787275	0
Kumharia Rao	19	311	230112	763094	0
Kumharipara	6	374	228839	821659	0
Kumhariya	11	563	292575	751490	0
Kumhariya	28	298	252462	746938	0
Kumhariya	19	208	241420	779784	0
Kumhariya	19	326	229636	775252	0
Kumhariya	19	443	219478	777661	0
Kumhariya	33	553	290787	781004	0
Kumhariya	19	334	235594	760169	0
Kumhariya	14	740	233859	848160	0
Kumhariya Dera	33	444	258325	803293	0
Kumhariya Khas	19	309	235686	763516	0
Kumhariyakhera	28	298	252647	745595	0
Kumhariyan	28	339	253342	755978	0
Kumhariyapal	19	309	235874	764306	0
Kumharka	12	348	327831	761105	0
Kumharka	12	348	326505	762006	0
Kumharka	12	348	325568	761035	0
Kumharka	12	348	323822	761286	0
Kumharka	33	451	280438	797163	0
Kumharkhan	6	676	202379	816109	0
Kumharkhan	6	642	206659	814705	0
Kumharkhera	28	263	260534	740186	0
Kumharki	12	348	324438	763758	0
Kumharkol Buzurg	4	687	256506	854776	0
Kumharlalo	14	434	241022	862172	0
Kumharli	34	430	307183	777651	0
Kumharon ka Khor	33	591	253787	801032	0
Kumharon ke Jhonpare	28	115	263145	761599	0
Kumharon ki Dhani	28	288	283352	757186	0
Kumharon ki Dhani	28	120	269769	757254	0
Kumharon ki Dhani	28	467	292489	746026	0
Kumharon ki Dhani	28	519	286913	753311	0
Kumharon ki Dhani	28	288	280486	755250	0
Kumharon ki Dhani	28	120	270230	758026	0
Kumharpara	6	299	213220	821288	0
Kumharpara	6	676	202266	812449	0
Kumharpara	6	275	208759	814620	0
Kumharpara	6	676	203648	813519	0
Kumharpara	25	572	202468	825005	0
Kumharpara	6	578	189438	816513	0
Kumharpara	6	578	189255	816616	0
Kumharpitni	14	434	242466	860717	0
Kumharpur	33	553	292860	783066	0
Kumharpur	33	488	276547	810784	0
Kumharpur	33	31	271109	810774	0
Kumharpura	19	323	260872	769340	0
Kumharpura	19	459	265917	783358	0
Kumharpura	28	599	268786	781601	0
Kumharpura	19	459	267237	782254	0
Kumharpura	19	420	254649	781247	0
Kumharpura	33	33	259815	825536	0
Kumharpura	33	464	289304	782513	0
Kumharra	19	420	250918	781469	0
Kumharra	19	465	259963	785178	0
Kumharra	19	484	257674	786512	0
Kumharra	19	395	243517	780123	0
Kumharra	19	461	224595	804926	0
Kumharra	19	461	227219	806559	0
Kumharra	12	39	320980	766521	0
Kumharra Bhata	19	-1	254163	786068	0
Kumharra Khas	19	509	254044	786147	0
Kumharras	6	392	188419	813521	0
Kumharsahi	25	372	206486	840868	0
Kumharsain	12	460	313187	774481	0
Kumharsan	4	510	256421	861971	0
Kumhartek	19	443	219337	779753	0
Kumharti	12	348	323523	760626	0
Kumhartola	6	642	206285	811528	0
Kumhartola	19	142	221141	800929	0
Kumhartola	19	142	214943	804851	0
Kumhartola	20	168	210642	804350	0
Kumhartola	6	620	207505	806746	0
Kumhartola	6	620	204288	807865	0
Kumhartola	6	620	204308	808116	0
Kumhartola	19	449	226906	815404	0
Kumhartola	4	535	263144	860406	0
Kumhartola	4	510	256289	862015	0
Kumhartola	4	112	246145	843681	0
Kumhartoli	19	638	250718	794447	0
Kumhartoli	33	417	254142	785746	0
Kumhartoli	4	535	264391	863458	0
Kumhartoli	4	491	263529	879899	0
Kumhartoli	4	491	262574	879231	0
Kumhartoli	14	416	231250	851086	0
Kumhartoli	14	541	233355	853869	0
Kumhartoli	14	416	229825	853284	0
Kumhartoli	14	740	235889	847065	0
Kumhartoli	14	310	232493	845829	0
Kumhartoli	14	740	233975	847872	0
Kumhartoli	14	476	225333	841849	0
Kumhartoli	6	384	228652	842562	0
Kumhartoli	14	476	226219	844866	0
Kumhartoli	14	476	225844	844537	0
Kumhartoli	14	310	229641	846066	0
Kumhartoli	14	310	229961	846463	0
Kumhartoli	14	476	225755	848152	0
Kumhartoli	14	476	224762	849716	0
Kumhartoli	14	476	224434	849169	0
Kumhartoli	14	434	240660	861248	0
Kumharua	33	451	277020	797317	0
Kumharua	4	590	259580	876165	0
Kumharwa	4	590	258703	877454	0
Kumharwa	33	312	279164	801728	0
Kumharwa	33	659	277020	800709	0
Kumharwa Parsia	33	31	271109	813940	0
Kumharwadi	20	156	183557	769318	0
Kumharwadi	20	156	182831	769058	0
Kumharwali	27	545	310372	748090	0
Kumharwar	19	502	240805	793336	0
Kumharwar	19	313	242382	810823	0
Kumharwar	19	217	227806	815864	0
Kumharwara	33	526	270331	776203	0
Kumharwara	19	576	235205	798757	0
Kumharwara	19	337	237940	799372	0
Kumharwara	19	337	238010	801988	0
Kumharwara	19	337	238155	806871	0
Kumharwari	20	616	196148	773224	0
Kumhati	12	460	310648	772410	0
Kumhaul	33	445	270195	793701	0
Kumhauli	33	661	272262	794880	0
Kumhaupur	33	621	258812	800237	0
Kumhaura	33	31	269556	811281	0
Kumhaura	4	394	252766	841369	0
Kumhawar	33	278	269102	790449	0
Kumhera	33	553	294501	782673	0
Kumheri	19	459	264347	778453	0
Kumheri	33	445	269710	788400	0
Kumheri	28	599	267816	778036	0
Kumherpura	19	459	267969	782918	0
Kumherwan	33	698	258595	806044	0
Kumhet	4	410	261071	866659	0
Kumhi	6	681	214284	816239	0
Kumhi	19	502	241151	795375	0
Kumhi	19	313	242756	806171	0
Kumhi	33	575	262205	824757	0
Kumhi	19	576	230554	800243	0
Kumhi	19	461	226004	807174	0
Kumhi	6	490	215753	808009	0
Kumhi	6	490	213935	809449	0
Kumhi	6	517	221669	814082	0
Kumhi Purwa	33	575	260772	823685	0
Kumhia	33	605	266042	822738	0
Kumhia	33	516	258633	841017	0
Kumhia	4	491	263241	879186	0
Kumhia	4	641	261624	876105	0
Kumhia	4	641	261731	876149	0
Kumhia Misraulia	33	152	267491	829255	0
Kumhiataritola	4	117	245481	852339	0
Kumhiawan	33	626	254548	812621	0
Kumhibahal	6	17	219296	835265	0
Kumhidanr	14	678	235108	842459	0
Kumhidawar	19	503	229208	789947	0
Kumhila	4	394	251320	838887	0
Kumhinpur	33	479	260886	831620	0
Kumhipani	6	374	223833	822037	0
Kumhipur	33	33	261338	824603	0
Kumhir	25	262	220237	852012	0
Kumhiya Kalan	4	457	272292	842629	0
Kumhiya Khurd	4	457	272108	842752	0
Kumhiyan	19	610	242021	813771	0
Kumhiyan	33	196	250329	829147	0
Kumhli	6	642	208443	813929	0
Kumhli	6	275	209791	814338	0
Kumhli	19	461	226088	808785	0
Kumhli	6	620	207293	807503	0
Kumhli	6	620	206194	809435	0
Kumhlitola	19	461	226182	808866	0
Kumhra	6	627	205882	816762	0
Kumhra	19	354	223228	799667	0
Kumhra	4	581	252961	858119	0
Kumhra	4	641	260479	873830	0
Kumhra	4	602	256713	874777	0
Kumhradhara	14	377	236266	856680	0
Kumhragarh	4	687	257221	854571	0
Kumhraili	4	727	256208	867726	0
Kumhrakhera	19	503	230314	794723	0
Kumhranwan	33	654	265404	812639	0
Kumhrar	33	417	256926	789669	0
Kumhraur	33	661	275900	795747	0
Kumhraura	33	522	271106	817198	0
Kumhraura	33	488	274704	809433	0
Kumhraura	4	581	253584	857413	0
Kumhrauti	33	532	263740	830604	0
Kumhrauti	33	479	263889	831773	0
Kumhrauti	33	314	264638	832852	0
Kumhrauwa	33	613	282454	782778	0
Kumhrawan	33	31	267571	813349	0
Kumhrawan	33	685	270839	809718	0
Kumhrawan	4	106	248462	856104	0
Kumhrawand	6	578	192745	820210	0
Kumhrawand	6	578	191081	821090	0
Kumhren	4	106	246662	853733	0
Kumhroli	6	723	221747	817822	0
Kumhrora	19	503	231060	790966	0
Kumhti	4	615	261246	841291	0
Kumhupur	33	450	263497	803254	0
Kumhwa	14	673	241718	842023	0
Kumhwan	4	507	252552	849506	0
Kumi Chaur	34	413	296702	791239	0
Kumia	4	569	259319	860428	0
Kumiahi	4	410	261802	868543	0
Kumian	33	539	266266	840081	0
Kumiatoli	14	379	243160	850781	0
Kumikhera	19	503	226761	788051	0
Kumil	16	528	87902	769402	0
Kumilakkudi	30	254	108032	792340	0
Kumilamparappu	30	204	113800	776624	0
Kumilangadu	30	198	113037	797114	0
Kumilangulam	30	5	92557	784477	0
Kumilangundu	30	193	102789	789802	0
Kumilankulam	30	118	96136	782465	0
Kumilendal	30	5	96859	788890	0
Kumili	25	305	189912	828138	0
Kumili	1	176	181168	835127	0
Kumili	30	238	123114	798664	0
Kumili	30	-1	96046	771708	0
Kumilipodoro	25	305	189961	824607	0
Kumilipodoro	25	305	189580	825577	0
Kumiliputtu	25	305	188897	824696	0
Kumindhana	19	443	218922	776073	0
Kumiputtu	1	258	184745	824979	0
Kumiputtu	25	305	185242	826174	0
Kumir	25	478	210796	828489	0
Kumirdaha	14	643	240534	873934	0
Kumirimora	35	268	226958	882261	0
Kumirkata	14	643	242950	875675	0
Kumirodi	15	55	130185	752982	0
Kumirpara	6	676	200798	810563	0
Kumirta	14	276	221945	855191	0
Kumirta	14	276	221946	858466	0
Kumirtola	25	546	213222	840858	0
Kumitimunda	25	349	195197	832905	0
Kumivakalparai	30	186	87023	774883	0
Kumjhar	19	142	222366	801485	0
Kumjhartola	19	142	222418	801597	0
Kumjhor	19	503	230523	795557	0
Kumjori	25	373	205050	842581	0
Kumka	25	546	213543	840963	0
Kumka Narwa	6	269	237825	831368	0
Kumkakurum	6	676	202090	813105	0
Kumkalas	25	262	218857	847991	0
Kumkaltoli	14	541	232862	856975	0
Kumkamamidi	1	258	177041	818437	0
Kumkapali	25	546	214747	841962	0
Kumkera	25	572	205884	827048	0
Kumkhola	34	413	298579	793529	0
Kumki	2	73	272746	969082	0
Kumkot	20	134	207018	805039	0
Kumkuma	14	416	231471	853742	0
Kumkumapudi	1	6	143780	799268	0
Kumkutta	25	273	197553	830950	0
Kumla	12	460	308643	776041	0
Kumlabari	25	281	216238	857958	0
Kumlaghat	4	602	257141	877498	0
Kumlapur	15	333	139226	752639	0
Kumlate	29	85	271752	884891	0
Kumli	12	514	306423	777600	0
Kumli	6	578	190487	821538	0
Kumli Dara	13	485	331224	742178	0
Kumma	25	305	188307	827101	0
Kummabondili	25	349	196270	834697	0
Kummadenahalli	15	47	131383	783799	0
Kummagam	25	305	188548	825022	0
Kummagunte	15	47	133653	782157	0
Kummaiguda	25	349	192789	835054	0
Kummajhiri	19	325	224593	786275	0
Kummakkalipalaiyam	30	204	113978	773404	0
Kummakkurumbi	30	193	102193	789738	0
Kummakoleng	6	577	187245	819039	0
Kummalgiri	31	144	162894	780771	0
Kummalkambe	30	154	112909	768108	0
Kummalur	16	528	88707	767350	0
Kummampatti	30	183	103293	779062	0
Kummamuru	1	68	163463	808265	0
Kummanagatta	15	246	139819	762980	0
Kummanahalli	15	652	130297	761865	0
Kummanam	16	261	95951	764958	0
Kummanamala	1	99	147205	779463	0
Kummanayakkanpalaiyam	30	223	111232	780872	0
Kummanayakkanur	30	223	114326	782091	0
Kummandakkavundanur	30	183	107391	780530	0
Kummandampeta	1	176	185905	834068	0
Kummandangramam	30	186	83377	775634	0
Kummangalam	30	220	133327	802008	0
Kummangod	16	252	116842	756409	0
Kummangudi	30	193	103432	787193	0
Kummangudi	30	436	101130	786357	0
Kummangudi	30	193	102270	787731	0
Kummangudi	30	193	101929	788989	0
Kummangulam	30	193	103860	789701	0
Kummannur	16	216	92123	768815	0
Kummansirasgi	15	71	169445	765651	0
Kummapalle	1	176	179505	830900	0
Kummapalli	30	184	129568	788234	0
Kummapatti	30	118	96455	776001	0
Kummar Bisalo	25	305	189721	827725	0
Kummara Agraharam	1	176	185313	837089	0
Kummarabadi	25	349	194802	834460	0
Kummarabadi	25	349	193781	835167	0
Kummaragandi	1	194	185931	838570	0
Kummaraguda	31	128	175158	789832	0
Kummaraguda	31	128	176381	789869	0
Kummaragudi	25	349	197576	835766	0
Kummaragunta	1	194	186051	836617	0
Kummaragunta	1	6	143500	796140	0
Kummarahalli	15	74	120380	767191	0
Kummarajipeta	1	99	150438	778159	0
Kummarakhandrika	1	45	136186	795877	0
Kummarakuntla	1	103	169391	806721	0
Kummaralapalle	1	426	138902	780805	0
Kummarampalli	31	448	163932	788657	0
Kummarapalaiyam	30	220	134117	800813	0
Kummarapalem	1	6	148314	800690	0
Kummarapalem	1	6	143050	800777	0
Kummarapalem	1	6	142720	800252	0
Kummarapalem	1	10	160353	797070	0
Kummarapalem	1	6	151928	796534	0
Kummarapalem	1	6	151568	798232	0
Kummarapalem	1	6	151645	799714	0
Kummarapalem	1	45	136206	795841	0
Kummarapalem	1	45	139344	799178	0
Kummarapalle	1	219	174992	828878	0
Kummarapalle	1	221	149190	785378	0
Kummarapalle	1	190	140872	788724	0
Kummarapalle	1	426	139757	782215	0
Kummarapalle	1	190	137283	782121	0
Kummarapalle	1	190	137968	784754	0
Kummarapalle	1	190	137100	784859	0
Kummarapalle	1	190	141534	785382	0
Kummarapalle	1	190	140852	785571	0
Kummarapalle	1	190	140371	785327	0
Kummarapalle	1	190	140133	785158	0
Kummarapalle	1	190	140089	785564	0
Kummarapalle	1	195	155962	794458	0
Kummarapalle	1	426	140183	782855	0
Kummarapalli	1	221	146228	790898	0
Kummarapalli	1	190	142600	790972	0
Kummarapalli	1	190	142181	791433	0
Kummarapalli	1	190	140644	791722	0
Kummarapalli	1	45	137547	791134	0
Kummarapalli	1	45	137171	791295	0
Kummarapalli	1	45	137171	791487	0
Kummarapalli	1	207	137048	789986	0
Kummarapalli	1	45	136767	791007	0
Kummarapalli	1	45	136762	791498	0
Kummarapalli	1	45	136369	790832	0
Kummarapalli	1	207	135858	790461	0
Kummarapalli	1	207	135650	790942	0
Kummarapeta	1	453	184484	839065	0
Kummarapeta	1	45	138672	796695	0
Kummarapurugupalem	1	307	163653	816192	0
Kummarasai	25	349	194001	832906	0
Kummaravalasa Agraharam	1	194	185570	835829	0
Kummaravandlapalle	1	221	147035	782086	0
Kummaravandlapalle	1	426	141106	781732	0
Kummaravandlapalle	1	426	141799	783394	0
Kummaravandlapalle	1	190	140537	787374	0
Kummaravandlapalle	1	195	155061	794044	0
Kummaravanipalem	1	453	181551	837902	0
Kummaravanipalle	1	221	147993	789881	0
Kummaravaripalle	1	221	143403	784767	0
Kummarguda	31	62	171592	781501	0
Kummargudem	31	61	179478	793533	0
Kummargunta	1	258	181055	824046	0
Kummariguda	31	62	170344	780982	0
Kummariguda	31	100	172097	793000	0
Kummariguda	25	305	188281	823965	0
Kummariguda	25	349	193328	834139	0
Kummariguda	25	349	191746	833923	0
Kummariguda	25	305	188030	826249	0
Kummariguda	25	305	187870	826432	0
Kummariguda	25	305	188625	826839	0
Kummariguda	25	305	187331	828932	0
Kummarigudem	31	100	165907	789187	0
Kummarigudem	31	61	179389	794925	0
Kummarigudem	31	100	169720	792401	0
Kummarigudem	31	100	169232	792229	0
Kummarigudem	31	60	178879	808793	0
Kummarigunta	1	194	188458	834394	0
Kummarikunta	1	207	132987	785096	0
Kummarilova	1	259	173780	825311	0
Kummaripeta	1	176	184794	834901	0
Kummarivalasa	1	258	182519	830388	0
Kummarkunta	31	730	174664	797255	0
Kummarkunte	15	47	130690	783786	0
Kummarmadipalle	1	45	140888	796035	0
Kummaroputtu	25	305	189807	826124	0
Kummarput	1	258	181627	828577	0
Kummarputtu	25	305	188468	825776	0
Kummarupada	6	577	186503	818854	0
Kummarupada	6	577	186598	818764	0
Kummattikottai	30	201	83706	779460	0
Kummattipatti	30	154	108348	768905	0
Kummayampatti	30	427	108724	781896	0
Kummedu	30	369	112389	793494	0
Kummegaudana Koppal	15	74	123794	764637	0
Kummera	31	62	173395	781803	0
Kummera	31	448	165619	782817	0
Kummergode	15	97	130982	757062	0
Kummetta	1	99	149710	778835	0
Kummi	13	690	326971	751087	0
Kummi	16	233	118419	760380	0
Kummidikuppa	25	349	199550	834852	0
Kummin	12	267	316005	769444	0
Kumminipetlai	30	158	130833	796202	0
Kummulaur	30	192	126605	789863	0
Kummuppatti	30	193	104370	788662	0
Kummur	15	91	146622	753598	0
Kummuru	31	46	177429	813643	0
Kummuru	15	333	144686	751262	0
Kummuru	15	333	144147	751276	0
Kummuttitidal	30	257	104582	795384	0
Kumna	4	520	259166	846300	0
Kumnaikankop	15	655	155527	748764	0
Kumni	14	673	240293	839289	0
Kumni	13	359	331409	750615	0
Kumnibahal	25	478	210162	831113	0
Kumnipathal	6	384	227729	841488	0
Kumnur	15	72	166241	771713	0
Kumonda	33	654	262739	812937	0
Kumorang	12	83	315667	781588	0
Kumpadar	25	273	199305	832958	0
Kumpalli	31	386	180879	780042	0
Kumpapada	25	423	199423	849037	0
Kumpara	10	170	232472	739975	0
Kumpetlapalle	1	224	149975	780511	0
Kumpinipuram	1	190	143363	792266	0
Kumpti	20	156	180822	766635	0
Kumpti	28	263	249815	731591	0
Kumpti ki Bagal	28	263	249476	732208	0
Kumpur	27	284	317497	756758	0
Kumpur	34	413	296456	794209	0
Kumpur	33	116	281373	793577	0
Kumra	35	432	228084	887181	0
Kumra	19	16	241830	763644	0
Kumra	12	460	309887	775876	0
Kumra	33	329	284198	794881	0
Kumra	35	587	259925	879673	0
Kumra	35	347	240548	877699	0
Kumra	6	384	227617	840506	0
Kumra Kol	14	570	249678	872073	0
Kumrabad	14	643	241790	872712	0
Kumradihi	25	290	218329	840636	0
Kumradihi	25	290	217819	841597	0
Kumradihi	25	290	218248	842206	0
Kumragodu	15	248	134446	747266	0
Kumraha	33	496	271411	831615	0
Kumrahar	4	581	255977	851890	0
Kumrahi	14	673	239352	843219	0
Kumraho	34	617	289261	799298	0
Kumrahtola	6	455	211569	807135	0
Kumrai	33	644	273822	779818	0
Kumrai	19	324	243496	773620	0
Kumrai	33	644	275584	780969	0
Kumrai	27	544	315462	755189	0
Kumrakhol	6	279	224466	821189	0
Kumral	15	59	149791	745868	0
Kumrala Bahadurpur	33	464	288392	781989	0
Kumralli	15	97	130214	756334	0
Kumram	14	276	226067	858783	0
Kumram	14	276	224644	859404	0
Kumrang Kalan	14	379	238759	850102	0
Kumrang Khurd	14	379	238759	850050	0
Kumraoa	33	523	278512	784235	0
Kumrapali	25	478	211448	837951	0
Kumrapur	35	452	246134	879946	0
Kumrara	34	574	297604	778259	0
Kumrara	33	553	292717	783645	0
Kumrari	34	574	297699	778098	0
Kumrari	34	589	299332	787638	0
Kumrasol	14	628	226052	859450	0
Kumratavadi	15	77	155378	744689	0
Kumratol	4	636	257916	868402	0
Kumrau	12	514	307462	775880	0
Kumrau Khiria	19	462	246273	787549	0
Kumraua	19	420	252511	775972	0
Kumraul	4	569	261358	862327	0
Kumraula	33	370	245629	783769	0
Kumraura	33	445	272889	789041	0
Kumrauwa	19	420	253017	774219	0
Kumrauwa	33	593	279553	785950	0
Kumravati ka Pura	28	429	264568	771817	0
Kumrawada	19	648	231412	766707	0
Kumre Ki Garhi	33	526	269736	782972	0
Kumrej	20	185	212523	747399	0
Kumrera	11	722	279519	771600	0
Kumri	19	16	241786	763706	0
Kumri	33	682	273997	788064	0
Kumri	19	326	229724	776493	0
Kumri	19	325	223930	788521	0
Kumri	33	280	271863	830182	0
Kumri	19	309	235341	762574	0
Kumri	15	59	149929	745389	0
Kumrigadde	15	59	146731	748434	0
Kumrikhata	3	534	267323	915552	0
Kumrikodlu	15	248	139219	746037	0
Kumriya Jabla	33	492	290268	786920	0
Kumrol	19	338	240750	784747	0
Kumrol	33	370	245740	784524	0
Kumron Ki Gauntia	33	329	287249	794745	0
Kumru	14	310	230149	842396	0
Kumrun	13	477	327076	756483	0
Kumsara	31	346	190578	779817	0
Kumshi	15	71	174531	768448	0
Kumsi	15	333	144001	751939	0
Kumsu	12	653	314219	775941	0
Kumsu	12	460	313902	776421	0
Kumsungtola	14	276	227479	851803	0
Kumta	20	64	177210	741812	0
Kumta	15	74	119327	765605	0
Kumtha	19	202	216248	764828	0
Kumthal	11	563	294508	747951	0
Kumthan	20	206	156975	741284	0
Kumthana	19	239	215995	752615	0
Kumti	19	635	224959	756156	0
Kumti Jarna	25	305	189323	832074	0
Kumtiawali Thalli	28	210	277000	715145	0
Kumtir Chak	34	692	299032	798329	0
Kumtitola	4	136	257351	858033	0
Kumud	13	1	337714	740342	0
Kumudahatti	30	204	117702	773867	0
Kumudamedu	30	-1	117778	797554	0
Kumudapadar	25	273	197690	832955	0
Kumudi	16	249	99667	769333	0
Kumudi	25	373	199622	836133	0
Kumudih	25	262	216141	851076	0
Kumukkottai	30	5	94635	786799	0
Kumulakkalipalaiyam	30	204	112468	775986	0
Kumulam	30	197	119531	796224	0
Kumulamarattuppatti	30	183	104409	777329	0
Kumulankuli	30	369	112771	794087	0
Kumulantavu	30	436	97000	785084	0
Kumuliyendal	30	5	94682	784544	0
Kumulli	16	252	114300	757620	0
Kumulur	30	260	109547	788442	0
Kumundi	25	292	203805	851713	0
Kumunthana Chattram	1	6	143910	799415	0
Kumupatiapara	25	262	219535	840481	0
Kumur	33	278	267937	790214	0
Kumuraguda	25	305	186125	825463	0
Kumuraguda	25	305	186333	828360	0
Kumurakata	6	642	205028	810033	0
Kumurgudi	33	488	272830	809584	0
Kumuri	25	399	207274	847864	0
Kumurkata	6	642	204956	810060	0
Kumurkatta	6	620	204036	808929	0
Kumurusingha	25	399	208751	844414	0
Kumusari	6	578	192358	820514	0
Kumusi	25	277	208473	853692	0
Kumutturampatti	30	264	102401	783887	0