Lacchimpur	33	613	283410	782506	0
Lacchman Khera	33	-1	250944	803428	0
Lacchmipur	33	496	270757	836181	0
Lachamau	33	686	266155	796501	0
Lachampalli	31	272	168162	776298	0
Lachampur	34	530	293861	790702	0
Lachampur	20	110	196655	793916	0
Lachan	35	587	257478	883038	0
Lachandoravalasa	1	194	187705	833325	0
Lachangwari	13	358	331256	757703	0
Lachankeri	15	66	152664	762163	0
Lachapuram	31	60	173203	810497	0
Lachaur	4	602	258485	878852	0
Lachaura	19	208	242043	780447	0
Lachbampur	13	76	339469	745633	0
Lachcha Baddi	27	742	304557	758655	0
Lachchammapeta	1	176	179668	831146	0
Lachchampalle	1	99	145215	773476	0
Lachchampur	31	271	193735	785771	0
Lachchan Yellapur	31	346	190729	787269	0
Lachchanaguda	25	243	188397	839680	0
Lachchannapeta	1	453	185223	839884	0
Lachchannavalasa	1	176	184986	836965	0
Lachchavani Tanda	31	100	167175	788267	0
Lachchayyagudem	31	46	172736	798978	0
Lachchayyapeta	1	194	186052	833674	0
Lachchayyapeta	1	176	185322	837621	0
Lachchayyapeta	1	453	183841	838220	0
Lachchempur	25	305	187266	824223	0
Lachchhan Tola	4	675	264829	842144	0
Lachchhanpur	33	694	254427	832039	0
Lachchhanpur	33	280	271719	831360	0
Lachchhidih	4	363	252293	845005	0
Lachchhipur	33	242	253982	828135	0
Lachchhipur	33	242	253871	828584	0
Lachchhirampur	33	548	270425	798616	0
Lachchhopur	33	196	248740	822015	0
Lachchhu Jot	33	522	271082	820310	0
Lachchhu ka Nagla	33	278	269129	791315	0
Lachchhupur	33	479	260694	828586	0
Lachchigudem	31	60	177912	810023	0
Lachchipeta	25	108	179912	815515	0
Lachchirajupeta	1	194	187301	833453	0
Lachchireddipalem	1	259	173865	824269	0
Lachchivakkam	30	220	133156	799638	0
Lachchivakkamkhandrika	30	220	133104	799611	0
Lachchiyam	30	376	116621	789640	0
Lachchmipur	1	258	180323	824158	0
Lachchugudem	31	100	169318	791936	0
Lachchumuttu	30	376	118308	787418	0
Lachchunpalli	31	306	166241	779152	0
Lachehkapalaiyam	30	184	127990	788860	0
Lachen	29	28	277304	885500	0
Lacher	25	108	185115	822638	0
Lacheta	34	692	298774	799759	0
Lachh	13	0	343516	742138	0
Lachh Nanpur	33	196	250886	827858	0
Lachha	34	430	305787	779675	0
Lachha Chak	33	575	261481	823142	0
Lachhagir	33	584	253178	821851	0
Lachhaloia	14	310	227942	845290	0
Lachhamipur	33	31	270463	813177	0
Lachhampalli	31	447	178248	786862	0
Lachhampur	13	0	344239	741370	0
Lachhampur	33	644	276628	782303	0
Lachhampur	33	644	278269	784230	0
Lachhampur	33	445	270272	791948	0
Lachhampur	34	530	293081	792336	0
Lachhampur	34	413	297678	796369	0
Lachhampur Khatta	34	617	290523	796408	0
Lachhan Bigha	4	117	249575	849720	0
Lachhan Chaukhala	33	584	251895	821602	0
Lachhan Purwa	33	282	274592	817806	0
Lachhanbigha	4	112	246384	843635	0
Lachhandih	14	454	244108	856957	0
Lachhanna	31	58	184462	777043	0
Lachhannagar	33	488	277046	808700	0
Lachhanpur	6	723	220556	817213	0
Lachhanpur	6	669	220491	827807	0
Lachhanpur	6	365	217661	821492	0
Lachhanpur	6	723	219624	817492	0
Lachhanpur	33	33	255433	826991	0
Lachhanpur	33	280	271790	830623	0
Lachhanpur	33	496	272239	832240	0
Lachhanpur	6	279	222246	821095	0
Lachhanpur	6	669	220371	826248	0
Lachhanpur	6	365	215904	822686	0
Lachhanpur	6	723	220264	815573	0
Lachhanpur	6	723	222312	817067	0
Lachhanpur	6	723	220232	818210	0
Lachhanpur	4	457	270440	845749	0
Lachhanpur	4	590	259414	876018	0
Lachhanpur	14	379	242228	849847	0
Lachhanpura	4	718	252689	837346	0
Lachhanpura	4	394	248977	838315	0
Lachhantola	4	363	255417	847165	0
Lachhantola	4	507	251262	849910	0
Lachhantoli	14	476	225061	848680	0
Lachhapatti	33	196	251663	826139	0
Lachhapatti	33	196	251711	826219	0
Lachhapet	31	222	183397	787355	0
Lachhapet	31	58	182998	785188	0
Lachhapet	31	447	181748	786485	0
Lachhapur	33	561	253666	826680	0
Lachhapur	33	242	252491	827413	0
Lachharas	10	245	219059	735446	0
Lachharsar	28	519	281026	743497	0
Lachhasir	19	338	242179	786426	0
Lachhbar Bujha	33	31	269221	812931	0
Lachheli Moti	10	170	227599	743477	0
Lachhera	33	525	294080	776664	0
Lachhghata	33	515	264526	837196	0
Lachhi	34	589	299056	790416	0
Lachhi Dumri	4	381	260314	849817	0
Lachhi Kharea	4	675	265453	842725	0
Lachhi Khera	33	301	264124	808930	0
Lachhi Nagla	33	116	278580	792937	0
Lachhi Patti	33	33	261241	824582	0
Lachhi Purwa	33	659	271964	801697	0
Lachhi Rai	33	539	268406	835820	0
Lachhi Tola	19	142	222018	802575	0
Lachhia	33	539	269013	838021	0
Lachhia Deoria	33	539	266466	840631	0
Lachhia ka Pura	33	196	252031	823127	0
Lachhidih	4	505	244851	864433	0
Lachhimal	25	546	216875	843409	0
Lachhiman	33	661	272468	795225	0
Lachhimanpur	33	27	256023	834176	0
Lachhimanpur	33	698	259563	809759	0
Lachhimanpur	33	242	253029	828811	0
Lachhiminagar	33	522	270052	824942	0
Lachhimpur	33	593	276630	787749	0
Lachhimpur	4	117	247267	851804	0
Lachhina	34	413	295939	794055	0
Lachhipali	25	290	217590	836481	0
Lachhipatti	33	33	259501	823864	0
Lachhipur	13	0	344153	742278	0
Lachhipur	33	694	255088	832361	0
Lachhipur	33	27	255596	832520	0
Lachhipur	33	688	258114	820642	0
Lachhipur	33	626	255907	813651	0
Lachhipur	33	301	266427	808269	0
Lachhipur	33	654	262404	808888	0
Lachhipur	33	488	274256	811646	0
Lachhipur	33	31	271915	809306	0
Lachhipur	33	622	285049	788413	0
Lachhipur	33	522	270337	820002	0
Lachhipur	33	688	260188	820053	0
Lachhipur	33	152	268688	822669	0
Lachhipur	33	605	266137	824697	0
Lachhipur	33	488	274484	809958	0
Lachhipur	33	488	273598	809709	0
Lachhipur	4	615	260111	842517	0
Lachhipur	4	581	253674	856926	0
Lachhipur	33	659	270265	801056	0
Lachhipur	14	678	237842	847266	0
Lachhipur	25	527	200995	851876	0
Lachhipur	33	488	272519	809719	0
Lachhipura	19	338	241831	787363	0
Lachhipura	33	526	269096	779892	0
Lachhipura	13	289	341789	740900	0
Lachhipura	28	428	263226	746471	0
Lachhiramdih	14	416	229730	855533	0
Lachhirampur	33	698	257823	808122	0
Lachhirampur	33	242	252200	828383	0
Lachhireddiguda	31	62	173967	780971	0
Lachhireddiguda	31	386	177303	783963	0
Lachhitara	33	584	256947	819788	0
Lachhiwala	34	430	301955	781196	0
Lachhmaguda	31	62	172518	781783	0
Lachhmaguda	31	128	174304	788105	0
Lachhman	33	532	262622	827523	0
Lachhman	33	329	282271	793011	0
Lachhman Bagh	33	269	274410	821431	0
Lachhman Bigha	4	117	250491	847379	0
Lachhman Bigha	4	394	248766	841359	0
Lachhman Bigha	4	117	246359	846828	0
Lachhman Bigha	4	117	247727	848481	0
Lachhman Bigha	4	117	248186	849613	0
Lachhman Bigha	4	117	247954	849210	0
Lachhman Bigha	4	507	252470	851237	0
Lachhman Chak	33	282	274593	815453	0
Lachhman Chak	33	515	263062	839986	0
Lachhman Chak	33	515	263345	841613	0
Lachhman Dih	33	269	274227	822681	0
Lachhman Dih	33	280	271626	825498	0
Lachhman Garhi	34	430	303135	779921	0
Lachhman Garhi	33	526	271660	778283	0
Lachhman Jot	33	269	271892	823647	0
Lachhman Khera	33	301	263745	809994	0
Lachhman Khera	33	685	270485	806679	0
Lachhman ki Dhani	11	415	285928	757993	0
Lachhman ki Dhani	28	288	282735	758483	0
Lachhman Kund	33	479	263809	832102	0
Lachhman Kunr Khera	33	654	265374	812217	0
Lachhman Mahtun	33	522	272157	819588	0
Lachhman Misr	33	522	268418	820092	0
Lachhman Murao	33	522	270508	824385	0
Lachhman Nagla	33	116	277876	792892	0
Lachhman Pura	33	282	273423	818032	0
Lachhman Pura	33	605	268027	821784	0
Lachhman Purwa	33	522	270323	818907	0
Lachhman Purwa	33	522	271241	818270	0
Lachhman Purwa	33	654	263755	811620	0
Lachhman Purwa	33	522	269760	819496	0
Lachhman Purwa	33	522	269775	823393	0
Lachhman Purwa	33	282	276005	814614	0
Lachhman Purwa	33	659	273841	801463	0
Lachhman Purwa	33	659	270382	800307	0
Lachhman Purwa	33	659	270038	800145	0
Lachhman Singh	33	637	263252	815164	0
Lachhman Tola	33	539	266829	836307	0
Lachhman Tola	33	539	267657	837906	0
Lachhman Tola	33	539	269939	838756	0
Lachhmana	4	136	258245	862055	0
Lachhmana ka was	28	302	257939	754574	0
Lachhmandih	4	117	245524	848707	0
Lachhmanganj	33	31	268378	814832	0
Lachhmanganj	33	532	264105	822768	0
Lachhmanganj	33	688	260465	817044	0
Lachhmanganj	19	313	250615	805566	0
Lachhmangarh	28	463	273659	768599	0
Lachhmangarh	33	694	254360	832210	0
Lachhmangarh	33	31	265984	812697	0
Lachhmangarh	6	695	228622	829873	0
Lachhmangarh	27	624	307442	764915	0
Lachhmangarh	28	428	261973	746045	0
Lachhmangarh	28	263	261329	740773	0
Lachhmangarh	28	298	253904	743759	0
Lachhmangarhi	33	613	285526	777098	0
Lachhmangarhi	33	523	279672	778414	0
Lachhmangir	4	675	263142	845558	0
Lachhmania	4	136	258550	860875	0
Lachhmania	4	567	251019	862005	0
Lachhmania	4	569	257494	863137	0
Lachhmania	4	727	256350	864681	0
Lachhmania	4	636	258243	865791	0
Lachhmania	4	636	258852	866159	0
Lachhmania	4	632	259591	866773	0
Lachhmania	4	636	258824	866986	0
Lachhmania	4	636	258356	867290	0
Lachhmania	4	636	259456	865906	0
Lachhmania	4	636	257346	865493	0
Lachhmania	4	636	256251	865738	0
Lachhmania	4	636	256435	866464	0
Lachhmania	4	636	256953	866273	0
Lachhmania	4	636	256586	867154	0
Lachhmania	4	632	259287	868297	0
Lachhmania	4	632	256091	869062	0
Lachhmania	4	590	255054	870998	0
Lachhmania	4	727	254872	867064	0
Lachhmania	4	636	258623	864015	0
Lachhmania	4	569	259800	863748	0
Lachhmania Ghat	4	136	257494	863117	0
Lachhmanitola	4	636	259172	864594	0
Lachhmannagar	33	282	274360	817363	0
Lachhmanpatti	33	561	253525	824896	0
Lachhmanpet	19	142	218444	803598	0
Lachhmanpur	33	445	270844	793692	0
Lachhmanpur	33	445	271337	793662	0
Lachhmanpur	33	548	269627	796912	0
Lachhmanpur	33	645	266136	799150	0
Lachhmanpur	33	645	265155	798810	0
Lachhmanpur	33	316	295297	772018	0
Lachhmanpur	33	526	273251	781797	0
Lachhmanpur	33	593	277351	788361	0
Lachhmanpur	33	682	276015	784517	0
Lachhmanpur	33	686	266171	795751	0
Lachhmanpur	33	548	269833	799921	0
Lachhmanpur	33	645	267792	797980	0
Lachhmanpur	33	389	274529	786444	0
Lachhmanpur	33	698	257475	810582	0
Lachhmanpur	33	27	254951	834189	0
Lachhmanpur	33	694	252819	834596	0
Lachhmanpur	33	694	252225	833675	0
Lachhmanpur	4	718	253127	838600	0
Lachhmanpur	33	694	247372	832026	0
Lachhmanpur	33	621	256531	802076	0
Lachhmanpur	33	451	276683	794698	0
Lachhmanpur	33	688	258855	821307	0
Lachhmanpur	33	242	253614	829691	0
Lachhmanpur	33	102	247578	827438	0
Lachhmanpur	33	488	276851	810400	0
Lachhmanpur	33	488	273915	810557	0
Lachhmanpur	33	488	273527	810092	0
Lachhmanpur	33	488	273264	811680	0
Lachhmanpur	33	282	276938	815658	0
Lachhmanpur	33	595	277286	817617	0
Lachhmanpur	33	595	276715	818446	0
Lachhmanpur	33	595	275997	819535	0
Lachhmanpur	33	595	276868	819623	0
Lachhmanpur	33	595	277396	818460	0
Lachhmanpur	33	522	271295	819909	0
Lachhmanpur	33	522	272075	818715	0
Lachhmanpur	33	685	267812	810581	0
Lachhmanpur	33	31	268427	812132	0
Lachhmanpur	33	685	266566	811594	0
Lachhmanpur	33	31	266323	813058	0
Lachhmanpur	33	654	265290	812503	0
Lachhmanpur	33	654	264958	811914	0
Lachhmanpur	33	637	263489	817663	0
Lachhmanpur	33	637	263377	817943	0
Lachhmanpur	33	575	264692	819242	0
Lachhmanpur	33	698	258582	809990	0
Lachhmanpur	33	685	270633	809564	0
Lachhmanpur	33	450	263294	803454	0
Lachhmanpur	33	450	263017	803914	0
Lachhmanpur	33	522	273925	819975	0
Lachhmanpur	33	269	275155	821864	0
Lachhmanpur	33	269	275919	821584	0
Lachhmanpur	33	269	276210	821630	0
Lachhmanpur	33	269	273820	821415	0
Lachhmanpur	33	269	273753	822419	0
Lachhmanpur	33	626	254182	814879	0
Lachhmanpur	33	522	270730	821949	0
Lachhmanpur	33	269	274261	823185	0
Lachhmanpur	33	269	272235	822702	0
Lachhmanpur	33	269	271863	823053	0
Lachhmanpur	33	269	272243	824124	0
Lachhmanpur	33	269	271291	824117	0
Lachhmanpur	33	152	270720	827061	0
Lachhmanpur	33	280	272294	827219	0
Lachhmanpur	33	522	268438	821991	0
Lachhmanpur	33	605	266576	820559	0
Lachhmanpur	33	575	262460	820704	0
Lachhmanpur	33	575	261970	821064	0
Lachhmanpur	33	152	268102	822768	0
Lachhmanpur	33	152	269309	823800	0
Lachhmanpur	33	152	268901	824754	0
Lachhmanpur	33	152	269027	822680	0
Lachhmanpur	33	605	266366	823379	0
Lachhmanpur	33	605	265668	824096	0
Lachhmanpur	33	152	267275	824567	0
Lachhmanpur	33	532	265375	824276	0
Lachhmanpur	33	575	261814	823963	0
Lachhmanpur	33	522	269653	825174	0
Lachhmanpur	33	152	268919	827213	0
Lachhmanpur	33	532	266192	825153	0
Lachhmanpur	33	152	266591	826516	0
Lachhmanpur	33	33	261551	826512	0
Lachhmanpur	33	496	270848	832328	0
Lachhmanpur	33	496	271358	835041	0
Lachhmanpur	33	314	268638	833132	0
Lachhmanpur	33	314	268609	833792	0
Lachhmanpur	33	314	266142	835843	0
Lachhmanpur	33	688	256073	816048	0
Lachhmanpur	33	539	268315	838022	0
Lachhmanpur	33	688	258932	817598	0
Lachhmanpur	33	619	249928	810658	0
Lachhmanpur	6	490	215311	809944	0
Lachhmanpur	33	488	276033	807759	0
Lachhmanpur	33	488	275135	809530	0
Lachhmanpur	33	488	273787	808348	0
Lachhmanpur	33	488	273322	808535	0
Lachhmanpur	33	488	273262	808020	0
Lachhmanpur	33	488	274709	808600	0
Lachhmanpur	20	134	207117	803809	0
Lachhmanpur	33	654	260564	812611	0
Lachhmanpur	33	31	268975	815169	0
Lachhmanpur	33	637	262491	816587	0
Lachhmanpur	4	363	256041	846954	0
Lachhmanpur	34	530	291789	795855	0
Lachhmanpur	33	656	287334	797355	0
Lachhmanpur	33	516	256544	840128	0
Lachhmanpur	4	597	255134	840448	0
Lachhmanpur	4	394	251742	842295	0
Lachhmanpur	4	363	256555	844501	0
Lachhmanpur	4	518	252947	864971	0
Lachhmanpur	33	488	274876	805033	0
Lachhmanpur	33	488	273953	806238	0
Lachhmanpur	33	488	274265	806245	0
Lachhmanpur	33	488	273957	805383	0
Lachhmanpur	33	488	273212	806509	0
Lachhmanpur	33	686	266289	793261	0
Lachhmanpur	4	495	251782	853786	0
Lachhmanpur	4	581	254225	855639	0
Lachhmanpur	33	451	278340	800031	0
Lachhmanpur	33	659	274090	800383	0
Lachhmanpur	33	488	272229	807906	0
Lachhmanpur	33	659	271651	807900	0
Lachhmanpur	33	488	273829	809415	0
Lachhmanpur	33	488	274148	809414	0
Lachhmanpur	33	488	274242	809971	0
Lachhmanpur	33	488	273515	809555	0
Lachhmanpur	33	488	273720	809567	0
Lachhmanpur	33	488	274558	809940	0
Lachhmanpur	33	282	277155	814818	0
Lachhmanpur	33	488	273103	807187	0
Lachhmanpur Bazar	33	595	276554	820682	0
Lachhmanpur Ghoghara	33	522	269162	819721	0
Lachhmanpur Gor Purwa	33	595	276251	820186	0
Lachhmanpur Grant	33	522	269626	821807	0
Lachhmanpur Jat	33	522	271073	818671	0
Lachhmanpur Khairhanian	33	269	275638	820457	0
Lachhmanpur Kunwar	33	152	269341	823217	0
Lachhmanpur Lalnagar	33	522	273443	821238	0
Lachhmanpur Majhgawan	33	595	277516	820695	0
Lachhmanpur Matehi	33	282	279512	814621	0
Lachhmanpur Pilakh	33	645	266100	796991	0
Lachhmanpura	33	370	245087	787171	0
Lachhmanpura	19	462	247671	788949	0
Lachhmanpura	33	710	263846	791114	0
Lachhmanpura	33	710	262755	791778	0
Lachhmanpura	19	462	247014	791653	0
Lachhmanpura	19	16	242621	766583	0
Lachhmanpura	28	428	262193	751314	0
Lachhmanpura	28	599	268044	776834	0
Lachhmanpura	19	16	240149	771642	0
Lachhmanpura	19	324	242698	772502	0
Lachhmanpura	19	208	240166	773753	0
Lachhmanpura	19	638	250153	794196	0
Lachhmanpura	19	638	251727	799329	0
Lachhmanpura	33	417	254032	786673	0
Lachhmanpura	33	370	250630	785749	0
Lachhmanpura	19	338	238979	784241	0
Lachhmanpura	19	16	239831	763166	0
Lachhmanpura	19	16	239727	765982	0
Lachhmanpura	19	16	236520	767107	0
Lachhmanpura	19	16	239634	767991	0
Lachhmanpura	19	16	238192	767939	0
Lachhmanpura	28	298	253201	744150	0
Lachhmantola	4	510	255653	857635	0
Lachhmanwa	4	382	269643	847960	0
Lachhmanwa	4	382	268865	847530	0
Lachhmanwali	33	464	288814	784506	0
Lachhmapalli	31	447	177175	785985	0
Lachhmapat	31	62	171403	780139	0
Lachhmapur	31	447	179844	787117	0
Lachhmapur	31	300	176632	787006	0
Lachhmapur	31	58	182284	780566	0
Lachhmapur	31	75	187369	782501	0
Lachhmapur	31	386	181312	783640	0
Lachhmapuram	31	75	187282	780537	0
Lachhmara	33	561	252666	826325	0
Lachhmi	14	442	251701	876366	0
Lachhmi Ahirtola	4	363	257138	843698	0
Lachhmi Bathan	14	454	245967	857913	0
Lachhmi Bigha	4	581	253679	848295	0
Lachhmi Bigha	4	581	252945	848384	0
Lachhmi Bigha	4	507	251677	849960	0
Lachhmi Bigha	4	106	247713	853534	0
Lachhmi Bigha	4	106	249151	854639	0
Lachhmi Bigha	4	106	247277	853643	0
Lachhmi Bigha	4	106	246758	853461	0
Lachhmi Bigha	4	106	246822	854820	0
Lachhmi Bigha	4	117	247239	852561	0
Lachhmi Bigha	4	106	249316	856956	0
Lachhmi Bigha	4	495	253421	853529	0
Lachhmi Bigha	4	495	253038	854573	0
Lachhmi Bigha	4	495	251999	853667	0
Lachhmi Chak	33	314	264013	831315	0
Lachhmi Chak	4	581	255300	851392	0
Lachhmi Chak	4	581	254012	851530	0
Lachhmi Khera	33	654	262199	808910	0
Lachhmi Khera	33	685	265906	810096	0
Lachhmi Khera	33	654	263199	810184	0
Lachhmi Narayanpur	4	687	258677	852173	0
Lachhmi Narayanpur	4	687	259214	853356	0
Lachhmi Narayanpur	4	687	257877	854766	0
Lachhmi Purwa	33	619	251832	812284	0
Lachhmi Tola	33	539	268484	839347	0
Lachhmidevipalli	31	63	188874	789503	0
Lachhmidevipalli	31	447	182062	787636	0
Lachhmidih	4	106	246270	854207	0
Lachhmiganj	33	654	259631	813247	0
Lachhmikhera	28	298	257849	744698	0
Lachhminagai	33	280	272807	827417	0
Lachhminagar	33	269	275523	820599	0
Lachhminagar	33	269	274771	824295	0
Lachhminagar	33	269	271857	824171	0
Lachhminagar	33	280	274686	827321	0
Lachhminagar	33	269	274993	827028	0
Lachhminagar	31	447	180974	786760	0
Lachhminagar Purwa	33	522	270041	824908	0
Lachhminarain Khera	33	301	265604	808969	0
Lachhminarayan Purwa	33	654	260687	814617	0
Lachhminarayanpalli	31	63	189292	790898	0
Lachhminarayanpur	4	687	257450	854136	0
Lachhminarayanpura	28	120	267624	755489	0
Lachhminarayanpura	28	120	270255	757969	0
Lachhminia	4	535	266027	863268	0
Lachhminia	4	569	260466	862669	0
Lachhminia	4	632	260416	867569	0
Lachhminia	4	410	261253	869281	0
Lachhminia	4	410	261062	869494	0
Lachhminia	4	410	263592	870015	0
Lachhminia	4	632	255132	870445	0
Lachhminia	4	410	261594	865291	0
Lachhminia	4	410	260603	867000	0
Lachhminiatola	4	396	254619	870624	0
Lachhmipol	28	428	264871	745900	0
Lachhmipur	33	116	283779	789887	0
Lachhmipur	34	430	304377	777906	0
Lachhmipur	34	430	303808	778149	0
Lachhmipur	34	430	303325	779266	0
Lachhmipur	33	531	288287	790645	0
Lachhmipur	33	329	283685	791057	0
Lachhmipur	33	523	277512	782292	0
Lachhmipur	33	445	273665	791058	0
Lachhmipur	33	451	279678	798994	0
Lachhmipur	4	718	251931	838120	0
Lachhmipur	33	445	270802	790495	0
Lachhmipur	33	619	251954	813057	0
Lachhmipur	33	479	259476	833319	0
Lachhmipur	33	496	272375	832666	0
Lachhmipur	33	314	270200	833093	0
Lachhmipur	33	314	270480	833248	0
Lachhmipur	33	496	270218	833627	0
Lachhmipur	33	496	270141	834089	0
Lachhmipur	33	496	270440	834954	0
Lachhmipur	33	496	272091	835148	0
Lachhmipur	33	496	270354	835800	0
Lachhmipur	33	496	271430	836590	0
Lachhmipur	33	496	271766	836882	0
Lachhmipur	33	314	269414	832297	0
Lachhmipur	33	314	266350	832129	0
Lachhmipur	33	314	269965	832987	0
Lachhmipur	33	314	269916	832966	0
Lachhmipur	33	314	269175	833446	0
Lachhmipur	33	314	268869	834159	0
Lachhmipur	33	496	269708	834009	0
Lachhmipur	33	314	268640	834874	0
Lachhmipur	33	314	267905	834072	0
Lachhmipur	33	314	268158	834598	0
Lachhmipur	33	314	267011	833175	0
Lachhmipur	33	314	265535	832508	0
Lachhmipur	33	314	265143	832966	0
Lachhmipur	33	314	267115	834217	0
Lachhmipur	33	314	263280	834364	0
Lachhmipur	33	496	269878	835582	0
Lachhmipur	33	539	269120	835671	0
Lachhmipur	33	539	267637	837177	0
Lachhmipur	33	539	268729	837474	0
Lachhmipur	33	314	266359	835075	0
Lachhmipur	33	314	265823	835219	0
Lachhmipur	33	515	265078	836355	0
Lachhmipur	33	515	266655	837355	0
Lachhmipur	33	314	263049	835042	0
Lachhmipur	33	515	264787	836171	0
Lachhmipur	33	515	263154	836905	0
Lachhmipur	33	564	261969	837314	0
Lachhmipur	33	539	269831	837909	0
Lachhmipur	33	539	267601	839619	0
Lachhmipur	13	477	323870	753107	0
Lachhmipur	6	279	222772	821243	0
Lachhmipur	28	428	262153	746458	0
Lachhmipur	33	613	282137	783218	0
Lachhmipur	34	530	293613	790882	0
Lachhmipur	4	363	256928	846299	0
Lachhmipur	4	457	272537	845782	0
Lachhmipur	4	457	271563	845383	0
Lachhmipur	33	539	268573	840751	0
Lachhmipur	33	539	267065	840141	0
Lachhmipur	33	539	266605	840022	0
Lachhmipur	33	539	266341	840405	0
Lachhmipur	33	539	266400	841571	0
Lachhmipur	33	515	265550	840244	0
Lachhmipur	33	515	265467	840410	0
Lachhmipur	33	539	266828	841983	0
Lachhmipur	33	515	264040	840134	0
Lachhmipur	4	675	264062	841377	0
Lachhmipur	4	675	264560	841602	0
Lachhmipur	4	615	261720	840210	0
Lachhmipur	4	615	262383	841598	0
Lachhmipur	4	615	262379	841915	0
Lachhmipur	4	457	268824	843892	0
Lachhmipur	4	457	269315	844443	0
Lachhmipur	33	539	266411	843083	0
Lachhmipur	4	457	267205	844625	0
Lachhmipur	4	457	269715	845139	0
Lachhmipur	33	329	288105	794753	0
Lachhmipur	33	329	284841	794678	0
Lachhmipur	34	617	289309	795465	0
Lachhmipur	4	382	269601	847875	0
Lachhmipur	4	382	269255	847503	0
Lachhmipur	4	382	269188	848022	0
Lachhmipur	4	382	268381	848399	0
Lachhmipur	4	382	268858	848714	0
Lachhmipur	4	382	269231	849119	0
Lachhmipur	4	382	267806	849795	0
Lachhmipur	4	382	266259	848737	0
Lachhmipur	33	329	283752	795695	0
Lachhmipur	33	451	281509	797192	0
Lachhmipur	4	112	246355	840518	0
Lachhmipur	4	394	250846	841172	0
Lachhmipur	4	394	251645	841915	0
Lachhmipur	33	516	258175	844128	0
Lachhmipur	33	516	257487	844788	0
Lachhmipur	4	363	254468	844881	0
Lachhmipur	14	673	244051	842801	0
Lachhmipur	4	581	253402	858170	0
Lachhmipur	4	663	252113	858642	0
Lachhmipur	4	663	250103	859520	0
Lachhmipur	4	535	265732	861428	0
Lachhmipur	4	535	265183	864276	0
Lachhmipur	4	535	265382	864932	0
Lachhmipur	31	160	192942	794327	0
Lachhmipur	31	90	190945	793322	0
Lachhmipur	4	663	251495	857261	0
Lachhmipur	31	160	194835	795975	0
Lachhmipur	31	90	192168	795792	0
Lachhmipur	31	90	191322	797457	0
Lachhmipur	4	581	255005	857582	0
Lachhmipur	4	136	257274	859194	0
Lachhmipur	4	106	247441	854704	0
Lachhmipur	4	106	248349	857187	0
Lachhmipur	4	535	264354	861689	0
Lachhmipur	4	535	262502	860525	0
Lachhmipur	4	569	261093	860052	0
Lachhmipur	4	569	260175	860822	0
Lachhmipur	4	569	260466	861182	0
Lachhmipur	4	569	261080	860811	0
Lachhmipur	4	569	260349	861719	0
Lachhmipur	4	535	263492	862519	0
Lachhmipur	4	535	262202	862881	0
Lachhmipur	4	535	261592	863705	0
Lachhmipur	4	410	261423	868089	0
Lachhmipur	4	410	262040	869986	0
Lachhmipur	4	569	259554	860720	0
Lachhmipur	4	136	258280	860100	0
Lachhmipur	4	569	259468	860143	0
Lachhmipur	4	510	256277	861824	0
Lachhmipur	4	136	257153	862051	0
Lachhmipur	31	63	187731	791079	0
Lachhmipur	4	567	252408	860611	0
Lachhmipur	4	567	251091	860609	0
Lachhmipur	4	567	252037	863061	0
Lachhmipur	4	505	250003	864028	0
Lachhmipur	4	518	251828	865986	0
Lachhmipur	4	636	257892	867697	0
Lachhmipur	4	632	259418	869746	0
Lachhmipur	4	632	257581	869780	0
Lachhmipur	4	636	257309	868342	0
Lachhmipur	4	632	256648	869595	0
Lachhmipur	4	505	247995	861899	0
Lachhmipur	31	90	188970	792619	0
Lachhmipur	4	117	248966	849358	0
Lachhmipur	4	641	263804	871316	0
Lachhmipur	4	632	260222	870695	0
Lachhmipur	4	641	261825	872132	0
Lachhmipur	4	641	263326	874179	0
Lachhmipur	4	641	261184	873157	0
Lachhmipur	4	641	259790	871653	0
Lachhmipur	4	590	255458	870694	0
Lachhmipur	4	396	253676	870952	0
Lachhmipur	4	396	251197	871343	0
Lachhmipur	14	570	250297	872220	0
Lachhmipur	4	590	256884	873283	0
Lachhmipur	4	602	255248	873667	0
Lachhmipur	4	396	251989	872829	0
Lachhmipur	4	590	257805	876941	0
Lachhmipur	4	396	252834	873766	0
Lachhmipur	4	602	255620	877554	0
Lachhmipur	4	602	252748	878401	0
Lachhmipur	4	602	254815	878183	0
Lachhmipur	4	381	259376	854360	0
Lachhmipur	4	687	257486	854614	0
Lachhmipur	4	495	253506	852585	0
Lachhmipur	4	495	250784	853898	0
Lachhmipur	4	495	250902	854656	0
Lachhmipur	4	495	250501	854981	0
Lachhmipur	4	495	250438	854499	0
Lachhmipur	4	495	252752	855990	0
Lachhmipur	1	-1	191359	783155	0
Lachhmipur	4	602	254779	875099	0
Lachhmipur	4	602	254150	877121	0
Lachhmipur	14	454	244861	857790	0
Lachhmipur	14	434	245544	859781	0
Lachhmipur	4	636	259398	864694	0
Lachhmipur	4	636	259032	864725	0
Lachhmipur	14	434	242941	863446	0
Lachhmipur	4	535	264992	861266	0
Lachhmipur	4	590	257145	870497	0
Lachhmipur	4	632	256791	870191	0
Lachhmipur	4	518	252560	865769	0
Lachhmipur	4	106	248883	857687	0
Lachhmipur	4	106	248433	857701	0
Lachhmipur Bakhri	4	687	257680	853177	0
Lachhmipur Bela	4	396	251276	872882	0
Lachhmipur Deorwa	33	496	270489	835401	0
Lachhmipur Gachh	4	641	262132	874022	0
Lachhmipur Jungle	33	314	267855	833616	0
Lachhmipur Kulia	33	515	264285	835909	0
Lachhmipur Milik	4	632	256540	869717	0
Lachhmipur Pokhariya	4	382	268965	848646	0
Lachhmipura	28	302	257012	756036	0
Lachhmipura	28	120	266092	760516	0
Lachhmipura	33	316	296821	771638	0
Lachhmipura	28	487	251934	768269	0
Lachhmipura	28	487	251785	768243	0
Lachhmipura	28	487	251894	768457	0
Lachhmipura	28	428	262582	748967	0
Lachhmipura	28	550	256096	740208	0
Lachhmipura	28	402	250226	746118	0
Lachhmipura	28	298	254312	746047	0
Lachhmipura	28	298	254321	746879	0
Lachhmipura	28	298	256523	751532	0
Lachhmipura	28	428	257213	752319	0
Lachhmipura	28	298	255323	752011	0
Lachhmipura	28	321	243435	764102	0
Lachhmipura	28	321	242499	763111	0
Lachhmipura	19	16	240955	762579	0
Lachhmipura	28	428	261086	750700	0
Lachhmipura	28	428	260023	751225	0
Lachhmipura	28	302	260691	754319	0
Lachhmipura	19	324	247930	770056	0
Lachhmipura	13	477	324029	754788	0
Lachhmipura	28	120	267680	758274	0
Lachhmipura	28	163	232486	744194	0
Lachhmipura	28	550	253129	740462	0
Lachhmipura	28	550	250170	742311	0
Lachhmipura	28	298	253143	743547	0
Lachhmipura	28	298	254819	744002	0
Lachhmipura	28	402	250525	747591	0
Lachhmipura	28	402	251054	749197	0
Lachhmipura	28	402	250639	749928	0
Lachhmipura	28	298	256627	752730	0
Lachhmipura ki Tapri	28	487	251729	768278	0
Lachhmipuram	31	63	189209	786948	0
Lachhmipuram	31	75	187599	785418	0
Lachhmipuram	31	222	183336	785938	0
Lachhmipuram	31	63	188074	789836	0
Lachhmipuram	31	222	184774	788827	0
Lachhmipuram	31	222	183619	788418	0
Lachhmitola	4	569	259585	861742	0
Lachhmiwas	28	298	250779	742481	0
Lachhna	6	490	213620	808135	0
Lachhna	4	663	251226	858153	0
Lachhnahi	4	457	269765	840718	0
Lachhnaiti	4	117	245628	848679	0
Lachhnan Narayan Purwa	33	654	260405	813836	0
Lachhnatola	6	490	213612	808010	0
Lachhnauta	4	457	272412	843833	0
Lachhnauta	4	457	271872	844519	0
Lachhnauta	4	457	269179	843946	0
Lachhnauta	4	457	269835	845111	0
Lachhni	19	497	250011	815069	0
Lachhnipur	33	659	276423	801801	0
Lachhog	12	604	310276	770933	0
Lachhog	12	460	309746	776658	0
Lachhoi	33	613	284265	781599	0
Lachhoni	19	324	241080	770379	0
Lachhora	28	298	255959	743595	0
Lachhora	19	202	222268	767826	0
Lachhora	19	317	219086	760350	0
Lachhora	19	202	217784	764690	0
Lachhora	19	446	225519	771346	0
Lachhpathar	13	0	343040	741250	0
Lachhpur	33	389	270115	785829	0
Lachhpur	4	675	265160	842442	0
Lachhra	33	479	261729	830791	0
Lachhrampur	33	479	259875	831439	0
Lachhrampur	33	479	260904	831806	0
Lachhrampur	4	136	259880	857456	0
Lachhru Kalan	27	543	303445	766399	0
Lachhru Khurd	27	543	303291	766252	0
Lachhu Bigha	4	734	251872	847701	0
Lachhu Bigha	4	117	249695	852795	0
Lachhu Bigha	4	495	253715	853453	0
Lachhu Chak	4	581	253638	856968	0
Lachhu Chhapar Andar Bhaisahi	4	457	269078	844857	0
Lachhu Purwa	33	444	256035	807999	0
Lachhuar	4	505	249160	860150	0
Lachhukona	25	349	190830	835414	0
Lachhuman Chak	4	615	261847	841921	0
Lachhumannagar	4	394	249390	841908	0
Lachhumanwa	4	382	269266	847452	0
Lachhumanwa	4	382	265726	847305	0
Lachhun	12	39	320761	766044	0
Lachhun	12	39	319724	761972	0
Lachhunaiti	4	117	245936	847788	0
Lachhura Kalan	19	202	216522	764694	0
Lachhutola	4	-1	256793	845054	0
Lachhutola	33	516	257157	844977	0
Lachhuwa	19	325	222254	789962	0
Lachhuwadih	14	434	244444	862956	0
Lachhuwapur	33	242	251996	828319	0
Lachhwapur	33	269	276120	822322	0
Lachi	19	239	219510	750953	0
Lachida	25	478	214170	837224	0
Lachiguda	25	349	192334	830337	0
Lachil	13	35	332865	757797	0
Lachipuram	1	6	151379	799922	0
Lachkabas	28	463	276320	769497	0
Lachkan	14	434	246017	859952	0
Lachkandi	12	267	319866	768766	0
Lachkani	27	543	304042	763363	0
Lachkapara	6	627	202764	818635	0
Lachkera	6	285	210555	820428	0
Lachkipara	6	577	185830	817213	0
Lachmaguda	25	305	188631	823923	0
Lachmagudam	31	128	170683	788989	0
Lachmakavundankalam	30	204	111000	778726	0
Lachmakkapalli	31	178	175684	794219	0
Lachmakkapalli	31	128	177198	790086	0
Lachman	13	35	335176	759117	0
Lachmanapalli	31	557	182891	795170	0
Lachmanapalya	15	92	136720	773206	0
Lachmandih	14	483	242206	868372	0
Lachmanpalle	31	203	170982	775463	0
Lachmanpur	13	76	340054	747796	0
Lachmanpur	33	637	262503	816575	0
Lachmanpur	4	581	255928	849491	0
Lachmanpur	4	581	255756	850523	0
Lachmansidh	34	430	302481	780843	0
Lachmarg	13	36	335497	748882	0
Lachmi	14	570	249840	871613	0
Lachmi Chak	4	581	256000	850093	0
Lachmi Kita	14	570	248536	871423	0
Lachmidevipet	31	218	182977	799625	0
Lachmikhera	28	428	260157	746214	0
Lachminarayanpur	31	203	172078	775858	0
Lachmipos	25	262	223000	845333	0
Lachmipur	14	643	245041	871335	0
Lachmipur	33	451	279190	796421	0
Lachmipur	34	617	291966	790699	0
Lachmipur	4	457	269390	841709	0
Lachmipur	4	675	265772	842319	0
Lachmipur	33	516	260782	840433	0
Lachmipur	4	535	265463	859170	0
Lachmipura	28	22	240747	738629	0
Lachmipuram	31	717	187116	794968	0
Lachna	34	413	296497	798405	0
Lachnirampur	33	196	252323	828123	0
Lachora	20	182	216266	744069	0
Lachowal	27	284	315584	758508	0
Lachragarh	14	476	226441	848620	0
Lachung	29	28	276934	887443	0
Lachwahi	33	278	269358	789741	0
Lachyan	20	131	172833	749667	0
Lachyan	12	267	320035	768775	0
Lachyan	15	80	172796	759717	0
Lacnapet	31	46	174960	811772	0