Madhyamgram	35	432	226894	884459	161126
Madhurampur Dehri	4	394	249690	841964	137231
Madhavaram	30	199	131482	802314	119105
Madhubani	4	535	263537	860717	75736
Madhupur	14	483	242742	866393	55238
Madhepura	4	632	259213	867927	54472
Madhapar	10	107	232376	696995	32293
Madhugiri	15	92	136604	772124	29159
Madhira	31	46	169233	803631	22716
Madhuban	4	382	264386	851357	17510
Madhuban	32	713	237815	912858	16579
Madhuru	16	294	125398	750102	12685
Madhogarh	33	710	262752	791859	10530
Madhoganj	33	659	271181	801406	10299
Madhogarh	19	313	245640	809113	5249
Madhuban	14	387	237606	862125	4316
Madhavkampa	10	124	231915	732276	2200
Madhupur	10	135	210305	706008	462
Madh	20	52	193118	738424	0
Madh	20	200	191500	728333	0
Madh	11	425	297144	754005	0
Madh	33	431	300052	775813	0
Madha	20	131	180342	755166	0
Madha	28	22	246280	735057	0
Madha	11	327	291965	760814	0
Madha	20	49	205171	759922	0
Madha Edavalli	31	100	172171	792090	0
Madhabdihi	35	361	230180	878758	0
Madhabpur	35	340	223594	880647	0
Madhabpur	35	4	220497	885625	0
Madhabpur	25	281	216248	858542	0
Madhagudem	31	160	193278	795051	0
Madhaha	4	457	268729	844466	0
Madhai	33	488	275343	810440	0
Madhai Jot	33	522	272925	820941	0
Madhai ka Nagla	33	548	270876	796677	0
Madhai Purwa	33	645	264869	799925	0
Madhai Purwa	33	522	272871	819397	0
Madhai Tola	33	539	268731	836692	0
Madhaia	33	553	293667	786753	0
Madhaia	14	570	248653	871608	0
Madhaibhata	6	611	216448	829721	0
Madhail	4	590	260516	877610	0
Madhail	4	641	261764	875765	0
Madhaili	4	602	254841	873084	0
Madhaimar	33	196	248356	827066	0
Madhaina	33	584	253220	818821	0
Madhaipur	33	33	256736	825024	0
Madhaipur	33	242	253990	829304	0
Madhaipur	33	488	275256	810475	0
Madhaipur	33	522	270004	818522	0
Madhaipur	33	522	270567	819927	0
Madhaipur	33	688	258365	814692	0
Madhaipur	33	522	271042	822160	0
Madhaipur	33	522	270822	822914	0
Madhaipur	33	532	265623	823546	0
Madhaipur	6	669	221660	825844	0
Madhaipur	6	299	214355	819823	0
Madhaipur	4	136	256252	858093	0
Madhaipur	4	535	264445	860818	0
Madhaipur	4	590	260230	877637	0
Madhaipur	35	347	242812	877971	0
Madhaipur Kurmi	33	522	270124	817543	0
Madhaipura	4	636	258362	867480	0
Madhaisa	33	584	255632	817890	0
Madhaiya	33	575	260909	823059	0
Madhaiya Parasram	33	116	279964	787231	0
Madhaiya Ramsala	33	656	284556	799001	0
Madhaiyapur	33	278	269599	791005	0
Madhaka	33	102	247569	827239	0
Madhakhaniyan	33	102	247768	827290	0
Madhakpur	33	102	247041	831930	0
Madhakur	33	526	271555	778658	0
Madhal	13	359	330212	752336	0
Madhalli	15	583	152635	754299	0
Madhalli	15	333	135537	751427	0
Madhalli	15	93	124116	770184	0
Madhalli	15	69	117246	767790	0
Madhalu	15	97	135121	761061	0
Madhamai	33	445	271029	788358	0
Madhamau	19	326	231276	782821	0
Madhamunda	25	277	211379	855262	0
Madhamyatola	14	673	239317	840158	0
Madhan	28	463	281085	763781	0
Madhan	33	445	272614	788599	0
Madhan	20	132	212841	777317	0
Madhan	33	622	287585	786073	0
Madhan	13	529	331877	752246	0
Madhan	27	545	310429	748117	0
Madhan Bhel	34	530	293083	792487	0
Madhan Offset Polur	30	192	125100	791251	0
Madhan Tola	19	354	223036	800712	0
Madhana	13	690	326752	749959	0
Madhana	12	514	305531	774118	0
Madhandri	19	638	242787	793376	0
Madhanian	4	394	248339	841138	0
Madhanitola	4	112	247110	845675	0
Madhanpurwa	33	496	271763	832021	0
Madhappaguda	31	62	172852	787089	0
Madhapur	31	62	174411	783885	0
Madhapur	31	128	176313	787719	0
Madhapur	28	463	280742	768127	0
Madhapur	33	724	287915	779220	0
Madhapur	31	32	178747	777692	0
Madhapur	33	659	273038	797971	0
Madhapur	31	730	175241	799638	0
Madhapur	20	141	204691	785922	0
Madhapur	33	282	276342	815064	0
Madhapur	31	75	186832	782268	0
Madhapur	27	214	315639	751642	0
Madhapur	33	654	260254	814225	0
Madhapur	31	447	178887	787684	0
Madhapur	25	527	203455	852354	0
Madhapur	25	372	204469	845099	0
Madhapuram	31	62	171285	785817	0
Madhapuram	31	178	176210	793658	0
Madhapuram	31	63	189469	789373	0
Madhapuri	20	169	207886	775879	0
Madhar	12	267	315353	771904	0
Madhar	12	460	309796	772840	0
Madharam	31	300	174125	787508	0
Madharam	31	272	166254	777288	0
Madharam	31	306	168191	778729	0
Madharam	31	448	166744	783673	0
Madharam	31	178	177762	792251	0
Madharam	31	90	189738	794546	0
Madharam	31	128	174302	789085	0
Madharha	33	522	268976	820617	0
Madhari	12	514	308313	771023	0
Madhari	10	205	239582	732430	0
Madhari	15	375	132023	774579	0
Madharmau	33	488	275426	810047	0
Madharwan	12	267	319984	769041	0
Madhatari	3	631	265864	929601	0
Madhati Tal	19	638	253835	802720	0
Madhatpur	4	396	253803	870536	0
Madhatu	14	416	228928	854476	0
Madhau	33	445	272300	789927	0
Madhaugarh	19	459	263900	778185	0
Madhaugarh	19	459	263417	775375	0
Madhaul Harpurchand	4	687	256560	854115	0
Madhaul Khurd	4	687	256489	854200	0
Madhauli	33	329	284718	793571	0
Madhauli Imamganj	33	329	284685	793620	0
Madhauli Kalan	33	688	258243	820468	0
Madhauli Khurd	33	688	258227	820527	0
Madhaulia	33	496	271130	837272	0
Madhaulia	33	539	268285	836979	0
Madhaun	12	460	312928	774314	0
Madhaupur	19	395	246968	776132	0
Madhaupur	19	313	247156	810286	0
Madhaur	33	515	263246	840460	0
Madhaur	4	495	251030	853530	0
Madhaura	33	553	293769	785353	0
Madhauri	12	514	307967	771544	0
Madhava Nagar	15	43	129856	775794	0
Madhavada	15	59	148756	741568	0
Madhavagere	15	74	122597	768100	0
Madhavagudem	31	241	169987	798788	0
Madhavagurujenahalli	15	47	132101	780877	0
Madhavakkurichchi	30	186	88225	776393	0
Madhavamala	1	45	136521	795825	0
Madhavaneri	30	186	82209	776133	0
Madhavankurichi	30	201	83791	780285	0
Madhavapalli	1	207	135797	790254	0
Madhavapura	15	652	131908	758165	0
Madhavapuram	1	25	168936	813120	0
Madhavapuram	1	221	149592	783025	0
Madhavapuram	30	220	132556	796542	0
Madhavaram	1	228	159364	773570	0
Madhavaram	1	221	144188	791248	0
Madhavaram	31	241	170941	797748	0
Madhavaram	1	307	168900	815937	0
Madhavaram	31	60	175072	808089	0
Madhavaram	1	103	166948	805477	0
Madhavaram	31	46	176088	810875	0
Madhavaram	31	46	174696	812078	0
Madhavaram	1	224	153151	779460	0
Madhavaram	1	190	140514	786418	0
Madhavaram	1	195	157278	798503	0
Madhavaram	1	207	131750	790656	0
Madhavaram	1	207	133407	797080	0
Madhavaram East	1	103	169129	807073	0
Madhavaram Milk Colony	30	199	131501	802420	0
Madhavaram West	1	103	169106	806965	0
Madhavarangarayapuram	1	176	184634	834978	0
Madhavaraopalli	31	144	162503	781610	0
Madhavaraopalli	31	144	162172	781611	0
Madhavaraopeta	31	46	177221	810776	0
Madhavarayampatti	30	436	101278	785197	0
Madhavarayanipeta	1	224	153758	777232	0
Madhavayapalem	1	293	164404	817143	0
Madhavayyapalem	1	45	141500	795297	0
Madhavganj	33	33	257844	826022	0
Madhavpur	10	711	212552	699660	0
Madhavpur	19	395	244283	781243	0
Madhawali	33	622	284225	784424	0
Madhawanpalli	31	448	163790	788673	0
Madhawara	1	307	164434	816748	0
Madhawaram	31	272	165590	774955	0
Madhawaram	31	62	169695	784493	0
Madhawaram	31	100	165550	789663	0
Madhayarayanigudem	31	241	169229	798780	0
Madhdeori	19	354	227479	797458	0
Madhe	4	112	247543	841451	0
Madhe Kalan	20	134	205858	805514	0
Madhe Khurd	20	134	205880	805641	0
Madhea	14	673	243823	842981	0
Madheaposi	25	368	220318	856851	0
Madheghat	20	390	207346	799066	0
Madhel	12	267	314340	771989	0
Madhela	28	550	256976	740464	0
Madhela	33	710	262295	790171	0
Madheli	4	632	260152	868841	0
Madheli	4	632	259983	870446	0
Madhelia	4	641	260506	875474	0
Madhepara	4	641	261776	874920	0
Madhepur	4	535	261782	863799	0
Madhepur	4	663	251592	857410	0
Madhepur	4	106	249541	856931	0
Madhepur	4	535	262250	862333	0
Madhepur	4	136	257647	861955	0
Madhepur	4	396	251115	871815	0
Madhepura	10	164	231228	731816	0
Madhepura	4	510	255616	859792	0
Madhepura	4	636	256905	867993	0
Madhepura	4	602	255376	876078	0
Madhera	13	690	325020	751689	0
Madheri	20	110	203089	788508	0
Madheso	34	89	309246	784075	0
Madheva	33	645	262722	795687	0
Madhevandlapalle	1	190	140461	786231	0
Madhewala	11	88	302629	775163	0
Madheya	14	673	242091	843597	0
Madhgopali	14	434	239651	859905	0
Madhhi Karand	13	289	340984	740591	0
Madhi	10	130	220917	691011	0
Madhi	20	132	212877	771501	0
Madhi	20	49	198857	766465	0
Madhi	33	575	264205	819480	0
Madhi	33	492	289595	785879	0
Madhi	33	626	253620	814251	0
Madhi Pathar	19	325	216729	787667	0
Madhi Purwa	33	637	263959	818211	0
Madhia	10	165	218579	720636	0
Madhia	33	694	253176	830489	0
Madhia	33	539	266899	836360	0
Madhia	19	337	239357	802047	0
Madhia	33	312	278329	807715	0
Madhia	4	136	257506	859530	0
Madhia Bhagwantpur	33	329	281530	796194	0
Madhia Mai	33	626	257040	812642	0
Madhikot	12	348	325618	762314	0
Madhila	6	490	214384	810531	0
Madhin	13	477	324142	753210	0
Madhini	12	39	319579	762128	0
Madhipur	33	389	273191	786161	0
Madhipur	33	515	262573	840763	0
Madhir	27	592	302725	746352	0
Madhirapadu	1	68	164669	808637	0
Madhirepalle	1	221	148590	786901	0
Madhitoli	14	673	242481	840901	0
Madhiya	33	196	251233	828484	0
Madhiyamau	33	301	266543	807713	0
Madhka	33	637	262723	816296	0
Madhkam	14	541	235045	850927	0
Madhkaria	33	575	261277	821335	0
Madhkarpur	33	445	271215	793079	0
Madhkarpur	33	445	274256	789312	0
Madhkarpur	33	242	253847	831166	0
Madhkarpur	33	301	262363	807991	0
Madhkarpur	33	152	269225	822466	0
Madhkarpur	33	688	259793	816094	0
Madhkarpur	33	654	260453	815254	0
Madhkarpur	33	329	287063	793930	0
Madhkarpur	33	329	285182	795419	0
Madhkupia	4	394	245245	836440	0
Madhkuria	33	269	276377	822227	0
Madhmadhwi	11	415	286944	762192	0
Madhna	19	576	232731	796777	0
Madhna	6	269	237640	830719	0
Madhnag	33	522	271152	818981	0
Madhnagar	33	282	274500	817381	0
Madhnagar	33	595	275078	819653	0
Madhnagar	33	595	276120	819005	0
Madhnagar	33	522	268835	819093	0
Madhnagar	33	269	275647	820609	0
Madhnagar	33	595	277101	821166	0
Madhnagar	33	522	272862	821357	0
Madhnagar	33	269	274968	822105	0
Madhnagar	33	269	271768	822717	0
Madhnagar	33	269	271819	824271	0
Madhnagar	33	269	274400	826048	0
Madhnagar	33	152	270257	828098	0
Madhnagara	33	282	273871	818899	0
Madhnagra	33	282	273290	817662	0
Madhnagra	33	522	274268	819680	0
Madhnapar	33	479	261993	832480	0
Madhnapur	33	31	269627	814704	0
Madho	19	338	237730	790803	0
Madho	19	502	233758	792631	0
Madho	19	502	239172	797588	0
Madho	4	687	255315	853393	0
Madho	14	276	222866	851041	0
Madho	25	281	217508	852069	0
Madho Bigha	4	117	249848	852647	0
Madho Bigha	4	106	249655	855297	0
Madho Chhapra	33	515	263846	840470	0
Madho Dihwa	33	522	273910	820867	0
Madho Jainpur	27	665	322449	753832	0
Madho ka Pura	19	459	262293	777286	0
Madho Khera	33	685	267108	809302	0
Madho Khera	33	685	266983	809785	0
Madho Khera	33	301	263880	808304	0
Madho Khera	33	654	265383	812503	0
Madho Khera	33	659	270034	802342	0
Madho Mahua	33	269	272860	823655	0
Madho Mardha	33	605	267659	821280	0
Madho Nagla	33	523	277696	779180	0
Madho Pura	33	522	268757	818858	0
Madho Purwa	33	522	270896	817896	0
Madho Purwa	33	522	270318	819415	0
Madho Purwa	33	282	274945	819195	0
Madho Purwa	33	522	269561	819891	0
Madho Purwa	33	575	262496	819347	0
Madho Purwa	33	282	274897	814514	0
Madho Ram Dassji	33	605	267774	821865	0
Madho Reti	33	282	275563	815930	0
Madho Singh	33	282	273092	816115	0
Madho Singh	33	522	270752	816028	0
Madho Singh	33	522	269341	817920	0
Madho Singh Haveli	33	445	271502	789384	0
Madho Singhana	11	563	294240	749294	0
Madho Tanda	33	656	286219	801203	0
Madho Tanda	33	27	257731	832725	0
Madho Tanda	33	532	263904	828893	0
Madhoapur	33	31	270232	814277	0
Madhoban	33	479	261368	831384	0
Madhoban	6	393	212348	823200	0
Madhobas	11	88	300037	771996	0
Madhobas	28	463	274167	765936	0
Madhochakrakararai	19	462	248945	792692	0
Madhodas Purwa	33	488	274517	813180	0
Madhodidri	14	673	240656	842157	0
Madhodih	4	518	250681	866472	0
Madhoganj	33	591	253448	793308	0
Madhoganj	33	301	263769	808352	0
Madhoganj	33	522	272169	821347	0
Madhoganj	33	626	254869	816095	0
Madhoganj	33	659	271645	807021	0
Madhoganj	33	31	270502	812333	0
Madhoganj	33	488	273619	812922	0
Madhogarh	28	463	274322	764721	0
Madhogarh	28	463	274256	764620	0
Madhogarh	28	463	273080	766587	0
Madhogarh	19	322	263609	784751	0
Madhogarh	28	113	276419	770546	0
Madhogarh	19	395	244970	777982	0
Madhogarh	19	461	229081	802549	0
Madhogarh	28	428	262263	744358	0
Madhogarh	33	613	284565	780873	0
Madhogarhi	33	613	284362	776936	0
Madhojhanda	27	544	313283	753733	0
Madhokhartoli	14	673	239258	839683	0
Madhoki Chowki	19	153	223201	743591	0
Madhol	12	39	320142	766596	0
Madholi	33	523	280205	782615	0
Madholi Pachhan	12	39	321812	758081	0
Madhonagar	33	548	271791	794073	0
Madhonagar	33	548	270226	796810	0
Madhonagar	33	280	272363	830386	0
Madhonagar	33	496	270293	834059	0
Madhonagar	33	637	262201	816954	0
Madhonagar	4	590	256702	871554	0
Madhopali	6	393	214709	829336	0
Madhopali	6	611	215692	831516	0
Madhopali	6	393	212941	830309	0
Madhopar	4	520	259088	847096	0
Madhopara	4	590	257700	874978	0
Madhopara	4	641	261634	875034	0
Madhoparshad Khera	33	301	264246	808458	0
Madhopatti	33	479	259973	829870	0
Madhopur	27	665	323679	756049	0
Madhopur	4	382	267369	850625	0
Madhopur	33	431	296943	773326	0
Madhopur	33	431	296985	773939	0
Madhopur	14	454	247604	857832	0
Madhopur	19	311	231818	762443	0
Madhopur	34	574	298884	778450	0
Madhopur	28	298	252870	746546	0
Madhopur	28	321	244125	764497	0
Madhopur	33	174	274646	777071	0
Madhopur	33	593	276794	788742	0
Madhopur	33	661	274055	796014	0
Madhopur	19	420	255319	773786	0
Madhopur	19	324	246851	773893	0
Madhopur	33	548	268698	798050	0
Madhopur	33	548	267766	798384	0
Madhopur	19	638	250706	797989	0
Madhopur	33	479	257950	829526	0
Madhopur	33	694	252520	832928	0
Madhopur	33	694	254123	834197	0
Madhopur	4	718	251889	835150	0
Madhopur	4	718	252919	838377	0
Madhopur	4	718	249910	837059	0
Madhopur	19	638	250938	801446	0
Madhopur	33	444	253819	803229	0
Madhopur	33	698	259802	807182	0
Madhopur	19	16	239684	764904	0
Madhopur	33	584	254073	823085	0
Madhopur	33	584	253524	822648	0
Madhopur	33	561	252745	824771	0
Madhopur	33	196	251642	826644	0
Madhopur	33	242	253957	829320	0
Madhopur	33	242	253417	828353	0
Madhopur	33	33	255941	823722	0
Madhopur	33	479	257199	829382	0
Madhopur	33	488	276655	812363	0
Madhopur	33	488	275627	812279	0
Madhopur	33	488	274222	810170	0
Madhopur	33	488	274617	811851	0
Madhopur	33	282	274465	815492	0
Madhopur	33	282	274265	815279	0
Madhopur	33	522	272524	817260	0
Madhopur	33	516	258508	838895	0
Madhopur	33	522	270625	819444	0
Madhopur	33	31	269772	810999	0
Madhopur	33	575	263905	819669	0
Madhopur	33	698	259551	810852	0
Madhopur	33	685	270857	808881	0
Madhopur	33	488	272159	809279	0
Madhopur	33	31	271696	809647	0
Madhopur	33	637	261052	818679	0
Madhopur	33	688	260159	818655	0
Madhopur	33	637	262065	817485	0
Madhopur	33	280	273463	825585	0
Madhopur	33	280	273540	827080	0
Madhopur	33	152	270473	826080	0
Madhopur	33	152	270267	827622	0
Madhopur	33	280	270365	828720	0
Madhopur	33	605	265868	820097	0
Madhopur	33	605	267015	821329	0
Madhopur	33	575	263950	820289	0
Madhopur	33	575	263869	820933	0
Madhopur	33	688	260509	820162	0
Madhopur	33	575	261297	820863	0
Madhopur	33	575	261193	821564	0
Madhopur	33	575	262287	821369	0
Madhopur	33	532	265902	824765	0
Madhopur	33	575	263784	823023	0
Madhopur	33	575	263769	823567	0
Madhopur	33	532	264234	824593	0
Madhopur	33	575	262044	822659	0
Madhopur	33	575	261802	823298	0
Madhopur	33	479	258185	830379	0
Madhopur	33	575	262584	825205	0
Madhopur	33	152	266741	827941	0
Madhopur	33	532	263580	828091	0
Madhopur	33	314	270815	833213	0
Madhopur	33	688	258960	815876	0
Madhopur	33	688	257721	815373	0
Madhopur	33	623	268204	830562	0
Madhopur	33	314	268001	832198	0
Madhopur	33	623	265815	830414	0
Madhopur	33	479	262671	832161	0
Madhopur	33	479	260863	832164	0
Madhopur	33	479	261008	831610	0
Madhopur	33	314	267654	833384	0
Madhopur	33	314	268888	834208	0
Madhopur	33	314	265326	832561	0
Madhopur	33	314	267923	835748	0
Madhopur	33	496	269322	836208	0
Madhopur	33	539	269345	838805	0
Madhopur	33	539	267713	839625	0
Madhopur	33	539	267549	839205	0
Madhopur	33	515	262397	839690	0
Madhopur	33	27	256964	835527	0
Madhopur	33	27	255175	836189	0
Madhopur	33	584	255822	818066	0
Madhopur	33	584	255595	817755	0
Madhopur	33	584	255844	819423	0
Madhopur	19	635	223780	757397	0
Madhopur	19	461	225296	804692	0
Madhopur	27	355	315777	756704	0
Madhopur	19	129	225898	756266	0
Madhopur	33	488	273816	809072	0
Madhopur	6	620	206315	806665	0
Madhopur	19	449	228363	811276	0
Madhopur	27	704	310813	765487	0
Madhopur	27	624	306011	764053	0
Madhopur	19	334	237175	762596	0
Madhopur	33	282	275745	814669	0
Madhopur	33	637	261257	816873	0
Madhopur	4	394	250230	842650	0
Madhopur	19	309	233233	765275	0
Madhopur	33	531	290017	790444	0
Madhopur	4	363	253060	846405	0
Madhopur	4	520	258925	847998	0
Madhopur	4	520	258396	848272	0
Madhopur	4	581	255623	849098	0
Madhopur	4	581	256222	848766	0
Madhopur	4	457	272224	844845	0
Madhopur	33	539	268661	840869	0
Madhopur	33	539	267843	841947	0
Madhopur	33	539	266679	840170	0
Madhopur	33	539	266487	842176	0
Madhopur	4	675	264168	842351	0
Madhopur	33	539	266421	842566	0
Madhopur	4	382	265805	846432	0
Madhopur	4	457	267474	847054	0
Madhopur	33	329	284479	793258	0
Madhopur	33	329	283837	793291	0
Madhopur	4	675	263051	845421	0
Madhopur	4	675	263440	846891	0
Madhopur	4	615	261901	845034	0
Madhopur	4	615	261734	845323	0
Madhopur	4	520	260066	845151	0
Madhopur	34	617	288859	795752	0
Madhopur	4	382	265749	848618	0
Madhopur	4	520	260770	849174	0
Madhopur	4	520	260958	849213	0
Madhopur	33	329	286258	795921	0
Madhopur	33	656	287205	797406	0
Madhopur	33	329	284188	797044	0
Madhopur	33	516	257970	842031	0
Madhopur	33	656	283593	799057	0
Madhopur	4	394	253590	840774	0
Madhopur	4	394	252475	841463	0
Madhopur	4	394	251977	842173	0
Madhopur	4	615	259389	844267	0
Madhopur	4	394	253206	843083	0
Madhopur	4	535	265102	864669	0
Madhopur	4	136	258499	858708	0
Madhopur	4	136	259356	858465	0
Madhopur	4	136	257497	857919	0
Madhopur	4	136	257146	859552	0
Madhopur	14	379	242676	851475	0
Madhopur	4	106	247605	854881	0
Madhopur	14	732	243048	854752	0
Madhopur	4	106	247509	856722	0
Madhopur	4	569	260928	860776	0
Madhopur	4	567	251887	862546	0
Madhopur	4	518	251822	867207	0
Madhopur	33	488	274434	806132	0
Madhopur	4	117	249138	848450	0
Madhopur	4	410	262912	870481	0
Madhopur	4	581	256870	850285	0
Madhopur	4	581	255196	850556	0
Madhopur	4	581	255206	852243	0
Madhopur	4	602	257796	878169	0
Madhopur	4	507	251449	851155	0
Madhopur	14	633	245319	877873	0
Madhopur	4	381	259997	853283	0
Madhopur	4	687	257772	853799	0
Madhopur	4	687	257245	854547	0
Madhopur	4	495	253453	853925	0
Madhopur	4	495	251743	853025	0
Madhopur	4	495	251078	852540	0
Madhopur	4	495	252475	853793	0
Madhopur	4	495	251138	854249	0
Madhopur	4	136	259439	857322	0
Madhopur	4	581	254587	855397	0
Madhopur	33	659	276894	800872	0
Madhopur	33	659	273519	800712	0
Madhopur	4	136	255746	855755	0
Madhopur	4	136	255810	855691	0
Madhopur	4	687	257152	855850	0
Madhopur	4	727	253372	866631	0
Madhopur	14	740	234107	848129	0
Madhopur	14	541	232860	849254	0
Madhopur	14	732	242063	856853	0
Madhopur	14	434	246398	858829	0
Madhopur	14	454	244251	858361	0
Madhopur	14	434	243441	859158	0
Madhopur	33	688	259536	818622	0
Madhopur	33	488	274076	809822	0
Madhopur	33	637	262147	816876	0
Madhopur Amnar	4	495	251997	852110	0
Madhopur Bahuarwa	4	382	267610	846999	0
Madhopur Bahuarwa	4	382	267708	847006	0
Madhopur Bahuarwa	4	382	267502	847271	0
Madhopur Bazar	4	495	253443	853892	0
Madhopur Bhual	4	136	259879	857254	0
Madhopur Buzurg	4	381	261321	849587	0
Madhopur Chakatta	33	522	271242	818899	0
Madhopur Chandhan	33	584	255538	817406	0
Madhopur Chhatauna	33	575	262630	821639	0
Madhopur Digharwa	4	136	258262	856231	0
Madhopur Gajpati	4	687	256523	854107	0
Madhopur Hardopatti	33	654	258995	813424	0
Madhopur Hazari	4	381	262623	848995	0
Madhopur Karamwa	4	382	268022	847945	0
Madhopur Khairi	4	136	259059	856705	0
Madhopur Kot	33	242	252181	829528	0
Madhopur Math	4	507	251339	851111	0
Madhopur Misraulia	33	27	256051	835468	0
Madhopur Nankar	4	382	268090	847860	0
Madhopur Nijwan	4	687	258197	854243	0
Madhopur Ninaiyan	33	654	260365	815091	0
Madhopur Pathak	33	654	260062	815136	0
Madhopur Rai	33	522	271245	818776	0
Madhopur Ram	4	687	259251	852039	0
Madhopur Ram	4	687	258081	853016	0
Madhopur Sarup	4	382	264117	849625	0
Madhopur Sihor Chak	33	515	264379	835846	0
Madhopur Sultan	33	654	258706	813392	0
Madhopur Tanria	4	687	258336	854557	0
Madhopur Tola	19	461	225175	804691	0
Madhopur Turkaha	4	675	263326	846946	0
Madhopura	28	331	259855	729581	0
Madhopura	28	120	266959	761226	0
Madhopura	28	115	264098	764399	0
Madhopura	28	115	263760	766043	0
Madhopura	28	357	248795	761113	0
Madhopura	28	321	245256	761833	0
Madhopura	28	428	262118	748767	0
Madhopura	19	459	263116	777052	0
Madhopura	19	16	240171	771724	0
Madhopura	19	324	242689	772605	0
Madhopura	19	638	250220	795195	0
Madhopura	19	208	235348	777729	0
Madhopura	19	484	258010	787377	0
Madhopura	19	512	238474	799261	0
Madhopura	28	263	261699	742549	0
Madhopura	19	16	238248	768301	0
Madhopura	28	428	265090	745907	0
Madhopura	28	402	250262	749416	0
Madhopura	4	396	252487	873114	0
Madhopurdera	4	363	256850	844015	0
Madhopuri	28	463	280368	766852	0
Madhopuri	28	428	257545	751653	0
Madhopuriya	28	679	265538	762721	0
Madhopurkhera	19	311	231893	762551	0
Madhor	33	196	247994	823306	0
Madhorajpura	28	120	265781	756447	0
Madhorajpura	19	323	256127	767080	0
Madhoram Chak	33	33	255830	830227	0
Madhoram Purwa	33	282	274471	817765	0
Madhorampatti	33	33	259768	824574	0
Madhorampur	33	561	252756	824356	0
Madhorampur	33	33	254498	825191	0
Madhorampur	33	561	253693	826337	0
Madhorapur	4	106	249614	857008	0
Madhosingh	33	561	252680	825251	0
Madhosingh ka Nagla	33	278	268704	790586	0
Madhosingh Purwa	33	686	267090	795378	0
Madhosinghpur	28	302	257850	754059	0
Madhotala	19	-1	250818	806664	0
Madhotola	19	142	215394	803877	0
Madhotola	14	541	233497	849377	0
Madhotoli	14	310	228854	844218	0
Madhotoli	14	476	224711	844811	0
Madhowala	11	565	306124	770910	0
Madhowala	33	553	294139	787742	0
Madhowala	33	492	291517	788451	0
Madhpur	33	33	256230	826849	0
Madhpur	33	33	257164	822712	0
Madhpur	33	637	263062	814224	0
Madhpur	33	688	257791	814765	0
Madhpur	33	637	260547	817674	0
Madhpur	33	522	270761	822096	0
Madhpur	33	269	273002	823995	0
Madhpur	33	269	274008	824983	0
Madhpur	33	269	273858	825424	0
Madhpur	33	605	266669	821557	0
Madhpur	33	575	260907	823303	0
Madhpur	33	152	269295	825152	0
Madhpur	33	496	272333	832897	0
Madhpur	33	314	263518	834290	0
Madhpur	33	539	267756	835952	0
Madhpur	33	314	263512	835580	0
Madhpur	33	488	273534	813354	0
Madhpur	33	637	262062	816507	0
Madhpur	25	399	207366	850090	0
Madhpur Chiraiya	33	522	270397	824018	0
Madhpur Miranpur	33	532	265225	823655	0
Madhpura	33	548	269611	796215	0
Madhpuri	33	445	271561	793712	0
Madhpuri	33	445	270521	792939	0
Madhpuri	33	548	269854	795984	0
Madhpuri	33	445	274079	790805	0
Madhpuri	33	659	273925	797688	0
Madhpuri	33	445	271460	792248	0
Madhpuri	33	698	258844	808066	0
Madhpuri	33	492	291863	787245	0
Madhpuri	33	492	289301	786836	0
Madhpuri	33	492	287530	787465	0
Madhpuri	33	654	261841	812349	0
Madhpuri	33	531	286474	789103	0
Madhpuri	33	116	283320	788628	0
Madhpuri	19	461	225712	804495	0
Madhpuri	34	617	290898	793305	0
Madhpuri	33	329	282149	791755	0
Madhpuri	33	451	280553	796915	0
Madhpuri	33	656	284672	798726	0
Madhra	27	545	309666	745797	0
Madhrahwa	33	269	276282	821853	0
Madhrahwa	33	269	274511	825302	0
Madhrahwa	33	152	270182	826232	0
Madhraina	33	242	254009	831164	0
Madhrawa	33	269	270958	823982	0
Madhsia Jagdispur	33	479	260958	830764	0
Madhu	14	434	240032	860775	0
Madhu Bigha	4	507	251886	849168	0
Madhu Chhapra	4	382	265560	849025	0
Madhu Nagla	33	329	284415	796723	0
Madhu Patti	33	314	263969	832480	0
Madhu Sagram	4	535	261269	863929	0
Madhu Sarea	4	675	264396	845102	0
Madhua	19	484	259949	787538	0
Madhua	4	510	256080	862239	0
Madhua	4	727	254875	864317	0
Madhua	4	590	256416	870316	0
Madhua	4	505	248903	864822	0
Madhua	4	505	245204	863205	0
Madhua Kola	4	590	260331	876554	0
Madhua Milak	33	464	288829	783890	0
Madhua Muafi	33	464	288865	783882	0
Madhuakher	33	621	255785	801966	0
Madhuakolha	4	491	261209	877309	0
Madhuanagar	33	522	273642	820395	0
Madhuanagar	33	269	274219	826701	0
Madhuanagar	33	269	274630	826099	0
Madhuapur	33	548	272109	797224	0
Madhuapur	33	686	266294	796614	0
Madhuapur	33	488	273649	807752	0
Madhuapur	33	656	282869	799744	0
Madhuapur	33	488	274225	805351	0
Madhuatol	4	727	256276	864022	0
Madhuban	33	564	261682	836790	0
Madhuban	6	393	214950	828946	0
Madhuban	11	439	296051	769817	0
Madhuban	33	174	274636	776509	0
Madhuban	33	27	256054	831536	0
Madhuban	33	27	257090	834585	0
Madhuban	33	694	252858	832799	0
Madhuban	33	27	254003	837059	0
Madhuban	33	102	246101	830209	0
Madhuban	33	102	240976	832113	0
Madhuban	33	269	273075	822402	0
Madhuban	33	575	262340	821605	0
Madhuban	33	479	258472	832100	0
Madhuban	33	532	265253	825950	0
Madhuban	33	496	271764	832206	0
Madhuban	33	496	271178	836683	0
Madhuban	6	365	217851	819766	0
Madhuban	6	611	216787	831053	0
Madhuban	33	688	260525	816804	0
Madhuban	4	520	259783	845839	0
Madhuban	4	382	264832	849617	0
Madhuban	4	136	259363	858188	0
Madhuban	4	136	257521	857561	0
Madhuban	4	136	258448	859484	0
Madhuban	4	106	249983	854907	0
Madhuban	14	454	244904	856974	0
Madhuban	4	535	263820	863199	0
Madhuban	4	569	259714	860655	0
Madhuban	4	636	257221	865752	0
Madhuban	4	518	251511	865410	0
Madhuban	4	632	258838	868176	0
Madhuban	4	632	257142	869432	0
Madhuban	4	727	253157	867655	0
Madhuban	4	590	258948	871094	0
Madhuban	14	633	246934	876032	0
Madhuban	14	643	245041	875054	0
Madhuban	25	527	200629	848975	0
Madhuban	14	310	230441	846521	0
Madhuban	14	732	241964	856860	0
Madhuban	4	569	257952	862922	0
Madhuban	14	434	240045	861471	0
Madhuban	14	434	242822	862914	0
Madhuban Bediban	4	382	265062	849951	0
Madhuban Kalan	6	611	216888	827701	0
Madhuban Khera	33	685	266313	809106	0
Madhuban Khurd	6	611	216910	827742	0
Madhuban Khurd	6	611	216509	828548	0
Madhuban Suraj	4	381	262781	849961	0
Madhubana	25	527	203090	851657	0
Madhubani	4	457	270001	841040	0
Madhubani	4	597	253380	839620	0
Madhubani	4	718	251847	838051	0
Madhubani	33	496	272341	836321	0
Madhubani	33	516	261624	838571	0
Madhubani	4	520	259861	849734	0
Madhubani	4	457	272327	843126	0
Madhubani	4	457	271053	843507	0
Madhubani	4	675	264316	845091	0
Madhubani	4	382	265147	847646	0
Madhubani	4	381	263091	849697	0
Madhubani	33	516	258055	844767	0
Madhubani	4	410	263272	870160	0
Madhubani	4	641	264132	872319	0
Madhubani	4	632	260023	870382	0
Madhubani	4	641	264066	873757	0
Madhubani	4	590	257831	874619	0
Madhubani	4	535	265131	860753	0
Madhubani	4	535	265965	859586	0
Madhubani	4	602	254904	874845	0
Madhubani ka Purwa	33	688	257418	817094	0
Madhubanitol	4	535	264167	861147	0
Madhubigha	4	112	245811	844079	0
Madhudanrtoli	14	476	224000	842849	0
Madhudi	1	426	138197	770198	0
Madhudih	14	673	240811	839556	0
Madhudih	4	535	265412	858385	0
Madhudih	14	541	229941	857619	0
Madhugaon	19	646	245071	818858	0
Madhuguda	25	373	197116	838959	0
Madhui	33	280	271906	831120	0
Madhukam	14	541	233754	852999	0
Madhukama	14	416	231102	851155	0
Madhukama	14	541	231916	855916	0
Madhukamdih	14	416	228174	854822	0
Madhukamdih	14	541	229759	856868	0
Madhukamdih	14	628	228976	859869	0
Madhukandih	14	541	229631	856521	0
Madhukar	33	531	284884	789892	0
Madhukar Chak	4	632	257022	870097	0
Madhukar Chak	4	495	250476	852582	0
Madhukar Shahpur	33	242	252870	827330	0
Madhukar Shahpur	33	242	252768	827783	0
Madhukarpatti	4	636	257473	865458	0
Madhukarpur	33	280	272763	826803	0
Madhukarpur	33	280	271868	829627	0
Madhukarpur	33	152	268477	827512	0
Madhukarpur	33	496	271762	833348	0
Madhukarpur	4	394	253202	841414	0
Madhukarpur	14	498	235929	859067	0
Madhukarpur Chaube	33	280	272293	825706	0
Madhuki	33	626	255076	815681	0
Madhuki	33	626	255008	815665	0
Madhukpura	33	33	256632	821521	0
Madhumakhia	33	242	254295	827298	0
Madhumalat	4	382	265745	848454	0
Madhunebhi	14	673	239909	841957	0
Madhupada	1	176	181870	835645	0
Madhupada Agraharam	1	176	183050	833388	0
Madhupali	25	683	213257	846801	0
Madhupam	1	453	183495	837153	0
Madhupar	4	569	261492	858906	0
Madhupatti	33	33	255158	825649	0
Madhupatti	33	561	254838	824714	0
Madhupur	33	102	248463	830776	0
Madhupur	33	686	264753	794895	0
Madhupur	4	569	261492	858906	0
Madhupur	3	726	264497	913771	0
Madhupur	33	694	254400	834165	0
Madhupur	4	718	250620	836385	0
Madhupur	33	102	248335	830594	0
Madhupur	33	688	259908	820584	0
Madhupur	33	33	255010	826678	0
Madhupur	33	561	254536	824182	0
Madhupur	33	479	260941	829063	0
Madhupur	33	564	261994	836850	0
Madhupur	27	544	312406	754270	0
Madhupur	33	488	275048	809846	0
Madhupur	33	523	280312	783492	0
Madhupur	25	290	218894	838362	0
Madhupur	25	546	215363	839910	0
Madhupur	25	273	199958	833573	0
Madhupur	25	349	198809	834572	0
Madhupur	4	581	255871	849666	0
Madhupur	4	112	245568	842372	0
Madhupur	14	570	250776	873239	0
Madhupur	35	347	242880	877146	0
Madhupur	35	347	243191	878051	0
Madhupur	35	347	242077	879333	0
Madhupur	25	527	203454	848911	0
Madhupur	14	498	237031	859686	0
Madhupur	35	400	234501	858715	0
Madhupur	35	400	233092	858785	0
Madhupur	14	276	223541	851466	0
Madhupur	14	276	225778	854582	0
Madhupur	14	483	241193	869344	0
Madhupur	14	628	228174	859898	0
Madhupur	14	628	227222	859721	0
Madhupur	25	281	218320	855317	0
Madhupur	25	281	219242	856272	0
Madhupur	25	399	207278	850072	0
Madhupur	25	292	204333	851196	0
Madhupur	25	527	202888	852226	0
Madhupur	25	277	208167	852979	0
Madhupur	14	434	245293	861073	0
Madhupur	4	505	246020	862038	0
Madhupur	14	434	240490	861941	0
Madhupur	4	505	244887	864764	0
Madhupur	14	434	244309	863127	0
Madhupur	14	483	241533	864877	0
Madhupur	14	434	241369	863792	0
Madhupur	14	387	240113	863847	0
Madhupur	25	262	219885	848965	0
Madhupur	25	262	218203	849930	0
Madhupur	25	372	208650	842331	0
Madhupur	25	297	209006	840920	0
Madhupur	25	546	209753	843123	0
Madhupur	25	399	209658	845847	0
Madhupur	25	399	209911	847757	0
Madhupur	25	399	207807	844184	0
Madhupura	19	322	264712	790636	0
Madhupura	25	405	216351	872842	0
Madhupura	33	613	282559	777525	0
Madhupura	33	682	274755	788033	0
Madhupura	33	445	272726	788449	0
Madhupura	33	584	252256	817446	0
Madhupura	33	584	252283	819513	0
Madhupurgarh	25	362	207919	860845	0
Madhupuri	28	115	260175	767519	0
Madhura	4	641	263388	871027	0
Madhura	4	718	251902	834521	0
Madhura	19	607	240212	825215	0
Madhura	4	535	262124	863402	0
Madhura	4	727	255710	864932	0
Madhura	4	636	258266	866484	0
Madhura	4	518	251041	866531	0
Madhura	4	641	262547	873607	0
Madhura	4	602	255715	874037	0
Madhura	14	570	250947	873197	0
Madhura	4	602	255418	875267	0
Madhura	35	347	243327	878812	0
Madhura	4	410	261818	866726	0
Madhura	4	410	262080	867403	0
Madhuram Bigha	4	117	246981	850208	0
Madhurapudi	1	87	171073	818279	0
Madhurapur	4	382	264407	849567	0
Madhurapur	4	381	261892	849729	0
Madhurapur	4	510	254410	859323	0
Madhurapur	4	136	259457	859759	0
Madhurapur	4	136	257477	857532	0
Madhurapur	4	687	258954	853482	0
Madhurapur	4	687	256225	853402	0
Madhurapur	4	136	259844	857439	0
Madhurapur	4	106	248443	858103	0
Madhurapur	4	106	248203	859174	0
Madhurapur Kushdeh	4	687	258890	851795	0
Madhurawada	1	81	178225	833639	0
Madhurbhasha	35	404	264333	897842	0
Madhure	15	246	138362	762331	0
Madhurenahalli	15	422	135235	776272	0
Madhuri	33	102	243294	833812	0
Madhuri	4	718	249267	835909	0
Madhuri	14	712	242950	836365	0
Madhuri	19	646	244336	818699	0
Madhuri	19	646	244189	818852	0
Madhuri	4	457	270416	846253	0
Madhuri	4	363	253111	844846	0
Madhuri	4	567	251815	863194	0
Madhuri	4	505	246597	864848	0
Madhuria	33	539	266916	840078	0
Madhuria	4	117	245268	844442	0
Madhuriapur	33	488	273384	809616	0
Madhuridih	14	673	242544	839087	0
Madhurikund	33	174	274627	775587	0
Madhurmau Kalan	33	685	267777	810367	0
Madhurmau Khurd	33	685	267830	810420	0
Madhurnaikanahalli	15	265	141195	758397	0
Madhusikar	35	587	259749	878547	0
Madhusingh	14	483	242154	868310	0
Madhusudanpur	25	372	206803	844121	0
Madhutola	4	136	258591	859187	0
Madhuvanahalli	15	74	124407	763747	0
Madhuvitipadu	1	258	175815	817766	0
Madhuwa	33	444	255595	805483	0
Madhuwa	4	457	269698	841080	0
Madhuwala Mazra	33	531	290379	790626	0
Madhvapura	15	652	130521	759942	0
Madhvarayanipalli	1	221	148515	790140	0
Madhwa	33	523	277420	782401	0
Madhwa	33	492	289613	785794	0
Madhwa	33	280	273051	826169	0
Madhwa	6	669	220733	823643	0
Madhwa	10	170	232129	740580	0
Madhwa	33	515	264416	840093	0
Madhwa	4	581	253258	848495	0
Madhwa	6	384	230331	841157	0
Madhwa Jot	33	269	273927	822797	0
Madhwa Khap	14	379	243375	850216	0
Madhwa Mai	33	626	256192	813314	0
Madhwa Nagri	33	656	286001	797780	0
Madhwadih	14	434	242253	863664	0
Madhwal	12	39	323368	760105	0
Madhwan	33	626	254384	816141	0
Madhwapur	4	535	266036	858491	0
Madhwapur	33	661	271775	796735	0
Madhwapur	33	688	257656	820936	0
Madhwapur	33	282	274423	817190	0
Madhwapur	33	688	258541	814081	0
Madhwapur	33	637	261976	817670	0
Madhwapur	33	595	277523	821237	0
Madhwapur	33	269	275505	820858	0
Madhwapur	33	280	271646	829870	0
Madhwapur	33	522	269431	821848	0
Madhwapur	33	152	268618	824261	0
Madhwapur	33	152	268319	825009	0
Madhwapur	33	152	268258	825346	0
Madhwapur	33	152	268644	826339	0
Madhwapur	33	152	269575	826915	0
Madhwapur	33	479	262152	827161	0
Madhwapur	33	152	269558	828051	0
Madhwapur	33	280	272245	830904	0
Madhwapur	33	496	270958	832728	0
Madhwapur	33	496	270941	833537	0
Madhwapur	33	539	267624	837055	0
Madhwapur	33	488	274346	807602	0
Madhwapur	33	31	271779	814005	0
Madhwapur	33	31	271816	813918	0
Madhwapur	4	615	260331	843888	0
Madhwapur	4	615	260585	844302	0
Madhwapur	4	615	260988	844316	0
Madhwapur	4	615	262227	844321	0
Madhwapur	4	535	264206	862457	0
Madhwapur	33	488	274387	806226	0
Madhwapur	4	590	259061	870457	0
Madhwapur	33	488	274467	807069	0
Madhwapur	33	488	273670	807162	0
Madhwapur Kalan	33	488	274755	811251	0
Madhwapur Khurd	33	488	274749	811301	0
Madhwaram	31	32	175859	783123	0
Madhwaram	31	447	178032	785759	0
Madhwas	10	140	231999	736213	0
Madhwatanr	14	454	243512	857040	0
Madhwatanr	14	434	242297	863610	0
Madhwatanrtola	14	379	242048	848888	0
Madhya	14	712	241617	838489	0
Madhya	15	55	130177	748186	0
Madhya	15	92	134707	773202	0
Madhyakandha	25	527	203389	849311	0
Madhyam Dakumgaon	3	343	266400	904102	0
Madhyana	12	514	307541	772183	0
Madhyapur	25	281	213471	853616	0
Madhyapur	25	281	214706	856426	0
Madhyapur	25	683	214666	846344	0
Madhyapur	25	399	207836	844013	0
Madhyawala	28	120	267091	761759	0