Mahuva	10	165	210901	717690	98519
Mahudha	10	164	228208	729403	17722
Mahu Khurd	28	115	264693	767325	10971
Mahuver	10	213	210267	728868	10749
Mahur	3	475	251831	931134	7176
Mahuda	14	387	237254	862769	5196
Mahura	19	336	233571	809187	4664
Mahu	13	485	332189	743578	0
Mahu	33	686	268805	796462	0
Mahu	19	16	236257	765680	0
Mahu	19	323	256167	766995	0
Mahu	28	429	264417	771162	0
Mahu	19	324	242665	772022	0
Mahu	19	324	247096	774519	0
Mahu	19	395	243818	777318	0
Mahu	19	208	240219	776329	0
Mahu	33	553	291618	782054	0
Mahu	19	309	234794	762154	0
Mahu Lahr	12	39	320397	762987	0
Mahu Nagli	33	553	292710	783882	0
Mahua	33	444	253958	804229	0
Mahua	4	687	258125	853986	0
Mahua	19	484	257582	784739	0
Mahua	33	645	264821	797331	0
Mahua	19	459	267903	783674	0
Mahua	19	497	246299	816089	0
Mahua	19	646	243871	818870	0
Mahua	33	688	258727	814467	0
Mahua	33	269	273792	825122	0
Mahua	33	280	270443	828969	0
Mahua	33	152	268543	825263	0
Mahua	33	479	261336	827360	0
Mahua	33	152	269847	828451	0
Mahua	33	280	272358	830037	0
Mahua	33	280	272431	830548	0
Mahua	33	280	272047	831136	0
Mahua	33	496	271469	833238	0
Mahua	33	496	271355	833772	0
Mahua	33	496	270302	834796	0
Mahua	33	496	271323	835249	0
Mahua	33	623	269434	830607	0
Mahua	33	623	266830	830009	0
Mahua	33	314	268956	834501	0
Mahua	33	314	269172	834414	0
Mahua	33	314	268183	834169	0
Mahua	33	314	268096	835520	0
Mahua	33	496	269456	835555	0
Mahua	33	539	269258	835866	0
Mahua	33	539	268736	836140	0
Mahua	33	539	268048	836185	0
Mahua	33	539	267811	836551	0
Mahua	33	496	269989	836789	0
Mahua	33	539	268150	837476	0
Mahua	33	314	267050	835856	0
Mahua	33	515	266272	837416	0
Mahua	33	539	269625	838100	0
Mahua	33	539	268247	838440	0
Mahua	19	16	236321	767657	0
Mahua	33	539	267434	840006	0
Mahua	33	539	269625	840385	0
Mahua	33	539	267568	840555	0
Mahua	33	539	266902	840877	0
Mahua	4	457	267331	845373	0
Mahua	4	675	262860	847434	0
Mahua	33	656	285940	799071	0
Mahua	4	535	265210	861324	0
Mahua	4	535	265824	863032	0
Mahua	4	569	259822	859738	0
Mahua	4	535	264655	859971	0
Mahua	4	636	260123	864303	0
Mahua	4	569	259857	860139	0
Mahua	4	569	259631	861536	0
Mahua	4	632	259500	866624	0
Mahua	4	632	259173	866991	0
Mahua	4	636	256943	868357	0
Mahua	4	535	265169	858829	0
Mahua	4	491	262688	877153	0
Mahua	4	491	261163	877661	0
Mahua	35	397	253138	879069	0
Mahua	4	582	248873	870676	0
Mahua	4	582	249551	871395	0
Mahua Bagh	4	734	251723	847316	0
Mahua Bagh	4	581	252811	850327	0
Mahua Bigha	4	117	250488	848148	0
Mahua Bigha	4	507	251926	849041	0
Mahua Bigha	4	112	249111	843902	0
Mahua Bigha	4	117	247458	851228	0
Mahua Bigha	4	117	247666	848441	0
Mahua Bigha	4	117	249410	848932	0
Mahua Birahim	33	269	273470	822888	0
Mahua Bojhi	33	637	261634	817406	0
Mahua Chak	4	396	250971	872356	0
Mahua Chapki	4	136	257388	861750	0
Mahua Charti	33	269	272730	824232	0
Mahua Chhapki	4	136	258518	862370	0
Mahua Dabar	33	152	269744	826811	0
Mahua Dali	34	617	292279	790966	0
Mahua Danda	33	31	272381	811889	0
Mahua Danr	33	314	266787	833327	0
Mahua Dhab	33	312	277769	802754	0
Mahua Dhani	33	269	273105	824841	0
Mahua Dih	33	584	253612	821276	0
Mahua Diha	33	539	267767	838282	0
Mahua Diha	33	539	267664	838385	0
Mahua Ghat	33	280	272307	831756	0
Mahua Ghatam	33	269	273678	823837	0
Mahua Itaura	33	591	253959	795071	0
Mahua Kachhar	33	619	252171	806704	0
Mahua Kashiram	33	280	272380	831752	0
Mahua Khap	4	675	262969	847302	0
Mahua Kheda	19	576	233129	796979	0
Mahua Kheda	19	502	235991	794269	0
Mahua Khera	19	568	227127	785172	0
Mahua Khera	33	526	271537	781054	0
Mahua Khera	33	523	278892	781384	0
Mahua Khera	19	502	236631	797157	0
Mahua Khera	33	613	284660	781623	0
Mahua Khera	33	613	281513	780781	0
Mahua Khera	33	488	273629	806287	0
Mahua Khera Jadid	33	531	290141	790121	0
Mahua Khra Kadim	33	531	289830	791028	0
Mahua Khurd	33	280	272582	827208	0
Mahua Khurd	33	539	268530	836004	0
Mahua Khurd	33	539	267101	840325	0
Mahua ki Khirkai	19	459	261060	775354	0
Mahua Kola	33	659	272719	805061	0
Mahua Koli	33	659	273735	798065	0
Mahua Kothi	33	584	254712	821187	0
Mahua Mahui	33	496	269030	835245	0
Mahua Marwa	6	517	220623	814549	0
Mahua Pakar	33	522	270910	824810	0
Mahua Pokhar	4	394	248546	838684	0
Mahua Sarabjit	33	496	271736	833930	0
Mahua Tala	33	488	277643	808972	0
Mahua Tola	19	354	224403	798220	0
Mahua Tola	19	449	232387	805541	0
Mahuabad	33	623	269492	831570	0
Mahuabad	14	732	244224	853383	0
Mahuabag	19	462	248925	788694	0
Mahuabag	4	581	256158	849980	0
Mahuabahra	6	627	202614	819868	0
Mahuaban	33	688	259251	818748	0
Mahuaban Gabi	33	688	259181	818625	0
Mahuabandh	33	591	251782	796059	0
Mahuabandh	19	646	245657	820625	0
Mahuabar	33	539	266086	840114	0
Mahuabari	33	196	250869	830511	0
Mahuabas	33	526	269989	781208	0
Mahuabhata	6	681	216091	812898	0
Mahuabhata	25	572	207959	824272	0
Mahuabhata	6	285	206264	822671	0
Mahuabhata	25	572	207880	825479	0
Mahuabhata	25	572	206205	826699	0
Mahuabhata	25	572	205393	826792	0
Mahuabhatha	6	455	211561	811173	0
Mahuadabar	14	483	242254	869923	0
Mahuadabar	14	678	235778	842818	0
Mahuadamartoli	14	678	238413	844793	0
Mahuadand	33	532	264143	826928	0
Mahuadand	33	532	264169	826873	0
Mahuadanr	6	-1	233976	841073	0
Mahuadanr	14	673	241100	843663	0
Mahuadanro	19	512	244270	799323	0
Mahuadanrtoli	14	673	240863	843940	0
Mahuadartoli	14	678	236354	847654	0
Mahuadera	6	388	219925	829401	0
Mahuadhab	14	387	240018	863623	0
Mahuadhana	19	325	225070	788545	0
Mahuadhana	19	568	223558	774742	0
Mahuadhar	33	269	272564	823187	0
Mahuadhar	6	490	213491	807651	0
Mahuadhora	6	611	216057	831416	0
Mahuadih	6	374	221130	827048	0
Mahuadih	6	611	216312	826324	0
Mahuadih	6	669	217418	827443	0
Mahuadih	4	394	248780	840158	0
Mahuadih	14	379	240944	846653	0
Mahuadih	4	117	245141	847684	0
Mahuadih	14	570	251466	873747	0
Mahuadih	4	582	248333	870504	0
Mahuadih	14	541	232384	856368	0
Mahuadih	14	310	231988	840870	0
Mahuadipa	6	393	214429	830374	0
Mahuadohar	14	454	244492	854197	0
Mahuagai	14	673	243596	843035	0
Mahuaganj	14	740	235078	847210	0
Mahuagaon	19	607	241019	819648	0
Mahuagaon	33	619	254277	810887	0
Mahuagaon	6	299	214497	817617	0
Mahuagarh	33	31	266508	814379	0
Mahuagarha	14	379	240939	846487	0
Mahuagarha	14	454	243165	857036	0
Mahuaghat	19	502	236224	795688	0
Mahuaghat	4	106	246414	853262	0
Mahuahar	33	389	270701	783961	0
Mahuahar	33	445	272230	791618	0
Mahuahi	4	675	265201	840617	0
Mahuahi	4	535	263504	862145	0
Mahuahi	4	535	264365	862932	0
Mahuahi	4	535	263086	863473	0
Mahuain	4	112	247229	846854	0
Mahuain	4	112	246562	844924	0
Mahuain	4	117	247722	847557	0
Mahuajaratoli	14	541	233717	856523	0
Mahuajari	14	541	234130	850419	0
Mahuajhala	19	638	242842	792839	0
Mahuajhala	19	638	246596	795115	0
Mahuajor	4	117	248040	849180	0
Mahuakachhar	19	503	226369	789932	0
Mahuakapa	6	279	222374	818978	0
Mahuakhapa	6	279	222787	820544	0
Mahuakheda	19	502	238718	794394	0
Mahuakhera	19	338	236942	785173	0
Mahuakhera	19	338	236768	787116	0
Mahuakhera	19	338	235486	788026	0
Mahuakhera	19	326	233142	786775	0
Mahuakhera	19	503	230100	785799	0
Mahuakhera	19	568	227623	781307	0
Mahuakhera	19	568	226955	783668	0
Mahuakhera	19	568	228736	785273	0
Mahuakhera	19	503	229790	787455	0
Mahuakhera	19	338	236068	790095	0
Mahuakhera	19	502	235972	794307	0
Mahuakhera	19	502	239330	795288	0
Mahuakhera	19	576	233122	796964	0
Mahuakhera	19	576	230776	797980	0
Mahuakhera	33	526	269458	778509	0
Mahuakhera	19	420	254624	777444	0
Mahuakhera	19	465	259309	777505	0
Mahuakhera	19	324	241760	772606	0
Mahuakhera	19	395	244528	776551	0
Mahuakhera	19	324	243057	776064	0
Mahuakhera	19	338	243869	791032	0
Mahuakhera	19	326	234189	778087	0
Mahuakhera	19	502	242370	796011	0
Mahuakhera	19	502	240873	797312	0
Mahuakhera	19	208	237904	782193	0
Mahuakhera	19	208	235303	780081	0
Mahuakhera	33	370	248981	786209	0
Mahuakhera	19	338	237743	786431	0
Mahuakhera	19	512	243869	802806	0
Mahuakhera	19	512	244306	803667	0
Mahuakhera	19	309	233964	763088	0
Mahuakhera Khurd	19	324	243704	773732	0
Mahuakhera Prithviraj	19	208	241462	775322	0
Mahuakheraganj	33	492	291347	789455	0
Mahuakheri	19	395	244114	781160	0
Mahuakhoro	14	434	241624	863189	0
Mahuakol	14	570	250492	874859	0
Mahual	4	615	261701	843768	0
Mahual	4	615	260653	844285	0
Mahuamarwa	6	723	220457	817274	0
Mahuamilan	14	678	236767	848048	0
Mahuan	33	196	250484	825108	0
Mahuan ka Pura	33	526	269808	779913	0
Mahuan ka Pura	19	322	264377	789872	0
Mahuan Kalan	33	102	245998	830199	0
Mahuan Khurd	33	102	245967	830284	0
Mahuanwa	4	675	265023	843493	0
Mahuaon	4	363	255314	843981	0
Mahuaon Khurd	33	584	251157	822143	0
Mahuapali	6	393	213283	828046	0
Mahuapali	6	17	219901	831194	0
Mahuapali	6	17	218691	832425	0
Mahuapali	6	611	216508	831055	0
Mahuapali	6	388	217292	831847	0
Mahuapali	6	611	214270	832306	0
Mahuapali	6	17	218169	834091	0
Mahuapali	6	611	216399	832827	0
Mahuapali	25	290	216616	834514	0
Mahuapali	25	478	215932	834340	0
Mahuapani	19	142	218143	806843	0
Mahuapar	33	479	256886	831176	0
Mahuapar	33	152	268141	825100	0
Mahuapar	33	152	268845	826976	0
Mahuapar	33	623	269965	829991	0
Mahuapar	33	623	266486	830483	0
Mahuapar	33	314	265843	832503	0
Mahuapar	33	314	265503	833750	0
Mahuapar	33	314	263001	834632	0
Mahuapara	6	374	228552	824878	0
Mahuapatti	33	196	250164	827522	0
Mahuapattoli	14	310	234102	844161	0
Mahuapattoli	14	310	233554	844557	0
Mahuapattoli	14	310	232988	844515	0
Mahuapokhartoli	14	379	242941	851742	0
Mahuapur	33	561	254419	824426	0
Mahuapur	33	561	254494	824418	0
Mahuapura	19	459	266351	783169	0
Mahuapura	19	324	240018	772636	0
Mahuar	19	646	245623	821610	0
Mahuar	33	694	254364	831636	0
Mahuar	4	718	252937	836162	0
Mahuar	19	646	244579	821515	0
Mahuar	4	112	250108	845522	0
Mahuar	4	581	255038	847760	0
Mahuar	4	597	256732	843384	0
Mahuar	4	602	254188	876928	0
Mahuar Kol	33	314	265542	835369	0
Mahuara	14	570	250426	873064	0
Mahuara	14	570	251509	874657	0
Mahuare	33	623	269743	829754	0
Mahuari	33	27	258233	836866	0
Mahuari	4	597	255087	839219	0
Mahuari	4	394	251751	839072	0
Mahuari	33	102	247703	830939	0
Mahuari	33	102	247070	832527	0
Mahuari	33	561	253002	823714	0
Mahuari	33	196	250292	827313	0
Mahuari	33	539	267334	836926	0
Mahuari	33	27	256600	836164	0
Mahuari	4	615	262357	843945	0
Mahuari	4	394	251817	843133	0
Mahuari	33	539	267231	840152	0
Mahuari	4	615	261745	847321	0
Mahuari	4	112	247894	842369	0
Mahuari	14	673	245603	840197	0
Mahuari	14	673	245035	840120	0
Mahuari	4	112	245496	841032	0
Mahuari	4	112	247410	841484	0
Mahuari	4	112	246969	842024	0
Mahuari	4	394	253107	842001	0
Mahuari	4	394	250063	841477	0
Mahuari	4	394	250694	841817	0
Mahuari	4	597	253947	842781	0
Mahuari	4	363	253439	842944	0
Mahuari	4	363	253730	843527	0
Mahuari	4	112	247807	844449	0
Mahuari	14	673	244303	842825	0
Mahuari	14	673	241052	844905	0
Mahuari	4	112	247266	845423	0
Mahuari	14	379	242808	852181	0
Mahuari	4	112	246428	844282	0
Mahuari	4	117	250226	851201	0
Mahuari	4	495	251425	851727	0
Mahuari	4	117	244159	849241	0
Mahuari	14	740	234290	848812	0
Mahuari	14	434	246920	858352	0
Mahuari ka Pura	19	322	264725	783259	0
Mahuaria	33	102	241579	831905	0
Mahuaria	33	102	241207	831708	0
Mahuaria	33	196	251028	825781	0
Mahuaria	19	646	244602	821467	0
Mahuaria	33	532	264124	825556	0
Mahuaria	33	688	259796	817337	0
Mahuariguri	4	495	251266	851678	0
Mahuaritola	4	112	246762	840614	0
Mahuariya	33	102	246635	829492	0
Mahuariyatola	19	607	242587	826515	0
Mahuasemra	19	338	236759	792382	0
Mahuasin	33	479	259278	833103	0
Mahuat	33	682	276170	787572	0
Mahuat	4	718	250110	837427	0
Mahuat	4	718	250229	837416	0
Mahuat	4	394	249448	838301	0
Mahuatanr	14	673	239646	838257	0
Mahuatanr	4	106	245758	854894	0
Mahuatanr	14	454	244699	855685	0
Mahuatanr	14	454	244227	855424	0
Mahuatanr	14	732	243300	855502	0
Mahuatanr	14	454	243739	856225	0
Mahuatanr	14	442	250117	875074	0
Mahuatanr	14	377	237772	855049	0
Mahuatanr	14	498	236907	856807	0
Mahuatanr	14	498	239494	858901	0
Mahuatanr	14	379	244433	847579	0
Mahuatanr	14	379	240194	847684	0
Mahuatanr	14	678	238265	844169	0
Mahuatanr	14	678	237377	848419	0
Mahuatanr	14	434	243346	859616	0
Mahuatanr	14	434	243551	858627	0
Mahuatanr	14	454	243333	858062	0
Mahuatanr	14	454	242995	858242	0
Mahuatanr	14	434	243379	859993	0
Mahuatanr	14	434	241629	861647	0
Mahuatanr	14	434	243337	863083	0
Mahuatanr	14	434	243466	864351	0
Mahuatanr	14	434	241192	864494	0
Mahuatanr	14	434	241115	863527	0
Mahuatanrtola	14	732	240090	856498	0
Mahuatanrtoli	14	379	241844	850815	0
Mahuatanrtoli	14	732	239887	850347	0
Mahuatanrtoli	14	416	230130	855351	0
Mahuatanrtoli	14	434	239715	859818	0
Mahuatanrtoli	14	678	239871	846095	0
Mahuatanrtoli	14	678	238380	848394	0
Mahuatanrtoli	14	541	236612	849419	0
Mahuatar	33	242	255584	830245	0
Mahuatar	33	33	261011	825361	0
Mahuatikar	14	712	236465	837739	0
Mahuatikar	4	582	250275	870658	0
Mahuatir	33	688	257135	815032	0
Mahuatola	19	354	228238	797171	0
Mahuatola	19	354	223489	796902	0
Mahuatola	19	354	221739	795530	0
Mahuatola	19	217	229145	815260	0
Mahuatola	4	727	254955	863758	0
Mahuatola	14	379	240884	847912	0
Mahuatoli	6	269	235104	838066	0
Mahuatoli	14	541	235986	851436	0
Mahuatoli	14	377	237014	852470	0
Mahuatoli	14	541	233505	852466	0
Mahuatoli	14	541	233116	852468	0
Mahuatoli	14	416	232423	852189	0
Mahuatoli	14	416	230800	851169	0
Mahuatoli	14	416	230532	850669	0
Mahuatoli	14	416	230063	850271	0
Mahuatoli	14	416	230334	850571	0
Mahuatoli	14	416	230296	852004	0
Mahuatoli	14	377	237115	854674	0
Mahuatoli	14	377	235889	853012	0
Mahuatoli	14	377	235803	854341	0
Mahuatoli	14	541	235044	854066	0
Mahuatoli	14	541	234742	854343	0
Mahuatoli	14	541	234486	854137	0
Mahuatoli	14	541	233899	854153	0
Mahuatoli	14	541	233791	853055	0
Mahuatoli	14	541	233336	853666	0
Mahuatoli	14	541	233532	854205	0
Mahuatoli	14	541	233089	854982	0
Mahuatoli	14	541	232874	854430	0
Mahuatoli	14	541	232596	853167	0
Mahuatoli	14	541	232610	853580	0
Mahuatoli	14	541	232383	852511	0
Mahuatoli	14	416	231118	853136	0
Mahuatoli	14	416	230747	852933	0
Mahuatoli	14	541	234912	855384	0
Mahuatoli	14	541	234650	856283	0
Mahuatoli	14	541	234433	855338	0
Mahuatoli	14	541	233588	856951	0
Mahuatoli	14	541	233203	856656	0
Mahuatoli	14	416	229929	851590	0
Mahuatoli	14	416	228741	850050	0
Mahuatoli	14	416	228377	850203	0
Mahuatoli	14	416	228564	850961	0
Mahuatoli	14	416	228257	851071	0
Mahuatoli	14	416	227873	850551	0
Mahuatoli	14	416	228158	850584	0
Mahuatoli	14	476	227387	850119	0
Mahuatoli	14	476	226780	850239	0
Mahuatoli	14	416	229585	853314	0
Mahuatoli	14	310	232227	842422	0
Mahuatoli	14	310	231506	842300	0
Mahuatoli	14	310	235293	844160	0
Mahuatoli	14	310	233354	843428	0
Mahuatoli	14	310	231861	844746	0
Mahuatoli	14	310	231477	844171	0
Mahuatoli	14	310	230124	844739	0
Mahuatoli	14	310	230905	844990	0
Mahuatoli	14	678	236634	845567	0
Mahuatoli	14	740	235209	845459	0
Mahuatoli	14	740	235319	847072	0
Mahuatoli	14	740	233519	845734	0
Mahuatoli	14	310	233227	845268	0
Mahuatoli	14	310	233158	845412	0
Mahuatoli	14	310	233075	845747	0
Mahuatoli	14	310	232951	845741	0
Mahuatoli	14	740	234490	846250	0
Mahuatoli	14	310	233076	846730	0
Mahuatoli	14	310	230761	845473	0
Mahuatoli	14	310	230035	846524	0
Mahuatoli	14	310	230373	846415	0
Mahuatoli	14	310	230446	845829	0
Mahuatoli	14	310	231732	846057	0
Mahuatoli	14	310	231168	847269	0
Mahuatoli	14	310	230448	847035	0
Mahuatoli	14	310	230249	847368	0
Mahuatoli	14	541	235363	849326	0
Mahuatoli	14	740	234221	847597	0
Mahuatoli	14	310	232879	847848	0
Mahuatoli	14	310	232538	848522	0
Mahuatoli	14	310	233101	848485	0
Mahuatoli	14	310	233171	849165	0
Mahuatoli	14	740	233633	848992	0
Mahuatoli	14	541	232839	849170	0
Mahuatoli	14	310	232467	848910	0
Mahuatoli	14	541	232442	849969	0
Mahuatoli	14	310	231664	847715	0
Mahuatoli	14	310	231364	847992	0
Mahuatoli	14	310	231207	848178	0
Mahuatoli	14	310	230229	847735	0
Mahuatoli	14	541	231536	849349	0
Mahuatoli	14	310	230040	849325	0
Mahuatoli	6	384	227389	840773	0
Mahuatoli	14	476	225618	840147	0
Mahuatoli	14	476	225503	841174	0
Mahuatoli	14	476	225031	842439	0
Mahuatoli	6	384	229102	842806	0
Mahuatoli	14	310	228070	843818	0
Mahuatoli	14	310	229119	844186	0
Mahuatoli	14	476	226939	843179	0
Mahuatoli	14	476	225632	842862	0
Mahuatoli	14	476	225934	843335	0
Mahuatoli	14	476	226484	843892	0
Mahuatoli	14	476	227001	843814	0
Mahuatoli	14	476	226808	844534	0
Mahuatoli	14	476	226021	844512	0
Mahuatoli	14	476	226668	844190	0
Mahuatoli	14	476	223469	843240	0
Mahuatoli	14	310	228434	845797	0
Mahuatoli	14	310	229958	845942	0
Mahuatoli	14	310	229932	846272	0
Mahuatoli	14	310	229025	847075	0
Mahuatoli	14	310	228067	846752	0
Mahuatoli	14	476	227505	847463	0
Mahuatoli	14	476	224383	846706	0
Mahuatoli	14	310	229903	847874	0
Mahuatoli	14	310	228595	848661	0
Mahuatoli	14	310	227893	849048	0
Mahuatoli	14	310	228009	849683	0
Mahuatoli	14	310	228339	849757	0
Mahuatoli	14	310	229432	849757	0
Mahuatoli	14	416	229868	849881	0
Mahuatoli	14	476	225481	848157	0
Mahuatoli	14	476	225203	848283	0
Mahuatoli	14	476	226988	848481	0
Mahuatoli	14	476	227120	848415	0
Mahuatoli	14	476	226503	849868	0
Mahuatoli	14	476	226289	849572	0
Mahuatoli	14	476	224511	848992	0
Mahuatoli	14	732	241960	857285	0
Mahuatoli	14	434	242164	859209	0
Mahuatoli	14	434	241143	859244	0
Mahuatoli	14	434	240538	861311	0
Mahuatongri	14	377	236444	855760	0
Mahuatongritoli	14	541	234673	855786	0
Mahuawa	4	457	271378	844464	0
Mahuawa	4	457	270504	845128	0
Mahuawa	4	457	270495	845980	0
Mahuawa	33	539	266574	840309	0
Mahuawa	4	675	266030	841421	0
Mahuawa	4	457	268508	845568	0
Mahuawa	4	382	265302	849341	0
Mahuawa	4	382	264876	850002	0
Mahuawa	4	457	273023	843510	0
Mahuawa Bhaisa	4	457	271722	844615	0
Mahuawa Khas	4	675	264451	840686	0
Mahuawan	4	675	265118	840825	0
Mahuawan	4	112	247630	841259	0
Mahuawan	4	112	249167	844211	0
Mahuawan	4	112	246958	845702	0
Mahuawan	4	117	245837	847915	0
Mahuawara	19	576	230837	796497	0
Mahud	6	642	209915	811639	0
Mahud	6	642	208273	813102	0
Mahud	6	676	205186	813646	0
Mahud Budrukh	20	131	176066	750970	0
Mahud Machandur	6	620	207844	808195	0
Mahuda	6	275	211558	815685	0
Mahuda	31	271	194160	783743	0
Mahuda	6	669	220848	826411	0
Mahuda	14	379	242577	851765	0
Mahuda	14	310	231246	847151	0
Mahudar	14	712	244556	837315	0
Mahudar	14	712	240755	836469	0
Mahudar	33	152	268341	827558	0
Mahudar	4	117	246066	851148	0
Mahudar	14	732	239801	853258	0
Mahudartoli	14	732	238311	850830	0
Mahudartoli	14	454	243146	858054	0
Mahudevanatham	15	69	123082	772623	0
Mahudhana	19	443	219392	775422	0
Mahudhi	4	363	256833	846747	0
Mahudi	14	276	221494	855266	0
Mahudi	6	279	219594	819929	0
Mahudi	14	732	243715	852808	0
Mahudi	14	732	238074	852423	0
Mahudi	25	281	219174	857183	0
Mahudi Moti	10	133	244260	722838	0
Mahudi Nani	10	133	244374	723044	0
Mahudia	19	311	228011	761283	0
Mahudih	4	567	249975	860558	0
Mahudol	19	239	216487	749838	0
Mahudon Kalan	33	584	251247	822527	0
Mahudya	19	635	225554	757010	0
Mahuet	4	663	250174	857749	0
Mahuet	4	117	246952	850576	0
Mahuga	12	653	314678	773573	0
Mahugain	14	712	237817	837800	0
Mahugain	14	673	240491	843168	0
Mahugain	14	673	240034	844007	0
Mahugain	14	379	242847	846229	0
Mahugain	14	379	243896	846144	0
Mahugain	4	117	247169	852104	0
Mahugain	4	106	247805	853863	0
Mahugain	14	379	243127	853030	0
Mahugain	14	379	242620	852602	0
Mahugain	4	117	245395	849951	0
Mahugain	4	117	244385	849476	0
Mahugain	14	454	243613	857916	0
Mahugain Kalan	14	732	238531	852774	0
Mahugain Khurd	14	732	238467	852758	0
Mahugain Rasulpur	4	117	246942	852478	0
Mahugaintola	6	269	236930	836379	0
Mahugaitola	14	712	243259	837496	0
Mahugaon	19	317	217640	754349	0
Mahugaon	19	635	225768	757452	0
Mahugaon	14	310	233194	845703	0
Mahugaon	14	740	234247	845829	0
Mahugaon	14	310	230202	846236	0
Mahugaon	14	740	235136	849232	0
Mahugaon	14	541	233462	849981	0
Mahugaon	14	310	231828	848881	0
Mahugaon	14	541	230445	849397	0
Mahugaon	4	505	246581	863351	0
Mahugaon	4	505	246723	863254	0
Mahugara	19	497	246753	817048	0
Mahugara	14	732	242061	855176	0
Mahugarh	33	196	248358	822687	0
Mahugarhi Chhoti	33	196	248812	821775	0
Mahugawan	14	673	243322	839610	0
Mahughat	33	152	267897	824547	0
Mahughat	19	309	233831	766910	0
Mahuhatola	19	497	249972	814972	0
Mahui	12	653	314345	773912	0
Mahui	33	661	272556	794364	0
Mahui	33	444	255822	804405	0
Mahui	33	280	271086	830814	0
Mahui	33	496	271310	833764	0
Mahui	33	623	267028	830553	0
Mahui	33	314	267271	833661	0
Mahui	33	539	268574	836548	0
Mahui	33	539	267957	838393	0
Mahui	33	27	256537	836970	0
Mahui	33	27	256571	836954	0
Mahui	4	457	271104	843109	0
Mahui	4	675	264664	840191	0
Mahui	33	516	258530	841332	0
Mahui	33	516	258619	841189	0
Mahui	4	520	259774	844952	0
Mahui	33	444	251663	805854	0
Mahui	4	457	272817	843712	0
Mahui Buzurg	33	314	264719	832397	0
Mahui Khas	33	479	262616	832172	0
Mahui Khurd	33	539	267879	838589	0
Mahui Serpur	33	479	262551	832121	0
Mahuia	33	539	266788	836605	0
Mahuibandh	33	27	258669	836593	0
Mahuja	33	314	265272	834097	0
Mahuja	33	314	264889	834010	0
Mahuja	4	-1	262340	840129	0
Mahuja	4	615	260979	841265	0
Mahuja Newada	33	479	258928	828282	0
Mahuji	33	694	253917	835157	0
Mahukhandi	25	297	210281	839953	0
Mahukheda	20	78	208542	758044	0
Mahukhera	19	459	266724	780505	0
Mahul	33	479	261314	828146	0
Mahul	19	338	242988	784576	0
Mahula	4	718	250280	835402	0
Mahula	19	497	251039	815237	0
Mahulakhor	33	314	266294	832408	0
Mahulan Bara	14	633	245899	877913	0
Mahulan Chhota	14	633	245947	877672	0
Mahulani	33	152	268524	824621	0
Mahulani	33	280	271318	830559	0
Mahulani	33	280	272238	830724	0
Mahulani	33	496	272128	831910	0
Mahulani	33	496	272076	832331	0
Mahulani Buzurg	33	152	267254	825533	0
Mahulani Khurd	33	152	267234	825506	0
Mahulanpar	33	516	260181	839961	0
Mahular	33	196	249143	824069	0
Mahulara	33	605	266686	816450	0
Mahulara	33	31	267824	815033	0
Mahularia	33	196	249208	824177	0
Mahulbali	25	372	207155	843686	0
Mahulbana	14	633	246493	875734	0
Mahulbana	14	633	247442	876277	0
Mahulbarai	14	276	225287	854578	0
Mahulbarana	25	527	203314	852141	0
Mahulberna	25	290	216870	837593	0
Mahulbona	14	643	242335	875559	0
Mahulbona	14	633	243808	877565	0
Mahulburi	25	372	207401	843606	0
Mahuldarha	25	683	215142	844875	0
Mahuldia	25	281	215223	859857	0
Mahuldia	25	281	215013	858813	0
Mahuldih	6	611	216707	827419	0
Mahuldih	35	400	233424	859022	0
Mahuldih	14	541	231776	858619	0
Mahuldih	14	628	230183	858535	0
Mahuldih	14	628	226812	859966	0
Mahuldih	25	281	216789	856527	0
Mahuldiha	14	276	223780	851803	0
Mahuldiha	14	276	225725	854621	0
Mahuldiha	14	276	222360	856856	0
Mahuldiha	14	628	227017	858712	0
Mahuldiha	25	281	218874	857057	0
Mahuldiha	25	281	214349	861538	0
Mahuldihi	25	546	217241	843348	0
Mahuldip	6	388	217932	829684	0
Mahuldurh	25	683	214808	846152	0
Mahuli	33	623	266320	829872	0
Mahuli	20	67	205621	780591	0
Mahuli	4	394	250401	839784	0
Mahuli	20	67	203343	777259	0
Mahuli	20	127	201659	775906	0
Mahuli	20	132	209616	773712	0
Mahuli	4	718	248716	834388	0
Mahuli	33	102	242318	832990	0
Mahuli	14	712	242595	835111	0
Mahuli	14	712	244559	838200	0
Mahuli	19	497	245893	815358	0
Mahuli	33	196	250277	825263	0
Mahuli	33	33	255832	829468	0
Mahuli	4	394	248832	838097	0
Mahuli	20	168	211277	800763	0
Mahuli	4	363	256832	845889	0
Mahuli	4	363	256094	846030	0
Mahuli	4	363	254034	846777	0
Mahuli	4	112	250394	845642	0
Mahuli	4	520	260667	847807	0
Mahuli	4	520	260251	848482	0
Mahuli	4	112	246150	841626	0
Mahuli	4	112	247362	841949	0
Mahuli	4	663	250184	858404	0
Mahuli	4	106	248722	854966	0
Mahuli	4	106	248700	857372	0
Mahuli	4	535	262222	863512	0
Mahuli	4	632	260841	867829	0
Mahuli	4	136	257233	862279	0
Mahuli	4	518	253922	864907	0
Mahuli	4	518	250551	865325	0
Mahuli	4	117	247688	848030	0
Mahuli	4	581	255215	851134	0
Mahuli	4	581	255430	852268	0
Mahuli	4	581	254548	855983	0
Mahuli	4	505	248737	862847	0
Mahuli	4	505	248727	862991	0
Mahuli Buzurg	4	363	255664	845313	0
Mahuli Damodar	4	136	257243	856922	0
Mahuli Jagir	20	132	210590	778640	0
Mahuli Kalan	14	712	242824	836427	0
Mahuli Kalan	33	584	250462	818709	0
Mahuli Khurd	14	712	242860	836523	0
Mahuli Khurd	33	584	250522	817855	0
Mahuli Pada	20	182	212962	740006	0
Mahulia	14	562	226495	864146	0
Mahulia	33	451	276037	795263	0
Mahulia	33	661	275496	796430	0
Mahulia	33	329	283593	792259	0
Mahulia	33	27	255424	832933	0
Mahulia	33	102	247642	830383	0
Mahulia	33	242	254465	829418	0
Mahulia	33	539	267874	836424	0
Mahulia	19	239	217010	749579	0
Mahulia	14	673	240922	840388	0
Mahulia	14	673	241452	841324	0
Mahulia	14	673	241880	841914	0
Mahulia	14	673	242034	842969	0
Mahulia	4	410	260983	869606	0
Mahulia	4	567	250595	861972	0
Mahulia	25	527	200693	852059	0
Mahulia	25	527	200261	850457	0
Mahulia Khajuha	33	314	262927	834933	0
Mahulia Khurd	33	314	262910	834445	0
Mahulia Mundi	33	451	279221	799640	0
Mahulia Poil	33	314	262989	834460	0
Mahuliaposi	25	399	211366	852259	0
Mahulidih	14	483	241390	868914	0
Mahulidih	14	434	240565	864111	0
Mahulipur	33	196	250218	830224	0
Mahuliya	4	117	245885	849964	0
Mahuliyatanr	4	106	247837	860454	0
Mahuljhir	19	325	226113	785710	0
Mahuljhir	19	354	221486	797083	0
Mahuljhopri	6	455	210382	808139	0
Mahuljor	14	483	241707	868729	0
Mahulkana	25	349	192940	831008	0
Mahulkocha	14	628	228971	859781	0
Mahulkuhi	19	325	226417	791410	0
Mahulmal	25	399	210236	844291	0
Mahulmal	25	399	209856	844340	0
Mahulmunda	25	290	218170	841956	0
Mahulmunda	25	546	214424	841763	0
Mahulmunda	25	546	209598	843346	0
Mahulnali	25	399	208551	846933	0
Mahulnian	33	539	269887	839946	0
Mahulpada	25	281	216341	852675	0
Mahulpadar	25	572	203028	825697	0
Mahulpahari	14	643	242946	875591	0
Mahulpahari	14	633	243808	876090	0
Mahulpahari	14	633	243756	877548	0
Mahulpali	25	546	218644	844115	0
Mahulpali	25	478	211201	829349	0
Mahulpali	25	478	210182	829322	0
Mahulpali	25	478	210922	830163	0
Mahulpali	25	478	210134	830985	0
Mahulpali	25	380	210500	833351	0
Mahulpali	25	478	211002	834623	0
Mahulpali	25	297	210150	834970	0
Mahulpali	25	380	210009	834513	0
Mahulpali	25	478	213754	835414	0
Mahulpali	25	478	212237	835587	0
Mahulpali	25	297	210912	836264	0
Mahulpali	25	290	216999	839654	0
Mahulpali	25	290	216543	839413	0
Mahulpali	25	546	215846	839974	0
Mahulpali	25	478	212837	837748	0
Mahulpali	25	546	214052	839022	0
Mahulpali	25	546	213550	839972	0
Mahulpali	25	546	214444	839461	0
Mahulpali	25	478	211454	838071	0
Mahulpali	25	297	210438	837695	0
Mahulpali	25	478	211278	838466	0
Mahulpali	25	546	216504	840651	0
Mahulpali	25	546	216647	841092	0
Mahulpali	25	546	214116	842500	0
Mahulpali	25	372	208011	842862	0
Mahulpali	25	546	214689	840031	0
Mahulpali	25	546	213189	840458	0
Mahulpani	19	354	224457	793497	0
Mahulpani	14	276	227069	856772	0
Mahulpara	25	572	202027	825628	0
Mahulpara	25	572	201279	826280	0
Mahultikra	25	478	212974	836674	0
Mahultikra	25	290	218106	838245	0
Mahulva	31	62	173864	783734	0
Mahumandii	19	317	217320	756669	0
Mahun	11	524	278330	770407	0
Mahun	12	348	324487	765967	0
Mahuna	19	338	240868	789083	0
Mahuna	19	502	239928	793635	0
Mahuna	19	326	233900	783559	0
Mahuna	19	338	236211	791495	0
Mahuna	19	502	239952	796385	0
Mahuna Gujar	19	338	236686	783395	0
Mahunagar	33	531	288873	791400	0
Mahunajat	19	338	239757	782988	0
Mahunakayasth	19	338	239561	783186	0
Mahunar	4	106	248239	855006	0
Mahungu Kori	33	522	268846	818325	0
Mahuni	33	196	251805	831171	0
Mahuni	4	495	251942	856889	0
Mahunji Pada	20	185	211530	741558	0
Mahunt Purwa	33	522	271589	816750	0
Mahunwal	27	355	311102	754962	0
Mahunwala	27	3	303721	742235	0
Mahupal	25	683	216037	849432	0
Mahupani	19	443	218849	777073	0
Mahupar	33	314	265115	834308	0
Mahuphata	19	317	216754	760033	0
Mahupi	14	712	241694	838439	0
Mahupur	33	523	280325	783846	0
Mahupura	33	553	292137	785246	0
Mahupura	19	309	234271	762839	0
Mahur	20	138	198490	779242	0
Mahur	20	53	202596	759264	0
Mahur	15	71	170934	765797	0
Mahur	19	324	245973	774569	0
Mahur	14	673	243825	839227	0
Mahur	15	91	149313	753150	0
Mahura	13	289	341254	741035	0
Mahura	25	521	202109	857385	0
Mahura	33	694	254035	834303	0
Mahura	28	163	231638	743374	0
Mahura	10	170	230953	742640	0
Mahura Deor	33	152	269807	827814	0
Mahura Kalan	33	685	267288	811286	0
Mahura Khurd	33	685	267322	811423	0
Mahurach	19	313	245278	809911	0
Mahurachh	19	313	245361	810037	0
Mahurahi	4	363	254661	843831	0
Mahurai	33	444	252394	806844	0
Mahuraia	33	623	269492	829532	0
Mahurain	33	152	266389	828029	0
Mahurain	33	280	272022	830767	0
Mahurain	33	314	263738	834527	0
Mahuraiya	33	152	266998	826065	0
Mahuraiya	33	314	266151	832443	0
Mahurakhia	25	292	204804	851157	0
Mahuram	14	673	243587	842792	0
Mahuramtoli	14	541	233947	853906	0
Mahuraon	33	102	243727	833746	0
Mahuraon	4	112	246401	845338	0
Mahurapani	25	399	214208	852872	0
Mahurapur	35	347	245110	878277	0
Mahurapur	35	347	243817	878311	0
Mahurar	19	313	244535	811470	0
Mahurar	4	106	246634	853168	0
Mahurar	4	117	246875	849542	0
Mahurar	4	106	248130	859633	0
Mahuratanr	4	518	250306	866049	0
Mahurawan	4	394	246924	840051	0
Mahurbera	6	634	201438	815684	0
Mahurdali	19	142	217002	805316	0
Mahuresar	33	102	247428	829882	0
Mahurha	33	516	260537	839188	0
Mahuri	28	599	268491	778876	0
Mahuri	19	336	233701	808824	0
Mahuri	12	267	314562	769755	0
Mahuri	10	170	231529	742202	0
Mahuri	28	163	231465	743211	0
Mahuri	10	170	230779	742909	0
Mahuri	10	170	230251	742916	0
Mahuri	19	311	229548	762285	0
Mahuri	28	493	235462	736400	0
Mahuri	28	163	232974	742346	0
Mahuri	4	117	244126	843614	0
Mahuri	4	117	244428	843664	0
Mahuri	4	117	244489	843642	0
Mahuri	4	495	251006	854546	0
Mahuri Pal	28	493	237688	737109	0
Mahuri Purwa	33	496	272342	837446	0
Mahuria	33	584	252738	817842	0
Mahuria	10	164	231871	731390	0
Mahuria	28	163	232986	742757	0
Mahuria Khalsa	19	311	227911	764632	0
Mahuriya	19	334	238156	760860	0
Mahuriya	19	311	227189	766090	0
Mahurkhodra	19	142	215344	807063	0
Mahurkhora	20	139	211577	787252	0
Mahurkhura	20	168	207680	800397	0
Mahursa	33	27	256474	832055	0
Mahurundi	19	334	238648	760525	0
Mahut Chak	4	582	250276	870489	0
Mahuta	19	638	241822	790936	0
Mahuta	19	338	242547	780813	0
Mahuta	33	444	252141	806040	0
Mahuta Rupauli	33	619	253249	808744	0
Mahutala	33	451	281517	798279	0
Mahutha	19	465	257968	780031	0
Mahutola	19	142	218130	803975	0
Mahuva	10	137	210183	731403	0
Mahuvakhera	28	321	245987	764856	0
Mahuwa	4	687	258092	853976	0
Mahuwa	28	487	252943	764333	0
Mahuwa	33	553	293808	783113	0
Mahuwa	33	269	271546	822922	0
Mahuwa	33	280	272385	825892	0
Mahuwa	33	280	271271	828381	0
Mahuwa	33	280	271076	829038	0
Mahuwa	33	280	270908	829642	0
Mahuwa	33	152	267600	826011	0
Mahuwa	33	152	269470	829012	0
Mahuwa	4	382	264963	846117	0
Mahuwa	4	410	261469	866033	0
Mahuwa Bojh	33	637	265079	815338	0
Mahuwa Buzurg	33	280	271743	826323	0
Mahuwa Buzurg	33	280	272238	828494	0
Mahuwa Dabar	33	152	269133	825278	0
Mahuwa Dabra	34	617	292769	787949	0
Mahuwa Khera	33	417	258012	789654	0
Mahuwa Khurd	28	298	254411	746609	0
Mahuwa Khurd	33	280	271774	826340	0
Mahuwa Khurd	33	280	272177	828457	0
Mahuwa Para	33	659	272043	805421	0
Mahuwa Pathak	33	280	272096	827756	0
Mahuwa Ramrai	4	687	258249	854009	0
Mahuwa Singhrai	4	687	258168	853854	0
Mahuwabagh	19	509	251949	786659	0
Mahuwadand	33	152	266501	826077	0
Mahuwadand	33	623	267564	829740	0
Mahuwakhera	19	208	240043	782433	0
Mahuwakhera	19	338	237330	784515	0
Mahuwakhera	19	503	232002	788290	0
Mahuwakhera	19	503	231912	788319	0
Mahuwakhera	19	503	230582	789249	0
Mahuwakhera	19	568	228161	782422	0
Mahuwakhera	19	324	242098	770481	0
Mahuwakhera	19	502	240514	794162	0
Mahuwakhera	19	420	252970	780855	0
Mahuwakhera	19	502	242556	797989	0
Mahuwakhera Bilochi	19	208	241848	777613	0
Mahuwakhera Godi	19	338	237333	784385	0
Mahuwakhera Kalan	19	326	235184	783781	0
Mahuwakhera Khurd	19	326	235071	783599	0
Mahuwakhera Tumen	19	395	243948	777505	0
Mahuwakhera Ustad	19	208	240320	776584	0
Mahuwakheri	19	208	241243	778778	0
Mahuwal	33	532	263836	827608	0
Mahuwal	28	493	239308	739745	0
Mahuwala	34	574	299684	779090	0
Mahuwala	27	284	318094	758976	0
Mahuwala	4	495	250243	853682	0
Mahuwan ka Pura	28	599	268585	781314	0
Mahuwanv	33	102	246923	829514	0
Mahuwanv Gosain	33	102	246977	828910	0
Mahuwanv Pande	33	102	246949	828893	0
Mahuwaon	33	102	247389	831008	0
Mahuwapar	33	152	267772	827737	0
Mahuwapurwa	19	638	249352	797490	0
Mahuwar	33	522	270791	815855	0
Mahuwar	33	152	270005	828819	0
Mahuwar	33	152	268083	826471	0
Mahuwar	33	623	267068	830003	0
Mahuwar	4	569	259845	862665	0
Mahuwar	14	434	242791	863416	0
Mahuwar Kalan	33	102	246668	830374	0
Mahuwar Khurd	33	102	246666	830315	0
Mahuwara	33	280	271208	826631	0
Mahuwara	33	479	261325	828989	0
Mahuwara	28	22	239797	737547	0
Mahuwara Kalan	33	479	259962	827903	0
Mahuwara Khurd	33	479	260004	827934	0
Mahuwari	33	479	259100	829346	0
Mahuwari	4	718	252877	837349	0
Mahuwari	4	718	250186	836850	0
Mahuwari	33	532	266249	824858	0
Mahuwari	33	479	258030	831739	0
Mahuwari	33	152	267926	825963	0
Mahuwari	33	152	268807	827617	0
Mahuwari	33	152	269813	828144	0
Mahuwari	33	623	268597	828761	0
Mahuwari	33	314	266379	834876	0
Mahuwari	4	734	252315	846628	0
Mahuwaria	33	102	248321	828892	0
Mahuwaria	33	532	265242	826682	0
Mahuwaria	33	314	268089	834786	0
Mahuwaria	33	314	268675	834313	0
Mahuwariya	33	102	247479	828217	0
Mahuwariya	33	102	242946	829693	0
Mahuwasingha	14	434	241944	864103	0
Mahuwat	33	196	249508	822426	0
Mahuwatola	19	461	223864	807000	0
Mahuwatola	19	142	223583	808244	0
Mahuwatola	20	168	213695	804500	0
Mahuwatola	19	354	224305	794956	0
Mahuwatoli	14	673	240909	843579	0