Mahmudabad	33	488	272919	811178	45921
Mahma	27	545	308161	745432	0
Mahma	27	214	315679	749364	0
Mahmad Shahapur	20	127	203479	775116	0
Mahmada	19	338	240260	783795	0
Mahmada	4	382	265123	848759	0
Mahmadapur	20	138	188042	778058	0
Mahmadbhari	33	605	264991	820747	0
Mahmadipur	27	624	304739	764675	0
Mahmadnagar	4	106	246851	854203	0
Mahmadpur	10	133	240548	725199	0
Mahmadpur	20	67	206551	781631	0
Mahmadpur	27	571	304991	757517	0
Mahmadpur	19	503	228940	793021	0
Mahmadpur	33	605	266476	821301	0
Mahmadpur	33	605	266303	822117	0
Mahmadpur	33	532	263156	824522	0
Mahmadpur	4	734	251703	847668	0
Mahmadpur	4	734	251137	848480	0
Mahmadpur	4	507	252488	848953	0
Mahmadpur	4	507	251967	849620	0
Mahmadpur	4	507	250999	849424	0
Mahmadpur	4	507	250751	849873	0
Mahmadpur Chapra	33	532	264420	823739	0
Mahmadpura	4	581	252241	847725	0
Mahmadwa	4	457	269747	846384	0
Mahmala	12	348	324757	759318	0
Mahmala	33	282	278497	814489	0
Mahmand	27	214	319717	748945	0
Mahmanna	4	117	249309	848775	0
Mahmanpur	33	488	274401	810322	0
Mahmanpur	33	605	266562	823391	0
Mahmanpur	33	488	274648	809550	0
Mahmanpur	33	488	273883	809876	0
Mahmapur	33	637	265478	814193	0
Mahmara	6	275	211783	812484	0
Mahmmad	6	279	220356	821976	0
Mahmud Chak	33	33	257034	827215	0
Mahmud Khaneke	27	3	306671	742170	0
Mahmud Khera	27	592	300750	744173	0
Mahmud Muafi	33	488	274859	806544	0
Mahmud Nagar	27	214	315700	746930	0
Mahmud Purwa	33	488	274249	811878	0
Mahmud Purwa	33	605	267851	817571	0
Mahmud Sarai	33	564	260883	837375	0
Mahmuda	19	208	240028	778174	0
Mahmuda	4	632	256074	868923	0
Mahmuda	4	495	250531	852662	0
Mahmuda	4	495	253617	857009	0
Mahmuda Khadar	33	553	292154	781500	0
Mahmuda Nagla	33	492	286580	788422	0
Mahmudabad	33	697	287625	774479	0
Mahmudabad	33	31	269153	814416	0
Mahmudabad	33	314	268139	834818	0
Mahmudabad	33	584	254150	819194	0
Mahmudabad	27	544	312847	751052	0
Mahmudabad	33	312	278777	807570	0
Mahmudabad	33	31	270589	810769	0
Mahmudabad	33	672	289625	780533	0
Mahmudabad Grant	33	269	272180	823630	0
Mahmudabadkheri	19	648	229867	767701	0
Mahmudapur	33	548	269971	797981	0
Mahmudapur	33	329	285745	796389	0
Mahmudapur	33	329	283879	796846	0
Mahmudganj	28	302	259481	756824	0
Mahmudganj	33	682	277372	785638	0
Mahmudganj	19	208	242145	774211	0
Mahmudganj	4	718	252284	834735	0
Mahmudgarh	33	316	295900	774029	0
Mahmudgarhi	33	174	277919	778021	0
Mahmudia	33	532	264472	826073	0
Mahmudipur	33	488	276319	809547	0
Mahmudiya	33	445	271857	793511	0
Mahmudkhera	28	463	275282	769805	0
Mahmudmau	33	605	266926	816669	0
Mahmudnagar	33	685	269094	807340	0
Mahmudnagar	34	430	303764	778292	0
Mahmudnagar	33	710	259440	798501	0
Mahmudnagar	33	269	273396	823558	0
Mahmudnagar	33	613	282142	780535	0
Mahmudnagar	4	382	266793	849203	0
Mahmudnagar	33	659	271705	800101	0
Mahmudnagaria	33	682	277585	785493	0
Mahmudpatti	33	584	256453	821020	0
Mahmudpur	35	268	226903	881461	0
Mahmudpur	13	559	326323	748553	0
Mahmudpur	27	624	306156	761363	0
Mahmudpur	11	664	302363	766900	0
Mahmudpur	33	659	275328	797391	0
Mahmudpur	33	710	264233	792504	0
Mahmudpur	33	686	264723	793959	0
Mahmudpur	33	710	263245	793725	0
Mahmudpur	33	548	269909	796301	0
Mahmudpur	11	466	291779	767113	0
Mahmudpur	11	88	300902	773500	0
Mahmudpur	33	431	302565	775596	0
Mahmudpur	33	553	292609	781549	0
Mahmudpur	33	525	292959	780347	0
Mahmudpur	33	431	299294	774969	0
Mahmudpur	34	574	299170	779481	0
Mahmudpur	27	647	308363	758352	0
Mahmudpur	33	697	287547	773731	0
Mahmudpur	33	329	283509	790663	0
Mahmudpur	33	724	286516	778033	0
Mahmudpur	11	614	301310	762297	0
Mahmudpur	27	543	303714	764455	0
Mahmudpur	27	543	301508	764564	0
Mahmudpur	27	543	302497	764598	0
Mahmudpur	27	543	304179	765777	0
Mahmudpur	11	664	303440	769795	0
Mahmudpur	33	593	277654	789847	0
Mahmudpur	33	523	278715	781864	0
Mahmudpur	33	661	272257	795795	0
Mahmudpur	33	644	276680	780781	0
Mahmudpur	33	523	279749	784266	0
Mahmudpur	33	644	277961	784124	0
Mahmudpur	33	644	277485	784767	0
Mahmudpur	33	645	263899	796163	0
Mahmudpur	33	682	273820	787025	0
Mahmudpur	33	-1	250628	803291	0
Mahmudpur	33	444	251587	804833	0
Mahmudpur	33	242	255400	830172	0
Mahmudpur	33	27	255472	831832	0
Mahmudpur	33	694	252954	831090	0
Mahmudpur	33	196	250359	830190	0
Mahmudpur	33	27	256709	832936	0
Mahmudpur	33	27	256049	832585	0
Mahmudpur	33	27	255775	833015	0
Mahmudpur	33	27	255479	833118	0
Mahmudpur	19	497	247129	814794	0
Mahmudpur	19	497	247172	814972	0
Mahmudpur	33	698	259283	807942	0
Mahmudpur	33	33	259948	824312	0
Mahmudpur	33	242	253131	829343	0
Mahmudpur	33	33	256627	823934	0
Mahmudpur	33	33	256307	824961	0
Mahmudpur	33	33	255282	824794	0
Mahmudpur	33	553	291145	782290	0
Mahmudpur	33	282	274001	815215	0
Mahmudpur	33	27	257890	837881	0
Mahmudpur	33	685	268169	810934	0
Mahmudpur	33	31	269907	811580	0
Mahmudpur	33	685	266524	810010	0
Mahmudpur	33	31	268986	814340	0
Mahmudpur	33	31	269436	813971	0
Mahmudpur	33	31	267318	814884	0
Mahmudpur	33	492	290649	786250	0
Mahmudpur	33	553	291417	785992	0
Mahmudpur	33	575	263956	819294	0
Mahmudpur	33	488	272190	809429	0
Mahmudpur	33	622	282803	784956	0
Mahmudpur	33	605	267471	816116	0
Mahmudpur	33	637	261696	818105	0
Mahmudpur	33	531	287029	789866	0
Mahmudpur	33	269	270852	823835	0
Mahmudpur	33	269	271458	824363	0
Mahmudpur	33	605	267061	821576	0
Mahmudpur	33	575	264686	820244	0
Mahmudpur	33	575	263407	820759	0
Mahmudpur	33	575	263402	821759	0
Mahmudpur	33	575	263812	822423	0
Mahmudpur	33	575	262765	822129	0
Mahmudpur	33	575	260683	820733	0
Mahmudpur	33	522	269839	824159	0
Mahmudpur	33	532	265245	824625	0
Mahmudpur	33	532	264121	823082	0
Mahmudpur	33	532	263882	824690	0
Mahmudpur	33	479	259977	830822	0
Mahmudpur	33	575	262034	822800	0
Mahmudpur	33	479	259210	831891	0
Mahmudpur	33	575	262087	823237	0
Mahmudpur	33	152	267750	826687	0
Mahmudpur	33	532	264695	825616	0
Mahmudpur	33	532	263353	826996	0
Mahmudpur	33	532	263845	826756	0
Mahmudpur	33	532	263995	826372	0
Mahmudpur	33	33	261231	826063	0
Mahmudpur	33	479	260323	827476	0
Mahmudpur	33	564	259517	833619	0
Mahmudpur	33	532	264365	827581	0
Mahmudpur	33	532	262436	827947	0
Mahmudpur	33	479	262130	829384	0
Mahmudpur	33	314	265793	831905	0
Mahmudpur	33	27	257435	835028	0
Mahmudpur	33	27	256889	835881	0
Mahmudpur	33	27	256810	836420	0
Mahmudpur	33	626	254707	816547	0
Mahmudpur	33	688	257930	817716	0
Mahmudpur	27	284	320246	756575	0
Mahmudpur	27	355	311499	754717	0
Mahmudpur	33	488	276877	809582	0
Mahmudpur	33	488	275767	809957	0
Mahmudpur	33	488	275295	809912	0
Mahmudpur	33	488	273066	807840	0
Mahmudpur	33	488	274676	809817	0
Mahmudpur	33	685	270879	810413	0
Mahmudpur	33	31	270230	810133	0
Mahmudpur	27	283	310969	760098	0
Mahmudpur	27	624	306761	764330	0
Mahmudpur	33	672	289256	780211	0
Mahmudpur	33	613	282622	780068	0
Mahmudpur	33	523	280473	782257	0
Mahmudpur	33	31	271484	813176	0
Mahmudpur	33	688	260487	815563	0
Mahmudpur	4	615	261008	843023	0
Mahmudpur	34	617	291797	791296	0
Mahmudpur	4	581	255844	849402	0
Mahmudpur	4	615	261632	842221	0
Mahmudpur	33	116	280985	793197	0
Mahmudpur	4	382	267239	848792	0
Mahmudpur	33	329	286406	795080	0
Mahmudpur	33	451	280516	795661	0
Mahmudpur	33	329	282408	797006	0
Mahmudpur	4	117	248539	847220	0
Mahmudpur	33	621	258980	801110	0
Mahmudpur	33	488	273923	805015	0
Mahmudpur	33	488	273300	805790	0
Mahmudpur	33	686	266009	792501	0
Mahmudpur	4	507	252258	850464	0
Mahmudpur	33	451	279537	800077	0
Mahmudpur	33	312	277938	801263	0
Mahmudpur	33	312	278162	801031	0
Mahmudpur	33	659	276529	801005	0
Mahmudpur	33	312	277902	804135	0
Mahmudpur	33	613	284836	779906	0
Mahmudpur	33	479	260345	829917	0
Mahmudpur Aima	33	622	286149	785381	0
Mahmudpur Bahuta	33	553	294022	783640	0
Mahmudpur Bangar	33	575	263142	819744	0
Mahmudpur Bhaja	33	329	282575	796944	0
Mahmudpur Bhika	33	553	293478	783810	0
Mahmudpur Brahman	33	644	275203	780368	0
Mahmudpur Buzurg	33	553	292221	783721	0
Mahmudpur Dibuha	33	27	257377	835018	0
Mahmudpur Gang	33	548	271470	798268	0
Mahmudpur Garhi	33	685	270838	810435	0
Mahmudpur Jamalpur	33	523	278680	781991	0
Mahmudpur Jatan	33	644	274895	780181	0
Mahmudpur Kesha	33	492	291986	787194	0
Mahmudpur Khurd	33	645	263709	797527	0
Mahmudpur Kurauli	33	479	260094	829144	0
Mahmudpur Lal	33	492	290403	787712	0
Mahmudpur Mafi	33	492	286616	786608	0
Mahmudpur Majra	33	525	294986	778751	0
Mahmudpur Majra	11	586	285746	767960	0
Mahmudpur Nadai	33	389	269679	786096	0
Mahmudpur Narayan	33	553	293952	783696	0
Mahmudpur Nazir	33	312	278091	802315	0
Mahmudpur Pali	33	27	255581	833585	0
Mahmudpur Parithia	33	31	268936	811109	0
Mahmudpur Pukhta	33	593	280104	786091	0
Mahmudpur Razak	33	27	257616	837318	0
Mahmudpur Salahpur	33	575	263569	822827	0
Mahmudpur Sanaura	33	661	276674	791377	0
Mahmudpur Sapaha	33	661	275622	792558	0
Mahmudpur Saraiyan	33	659	277367	802191	0
Mahmudpur Sikera	33	672	291993	779998	0
Mahmudpur Simra	33	532	265305	825459	0
Mahmudpur Simri	33	575	263467	822936	0
Mahmudpur Sogna	33	116	281153	788242	0
Mahmudpur Tigri	33	492	289179	788182	0
Mahmudpura	19	338	240139	784308	0
Mahmudpura	28	679	266933	762456	0
Mahmudpura	27	250	312434	746026	0
Mahmudpura	27	214	317434	751517	0
Mahmudpurkheri	33	672	292103	780146	0
Mahmudwa	33	564	258557	833307	0
Mahmuliapur	33	548	270884	799217	0
Mahmunwal	27	355	311344	752732	0
Mahmunwal	27	355	311584	753266	0
Mahmunwal	27	284	314708	759058	0
Mahmurganj	33	242	253037	829847	0