Majalgaon	20	34	191551	762099	49453
Majhiaon Kalan	14	712	243243	838161	18349
Majitha	27	214	317571	749589	14503
Majholi	19	576	235011	799240	13210
Majhauli	19	646	241197	816300	11892
Majhgawan	19	313	249213	808075	8290
Majgaon	3	342	266525	927911	8154
Majhauli Khetal	4	381	261102	853664	6820
Majhihara	25	521	201754	860001	5598
Majhiari	13	1	335969	742253	5033
Majra	11	664	304509	770373	4884
Majirgaon	3	345	261349	915681	4774
Majaragollappatti	30	51	116681	780739	4727
Majarkuri	3	612	262728	914958	4727
Maj	13	412	340201	749390	0
Maj	13	485	332173	743129	0
Maja Kalan	19	502	236028	793560	0
Maja Khurd	19	502	236034	793641	0
Maja Raje	15	55	125513	756141	0
Majadaha	33	694	254713	832011	0
Majadar	10	133	240484	724030	0
Majaf	34	533	294614	799275	0
Majagawan Khurd	19	638	242322	791824	0
Majagikempanhalli	15	92	134633	770082	0
Majagonda	25	373	204582	842197	0
Majagund	13	588	341326	747054	0
Majahadpur	33	525	292593	780831	0
Majahar	4	382	265978	849679	0
Majahida	4	615	262422	842918	0
Majahidpur	33	661	274676	795215	0
Majahidpur	33	431	301358	777254	0
Majahidpur	4	510	255608	859525	0
Majahidpur	4	495	251565	853023	0
Majahirpur	33	525	292472	776325	0
Majahra Khurd	33	196	252193	825480	0
Majaipur	34	481	304956	781841	0
Majaitha	4	495	250680	853957	0
Majaittola	4	495	253745	852685	0
Majaiyappanallur	30	254	109480	794151	0
Majal	28	274	258140	727065	0
Majal	10	107	232359	694063	0
Majal	12	604	309616	771303	0
Majal	19	509	251180	786736	0
Majal Kalan	27	543	302266	764142	0
Majal Khurd	27	543	302219	764063	0
Majala	25	273	194967	831646	0
Majalapur	20	151	191193	768714	0
Majalbettu	15	248	131952	748599	0
Majali	15	59	148953	741083	0
Majali	15	59	147726	742560	0
Majali Kalan	27	647	307890	761303	0
Majali Khurd	27	647	307880	761368	0
Majalpumbadi	15	55	125791	755274	0
Majam	28	22	246983	735429	0
Majama	13	559	329459	745384	0
Majamadaka	25	349	194457	836678	0
Majan	19	497	247966	814729	0
Majan	19	497	248169	816135	0
Majan	19	497	246014	815515	0
Majan	19	607	240845	826089	0
Majan	19	313	248183	809784	0
Majan	19	497	250204	814247	0
Majan	28	550	249880	738177	0
Majanhalli	15	652	126350	759864	0
Majania	19	208	241115	773928	0
Majanpur	33	605	267663	815956	0
Majansaru	15	59	148641	748436	0
Majanu	12	514	306529	773861	0
Majar Chuk	3	342	267289	929210	0
Majar Sangvi	20	138	188329	770928	0
Majara	27	647	308157	759703	0
Majara	19	502	243715	796325	0
Majara	4	117	244262	846531	0
Majara	30	192	125955	791684	0
Majara Jhonpariyan	28	357	250499	761448	0
Majarabailu	1	426	142346	779715	0
Majarahia	4	136	258987	860670	0
Majaranallapillaipatti	30	186	90063	776417	0
Majaratanr	14	434	240356	861954	0
Majare Khuro	27	647	309871	757914	0
Majare Walki	20	127	200749	771072	0
Majargahi	4	569	259188	860765	0
Majarhat	4	632	259654	868126	0
Majari	28	487	252101	772163	0
Majari	33	496	272372	837181	0
Majari	27	283	311299	762324	0
Majarkata	6	285	206476	820452	0
Majarkud	6	388	217555	830306	0
Majarthi	33	522	272430	822293	0
Majarwani	19	443	217001	775895	0
Majas	12	267	315588	770831	0
Majat	27	608	306773	765889	0
Majathi	4	117	249511	847308	0
Majathi	4	112	249109	846938	0
Majatpur	10	133	241302	725400	0
Majatri	27	608	306846	765997	0
Majauli	27	543	303026	765978	0
Majauli	4	581	254143	848638	0
Majauna	19	607	242887	823112	0
Majauna	4	136	258846	857150	0
Majaur	12	267	315786	771512	0
Majaura	4	632	256511	870137	0
Majauri	28	22	247669	735112	0
Majawad	28	22	246706	735192	0
Majawat ka Gurha	28	22	247525	735069	0
Majawat ka Gurha	28	22	247299	735352	0
Majbartal	4	602	253619	877177	0
Majbat	3	367	267856	922847	0
Majbe	34	692	298429	797215	0
Majbur	13	485	335358	743499	0
Majbut Singh ka Pura	19	322	262081	786265	0
Majdas	17	8	346111	760500	0
Majdihi	25	290	219148	841833	0
Majdipur Chak	33	464	288570	783947	0
Majdwar	12	267	315734	772209	0
Majehra	19	420	253916	777433	0
Majehra	19	420	253794	777463	0
Majel	12	267	312805	772825	0
Majeori	12	604	311157	767405	0
Majeoti	12	460	313617	776137	0
Majer Dabri	3	684	264142	898720	0
Majer Dabri	35	720	264300	898381	0
Majera	34	589	296980	790917	0
Majera	34	530	294170	796500	0
Majera	34	413	295131	799514	0
Majerha	34	589	299650	784157	0
Majerpara	35	432	225297	887228	0
Majerpasi	25	281	216049	857433	0
Majesar	11	741	283661	773092	0
Majethi	34	413	296950	795101	0
Majevthi	12	460	311590	776678	0
Majgama	19	512	245851	804491	0
Majgama	19	512	241469	803579	0
Majgama	19	313	248933	806269	0
Majgama	19	313	245077	805684	0
Majgama	19	313	245220	806318	0
Majgama	19	313	243324	806682	0
Majgama	19	313	243617	807123	0
Majgama	19	313	246727	808783	0
Majgama	19	313	246064	808116	0
Majgama Jhoda Baiske	19	313	247483	808951	0
Majgaon	19	646	239367	820546	0
Majgaon	20	64	175477	740650	0
Majgaon	20	17	182145	730867	0
Majgaon	19	311	225093	770040	0
Majgaon	19	576	232342	802555	0
Majgaon	6	-1	217831	808221	0
Majgaon	34	413	297048	793585	0
Majgaon	15	77	158067	744945	0
Majgaon	4	491	261874	878708	0
Majgaon	4	590	258969	876006	0
Majgaon	14	310	232025	840951	0
Majgaon	14	628	225363	859171	0
Majgaon Nayatol	4	590	258978	875956	0
Majgaona	6	598	235828	825459	0
Majgawan	19	462	249162	788058	0
Majgawan	19	462	248669	790279	0
Majgawan	19	326	232762	783692	0
Majgawan	19	326	235237	785661	0
Majgawan	19	638	242679	793681	0
Majgawan	33	584	256014	820125	0
Majgawan	19	484	251901	783257	0
Majgawan	19	607	245624	827661	0
Majgawan	19	354	223517	797958	0
Majgawan	33	314	264078	834562	0
Majgawan	4	641	260097	875649	0
Majgawan	4	602	254855	876724	0
Majgawan Karn	33	654	262935	811863	0
Majgawan Rao	33	654	262920	811831	0
Majgawan Sihonda	33	444	253141	803780	0
Majgawanjara	19	462	248743	790316	0
Majgo	12	514	307133	776061	0
Majguni	15	59	144542	744160	0
Majguwan	19	462	248630	790336	0
Majguwapatol	19	502	240664	796399	0
Majh Kothi	4	136	257435	858757	0
Majh Purwa	33	548	268831	795760	0
Majh Purwa	33	548	271058	797431	0
Majh Purwa	33	686	267401	795122	0
Majh Purwa	33	548	268690	798847	0
Majh Purwa	33	31	269451	811844	0
Majh Purwa	33	31	269864	812419	0
Majh Purwa	19	497	250997	812542	0
Majh Teni	33	698	257910	810225	0
Majha	19	512	247546	801977	0
Majha	27	665	323228	757821	0
Majhach	13	-1	322908	771726	0
Majhagaon	25	572	205969	825198	0
Majhagawan	19	326	234952	784237	0
Majhagawan	19	646	241048	818200	0
Majhagawan	19	313	244743	804914	0
Majhagawan	33	102	247471	827815	0
Majhagawan	19	336	234225	808943	0
Majhagwan	19	337	239839	806038	0
Majhai	12	514	306695	774018	0
Majhai	33	548	270383	796887	0
Majhaili	4	590	258900	876644	0
Majhaili	4	590	257262	875701	0
Majhaili	4	602	255590	877396	0
Majhakar	12	39	320541	762731	0
Majhakhal	12	267	315339	772136	0
Majhakhara	19	313	248187	809121	0
Majhakhora	4	394	252124	840924	0
Majhal	4	410	261646	870932	0
Majhali	12	460	313691	777489	0
Majhali	12	460	314395	777163	0
Majhali	12	267	313790	769492	0
Majhalia	33	656	287351	797713	0
Majhalta	13	359	327374	751844	0
Majhalwara	33	591	252668	797846	0
Majhangan	12	267	313423	770415	0
Majhania	33	280	271795	830277	0
Majhania	19	309	234497	763325	0
Majhanpur	4	106	249661	855473	0
Majhanpur	4	510	254262	862445	0
Majhanpur	4	117	245892	848252	0
Majhanpura	4	507	252867	849132	0
Majhanpura	4	581	253810	851209	0
Majhapura	4	581	254201	849065	0
Majhar	12	460	311212	773050	0
Majhar	12	460	310036	773045	0
Majhar	11	565	307105	770796	0
Majhar	12	270	317542	763307	0
Majhar	12	604	309503	769330	0
Majhar	12	460	311700	771736	0
Majhar	4	112	248063	844639	0
Majhar	4	112	247456	845130	0
Majhar	4	117	246459	850388	0
Majhar	4	112	245963	842701	0
Majhar	4	117	248315	848575	0
Majhara	33	526	269672	781881	0
Majhara	33	116	281399	789664	0
Majhara	33	329	281864	793144	0
Majhara	33	116	280669	793267	0
Majhara	33	656	287880	798303	0
Majhara Bagha	33	451	277040	796236	0
Majhara Khas	33	116	279429	794889	0
Majhara Purwa	33	659	274681	799735	0
Majharganj	33	654	261399	810039	0
Majhari	19	420	250333	776302	0
Majhari	4	718	251623	836673	0
Majhari	33	553	296369	782827	0
Majhari	33	269	272447	824856	0
Majhari	33	522	271179	824730	0
Majhari	33	152	267714	824667	0
Majhari	33	532	265189	823392	0
Majhari	12	279	313007	768982	0
Majhari	33	431	301879	775187	0
Majhari Bachhal	33	269	274057	823370	0
Majhari Dula	33	269	273810	823656	0
Majhari Jot	33	522	269769	825157	0
Majharia	33	451	276354	794992	0
Majharia	33	548	270599	795913	0
Majharia	33	301	266034	808640	0
Majharia	33	516	259428	839871	0
Majharia	33	152	268441	826161	0
Majharia	33	152	267951	826073	0
Majharia	33	152	268197	826554	0
Majharia	33	152	267458	826091	0
Majharia	33	152	266427	828457	0
Majharia	4	457	272049	845028	0
Majharia	4	457	271598	845267	0
Majharia	4	457	270791	846121	0
Majharia	4	675	265291	840811	0
Majharia	4	675	264313	840788	0
Majharia	33	515	262451	840271	0
Majharia	4	382	266755	848544	0
Majharia	4	382	265564	849336	0
Majharia	4	382	266457	849177	0
Majharia	33	659	271620	801968	0
Majharia Ganga Rai	33	152	268012	828120	0
Majharia Purwa	33	152	268299	827610	0
Majharia Shukul	33	152	268160	827857	0
Majhariya	4	394	251511	842512	0
Majhariya	4	457	271158	842556	0
Majhariya	4	457	272046	844488	0
Majhariya	4	457	271272	844490	0
Majhariya	4	457	269607	843881	0
Majhariya	4	457	269865	847181	0
Majhariya	4	382	265960	845375	0
Majhariya	4	382	268696	848771	0
Majhariya	33	516	257236	840579	0
Majhariya Kishan	4	457	266934	845567	0
Majhariya Sheikh	4	457	267356	846420	0
Majharnu	12	267	319763	767995	0
Majhartola	6	598	233941	825862	0
Majhartola	4	117	247245	848246	0
Majhartoli	14	476	226400	848008	0
Majhathra	12	267	315786	767756	0
Majhatoli	14	416	227103	850832	0
Majhatoli	14	310	228033	843807	0
Majhatoli	14	310	229501	844112	0
Majhatoli	14	476	225874	843005	0
Majhatoli	14	476	226008	843457	0
Majhatoli	14	476	227197	844224	0
Majhatoli	14	310	228637	845422	0
Majhatoli	14	310	227575	845208	0
Majhatoli	14	476	224414	846628	0
Majhaua	33	516	257760	843661	0
Majhaua	28	599	267753	777219	0
Majhaua	33	269	272824	823878	0
Majhaua	33	269	273570	824857	0
Majhaua	33	269	272249	825130	0
Majhaua	33	280	273681	825524	0
Majhaua	33	280	272688	826624	0
Majhaua	33	575	264461	820584	0
Majhaua	33	152	269476	823156	0
Majhaua	33	522	269602	823485	0
Majhaua	33	532	264309	823400	0
Majhaua	33	152	267554	828486	0
Majhaua	33	623	268581	828975	0
Majhaua	33	532	264070	827949	0
Majhaua	33	564	262005	837067	0
Majhaua	33	329	284995	794231	0
Majhaua	33	329	282135	795157	0
Majhaua	33	516	258869	840751	0
Majhaua	4	632	257036	868838	0
Majhaua Babu	33	152	267965	825078	0
Majhaua Baikunth	33	152	269445	828035	0
Majhaua Dube	33	152	267976	823268	0
Majhaua Het Ram	33	329	282649	795707	0
Majhaua Jagat	33	152	268746	827997	0
Majhaua Kalan	33	152	269458	828311	0
Majhaua Kalan	33	152	269300	828537	0
Majhaua Kand	33	269	272760	823572	0
Majhaua Khajuri	33	152	269256	827555	0
Majhaua Khurd	33	152	269175	826812	0
Majhaua Khurd	33	152	269508	827354	0
Majhaua Khurd	33	152	269982	827371	0
Majhaua Khurd	33	152	269525	828614	0
Majhaua Kunwar	33	152	268760	824522	0
Majhaua Mir	33	152	268954	827860	0
Majhaua Sarkari	33	623	268372	829166	0
Majhaud	11	327	291928	759617	0
Majhaul	4	510	255613	861265	0
Majhaul	4	636	259758	865459	0
Majhaul	4	636	259954	864573	0
Majhaul	4	410	260632	865290	0
Majhaula	33	622	284051	786920	0
Majhauli	33	515	262973	839598	0
Majhauli	12	267	316105	771254	0
Majhauli	33	27	257035	833222	0
Majhauli	33	564	259681	836831	0
Majhauli	19	512	245345	799247	0
Majhauli	4	394	252440	839616	0
Majhauli	33	102	244389	831339	0
Majhauli	33	102	242016	831532	0
Majhauli	19	646	240940	816206	0
Majhauli	33	688	258517	822683	0
Majhauli	33	33	257592	825890	0
Majhauli	19	337	240505	807323	0
Majhauli	19	607	241592	823927	0
Majhauli	19	607	240044	825640	0
Majhauli	19	313	241075	808755	0
Majhauli	19	313	240880	809467	0
Majhauli	33	492	287060	787468	0
Majhauli	33	622	284456	787045	0
Majhauli	33	605	265994	820913	0
Majhauli	33	605	266096	821906	0
Majhauli	33	314	268425	831882	0
Majhauli	19	336	236723	807659	0
Majhauli	19	512	242162	799418	0
Majhauli	33	102	244192	827412	0
Majhauli	4	363	256748	845714	0
Majhauli	33	516	257981	841780	0
Majhauli	4	112	247579	842194	0
Majhauli	14	673	241665	841316	0
Majhauli	4	394	251445	841687	0
Majhauli	4	363	255549	844294	0
Majhauli	4	394	253336	842719	0
Majhauli	4	117	244435	843948	0
Majhauli	14	673	241817	842687	0
Majhauli	14	673	242150	844118	0
Majhauli	14	673	240328	844861	0
Majhauli	4	112	248561	845198	0
Majhauli	4	117	246766	852393	0
Majhauli	4	117	249440	852544	0
Majhauli	4	106	246694	853664	0
Majhauli	4	117	246615	852674	0
Majhauli	4	112	245533	843485	0
Majhauli	4	112	245812	843506	0
Majhauli	4	112	246525	843938	0
Majhauli	4	112	246292	844690	0
Majhauli	4	117	246231	849313	0
Majhauli	4	117	245706	849655	0
Majhauli	4	687	259282	852279	0
Majhauli	4	581	255566	850011	0
Majhauli	4	581	254939	850586	0
Majhauli	4	581	253607	851203	0
Majhauli	4	687	256738	853232	0
Majhauli	4	581	254752	854182	0
Majhauli	4	381	261559	854812	0
Majhauli Duarika	4	117	247300	851029	0
Majhauli Kalan	14	379	243212	852308	0
Majhauli Khurd	14	379	243188	852344	0
Majhauli Kishundaspur	33	605	266234	821873	0
Majhauli Muhammadpur Buzurg	4	687	257933	852659	0
Majhaulia	4	381	259636	855738	0
Majhaulia	33	314	263579	835496	0
Majhaulia	33	516	261448	838672	0
Majhaulia	33	515	262449	839600	0
Majhaulia	33	515	261497	839290	0
Majhaulia	4	615	262081	842990	0
Majhaulia	4	615	262184	844343	0
Majhaulia	4	520	259872	846515	0
Majhaulia	4	520	259416	846970	0
Majhaulia	4	520	259068	847597	0
Majhaulia	4	675	265100	841249	0
Majhaulia	4	675	264885	840265	0
Majhaulia	4	615	261919	841490	0
Majhaulia	33	516	260840	840057	0
Majhaulia	4	615	261707	841968	0
Majhaulia	4	615	262806	845571	0
Majhaulia	4	675	262844	846850	0
Majhaulia	33	516	258735	842449	0
Majhaulia	4	117	245873	850380	0
Majhaulia	14	732	243746	852049	0
Majhaulia	14	379	243401	850572	0
Majhaulia	4	687	258956	854872	0
Majhaulia Aunrahi	4	675	265047	840455	0
Majhaulitola	4	112	247471	845832	0
Majhauliya	4	112	246412	845972	0
Majhauliya	4	117	245305	847278	0
Majhaun	34	430	303820	779866	0
Majhauna	33	314	269563	832257	0
Majhauna	14	442	250861	876346	0
Majhauna Naya	33	314	266497	834585	0
Majhauna Purana	33	314	266525	834643	0
Majhaunia	4	394	245331	835698	0
Majhaur	4	535	264973	863519	0
Majhaura	33	282	274382	815096	0
Majhaura	33	522	270526	817999	0
Majhaura	33	685	270222	808217	0
Majhaura	33	532	264808	824081	0
Majhaura	33	532	265389	827465	0
Majhaura	33	623	265907	829988	0
Majhaura	33	479	261557	827683	0
Majhaura	33	314	266834	831590	0
Majhaura	33	314	263665	834494	0
Majhaura	4	535	266486	860474	0
Majhaura	4	535	265215	864976	0
Majhaura	4	535	263806	861926	0
Majhaura	4	569	260782	861356	0
Majhaura	4	535	262886	863005	0
Majhauria	33	280	270454	829873	0
Majhaurl	12	267	313234	772590	0
Majhausa	4	106	245930	853180	0
Majhautol	4	535	265462	862081	0
Majhauwa	33	27	257546	837157	0
Majhauwa	33	522	271714	819037	0
Majhauwa	33	152	269335	825382	0
Majhauwa	33	152	268716	825708	0
Majhauwa	33	152	268827	825933	0
Majhauwa	33	152	268664	826279	0
Majhauwa	33	532	262924	826995	0
Majhauwa	33	314	266522	831583	0
Majhauwa	33	479	262594	830984	0
Majhauwa	33	314	265827	832755	0
Majhauwa	33	314	265097	834548	0
Majhauwa	4	457	270087	842785	0
Majhauwa	33	539	266827	841391	0
Majhauwa Ekdanga	33	623	266608	830428	0
Majhauwa Khas	33	280	271110	827061	0
Majhauwa Lal Singh	33	152	270567	827019	0
Majhauwa Ramparshad	33	152	271085	826452	0
Majhauwan	4	363	256313	847722	0
Majhawa	33	522	272099	817719	0
Majhawa	33	479	257939	832050	0
Majhawa	33	152	267597	826752	0
Majhawa	33	152	267518	826703	0
Majhawa	33	516	260541	837668	0
Majhawa	33	516	261307	838614	0
Majhawa	4	632	260058	867631	0
Majhawa	4	632	260151	868671	0
Majhawalia	4	615	262010	841100	0
Majhawan	33	312	279352	811811	0
Majhawan	33	282	277038	816188	0
Majhawan	33	595	276064	819225	0
Majhawan	33	595	275523	819923	0
Majhawan	33	450	263063	803177	0
Majhawan	33	522	273020	819571	0
Majhawan	33	522	270998	825224	0
Majhawan	19	337	234015	805184	0
Majhawan Bankat	33	282	274384	819638	0
Majhawan Buzurg	33	282	276741	816813	0
Majhbhita	33	479	260489	831226	0
Majhbhitia	33	242	254167	828167	0
Majhbon	35	347	242456	877239	0
Majhbonga	19	497	246481	813635	0
Majhdhar	19	142	217987	805457	0
Majhdiha	14	633	245744	876755	0
Majhdiha	14	643	244866	875392	0
Majhe ka Pura	33	688	257127	815605	0
Majheladih	14	434	246996	859593	0
Majheli	4	602	255849	875810	0
Majheli	4	602	257461	877599	0
Majhenu	12	39	320579	765577	0
Majheora	12	460	311875	774439	0
Majheoti	12	460	312970	774886	0
Majhepar	12	604	308340	771033	0
Majher	27	704	312033	765930	0
Majher	12	267	318838	767658	0
Majhera	34	533	292682	800885	0
Majhera	28	487	251324	771632	0
Majhera	19	338	238561	783491	0
Majhera	19	338	243499	785106	0
Majhera	33	31	269387	811085	0
Majhera	33	522	269464	820751	0
Majhera	34	530	292787	792670	0
Majhera	34	413	297232	796161	0
Majhera	34	692	298982	798850	0
Majhera	34	692	298788	799941	0
Majhera	35	347	241798	878998	0
Majhera Khata	34	413	297327	791389	0
Majhera Shakru	33	553	293785	784653	0
Majheran	12	39	320468	766158	0
Majheri	11	614	301025	764338	0
Majheria	33	584	252195	817592	0
Majhernu	13	35	331373	760091	0
Majherti	19	646	244162	819805	0
Majhes	12	267	314130	772781	0
Majheta	33	688	259618	820742	0
Majhetli Buhli	12	39	321196	764212	0
Majhetli Uparli	12	39	321208	764102	0
Majhetua	33	575	262993	824345	0
Majhewla	28	115	264125	761632	0
Majhgahan	6	365	216735	819047	0
Majhgain	4	718	251319	833856	0
Majhgain	33	694	248094	831806	0
Majhgain	4	518	250766	865309	0
Majhgain	4	518	250369	866429	0
Majhgain	4	518	252055	866094	0
Majhgain	4	582	250396	866747	0
Majhgain	4	505	247936	863028	0
Majhganwa	33	196	250841	831312	0
Majhganwa	14	732	241819	854333	0
Majhganwan	4	718	249078	834349	0
Majhganwan	33	102	244856	833607	0
Majhganwan	14	712	243976	834752	0
Majhganwan	4	718	249636	837867	0
Majhganwan	33	280	272475	829317	0
Majhganwan	33	314	264716	832648	0
Majhganwan	14	379	243219	845960	0
Majhganwan	4	117	245749	852386	0
Majhgaon	19	461	228879	803943	0
Majhgaon	14	276	220948	858822	0
Majhgaon	12	460	311632	773556	0
Majhgaon	12	514	309959	773820	0
Majhgaon	6	490	216571	811573	0
Majhgaon	6	374	224805	824039	0
Majhgaon	6	517	219045	811576	0
Majhgaon	6	517	217534	812426	0
Majhgaon	6	681	216351	814580	0
Majhgaon	6	681	217753	815663	0
Majhgaon	6	723	220018	817440	0
Majhgaon	19	502	235612	794646	0
Majhgaon	33	661	271871	795642	0
Majhgaon	19	512	248684	800877	0
Majhgaon	19	512	249232	801611	0
Majhgaon	19	512	249131	801672	0
Majhgaon	33	102	246995	829957	0
Majhgaon	33	522	272275	819871	0
Majhgaon	33	654	264653	813312	0
Majhgaon	19	461	230125	800724	0
Majhgaon	19	461	228435	802879	0
Majhgaon	19	142	222111	804590	0
Majhgaon	19	461	224366	809929	0
Majhgaon	19	461	224487	809931	0
Majhgaon	6	279	225539	821350	0
Majhgaon	6	374	221635	826603	0
Majhgaon	33	488	273772	809767	0
Majhgaon	19	449	226619	810647	0
Majhgaon	6	517	224212	812232	0
Majhgaon	6	517	220184	812095	0
Majhgaon	19	449	225799	814985	0
Majhgaon	6	723	222659	816820	0
Majhgaon	6	723	221235	816306	0
Majhgaon	6	681	219717	814920	0
Majhgaon	12	460	311652	772465	0
Majhgaon	4	117	244163	845237	0
Majhgaon	14	454	243702	855565	0
Majhgaon	14	454	243497	855292	0
Majhgaon	4	590	260801	878014	0
Majhgaon	4	582	249011	870966	0
Majhgaon	6	723	220751	816894	0
Majhgaon Kalan	33	102	246912	830917	0
Majhgaon Khurd	33	102	246875	830903	0
Majhgaon Tola	19	461	228399	802991	0
Majhgawan	19	576	234039	802098	0
Majhgawan	33	370	249722	784117	0
Majhgawan	33	370	248955	784490	0
Majhgawan	33	645	266963	799786	0
Majhgawan	19	638	247976	794876	0
Majhgawan	33	522	270456	820912	0
Majhgawan	19	338	239298	790486	0
Majhgawan	19	338	235558	790727	0
Majhgawan	19	576	232171	796289	0
Majhgawan	19	502	235664	798722	0
Majhgawan	19	576	235241	799677	0
Majhgawan	19	576	235827	799236	0
Majhgawan	19	576	234147	797892	0
Majhgawan	19	576	233183	797866	0
Majhgawan	33	548	270227	795167	0
Majhgawan	33	659	273722	799167	0
Majhgawan	33	645	263882	798250	0
Majhgawan	33	621	256235	794019	0
Majhgawan	33	33	257152	822016	0
Majhgawan	19	638	250669	797492	0
Majhgawan	19	638	247066	794040	0
Majhgawan	33	694	250345	831010	0
Majhgawan	19	322	264457	789353	0
Majhgawan	19	509	252744	787417	0
Majhgawan	33	694	247746	831734	0
Majhgawan	33	102	247523	830558	0
Majhgawan	33	102	246451	832242	0
Majhgawan	33	102	246596	832583	0
Majhgawan	19	338	237669	787632	0
Majhgawan	19	338	239123	788843	0
Majhgawan	19	497	245941	813525	0
Majhgawan	19	512	246464	800267	0
Majhgawan	19	497	246199	817421	0
Majhgawan	19	497	249533	818658	0
Majhgawan	19	313	243781	810984	0
Majhgawan	19	313	242444	811882	0
Majhgawan	19	646	243128	813305	0
Majhgawan	19	338	233490	790319	0
Majhgawan	33	688	259115	822896	0
Majhgawan	33	33	258593	823157	0
Majhgawan	19	502	233803	793206	0
Majhgawan	19	512	243822	800435	0
Majhgawan	19	502	237028	796839	0
Majhgawan	19	512	241413	800503	0
Majhgawan	19	502	238380	798157	0
Majhgawan	19	337	237718	799581	0
Majhgawan	19	354	225730	794938	0
Majhgawan	33	561	252986	822970	0
Majhgawan	33	196	250333	823847	0
Majhgawan	33	242	254225	827144	0
Majhgawan	33	242	254301	827235	0
Majhgawan	33	196	251629	825432	0
Majhgawan	33	196	251989	826463	0
Majhgawan	33	584	249744	821972	0
Majhgawan	33	196	248536	822616	0
Majhgawan	33	196	247628	822826	0
Majhgawan	33	196	248764	823849	0
Majhgawan	33	102	247604	829497	0
Majhgawan	33	301	266090	808205	0
Majhgawan	33	654	262608	809103	0
Majhgawan	33	102	247100	827388	0
Majhgawan	33	488	273237	810818	0
Majhgawan	33	488	274804	811506	0
Majhgawan	33	595	277060	818391	0
Majhgawan	33	31	266060	813212	0
Majhgawan	33	654	263643	811976	0
Majhgawan	33	637	263506	818478	0
Majhgawan	19	313	240030	807774	0
Majhgawan	33	685	270682	809281	0
Majhgawan	33	488	271630	809068	0
Majhgawan	33	659	271303	807530	0
Majhgawan	33	31	266881	815026	0
Majhgawan	33	688	260229	818737	0
Majhgawan	33	595	277623	820623	0
Majhgawan	33	269	276857	821745	0
Majhgawan	33	269	275387	821999	0
Majhgawan	33	152	270051	828483	0
Majhgawan	33	152	268745	823459	0
Majhgawan	33	152	268703	823088	0
Majhgawan	33	532	265097	824740	0
Majhgawan	33	575	261474	824589	0
Majhgawan	33	532	265405	825095	0
Majhgawan	33	152	267247	826134	0
Majhgawan	33	532	264915	825595	0
Majhgawan	33	623	267080	829872	0
Majhgawan	33	532	264463	828178	0
Majhgawan	33	280	271791	830377	0
Majhgawan	33	280	271975	831179	0
Majhgawan	33	314	270900	831929	0
Majhgawan	33	688	259942	817056	0
Majhgawan	33	623	265870	830977	0
Majhgawan	33	314	266689	832400	0
Majhgawan	33	532	262956	831033	0
Majhgawan	33	314	264387	831657	0
Majhgawan	33	479	260334	831183	0
Majhgawan	33	314	267704	832732	0
Majhgawan	33	314	265426	833498	0
Majhgawan	33	314	265960	834562	0
Majhgawan	33	515	264636	837397	0
Majhgawan	19	337	239360	800960	0
Majhgawan	19	337	238557	802193	0
Majhgawan	19	337	236984	801834	0
Majhgawan	19	576	234250	800068	0
Majhgawan	19	576	232391	800368	0
Majhgawan	19	337	238709	803411	0
Majhgawan	19	337	239534	804754	0
Majhgawan	19	337	238220	804938	0
Majhgawan	19	337	233867	804361	0
Majhgawan	19	576	231991	804282	0
Majhgawan	19	336	236320	806712	0
Majhgawan	19	336	235482	807771	0
Majhgawan	19	497	250672	815642	0
Majhgawan	33	584	257092	819853	0
Majhgawan	33	584	252518	818792	0
Majhgawan	33	584	250294	819871	0
Majhgawan	19	313	248591	810444	0
Majhgawan	19	497	248102	811147	0
Majhgawan	33	488	278108	807699	0
Majhgawan	33	488	276509	807930	0
Majhgawan	33	488	275370	809336	0
Majhgawan	33	488	272553	807739	0
Majhgawan	33	488	273237	809203	0
Majhgawan	19	217	229246	815045	0
Majhgawan	19	217	229250	816447	0
Majhgawan	19	217	229398	816569	0
Majhgawan	33	31	271120	812347	0
Majhgawan	6	725	228340	819868	0
Majhgawan	19	512	243353	799409	0
Majhgawan	19	512	241538	798146	0
Majhgawan	14	712	239968	837518	0
Majhgawan	33	488	272974	813543	0
Majhgawan	33	282	273250	814937	0
Majhgawan	33	637	263967	815841	0
Majhgawan	33	329	283113	792770	0
Majhgawan	33	656	288365	798565	0
Majhgawan	33	656	282513	799591	0
Majhgawan	14	673	240975	840235	0
Majhgawan	4	117	244454	843708	0
Majhgawan	14	673	240848	843555	0
Majhgawan	14	673	240927	844411	0
Majhgawan	14	379	242296	850643	0
Majhgawan	19	313	250234	806835	0
Majhgawan	4	117	247301	852264	0
Majhgawan	4	117	246723	851881	0
Majhgawan	4	117	245634	851318	0
Majhgawan	14	379	243365	851660	0
Majhgawan	4	106	246987	853642	0
Majhgawan	4	106	246863	853738	0
Majhgawan	14	732	244126	853696	0
Majhgawan	14	379	242061	852960	0
Majhgawan	4	112	246367	843968	0
Majhgawan	4	641	260869	874932	0
Majhgawan	33	659	276856	800972	0
Majhgawan	33	659	275763	800540	0
Majhgawan	33	312	277781	804823	0
Majhgawan	14	379	243353	848570	0
Majhgawan	33	532	263126	828209	0
Majhgawan	33	31	272434	811165	0
Majhgawan	19	512	244456	799820	0
Majhgawan Amarnath	33	659	275106	802231	0
Majhgawan Kalan	33	33	256087	828131	0
Majhgawan Kalan	33	488	274349	809538	0
Majhgawan Kalan	14	673	244291	842994	0
Majhgawan Khera	33	685	267741	810008	0
Majhgawan Khurd	19	502	239226	797166	0
Majhgawan Khurd	33	591	251736	796553	0
Majhgawan Khurd	33	33	256112	828047	0
Majhgawan Khurd	33	488	274129	808726	0
Majhgawan Kirat	19	502	236507	796239	0
Majhgora	14	416	229691	853297	0
Majhgowan	33	688	257446	818715	0
Majhguwan	19	638	246131	797148	0
Majhguwan	19	512	240469	797439	0
Majhguwan	19	638	247380	798659	0
Majhguwanaman	19	502	241677	797263	0
Majhguwanghati	19	638	241401	791907	0
Majhi	14	541	229733	857987	0
Majhi Chakundapal	25	683	214944	849026	0
Majhia	33	488	273609	809954	0
Majhia	4	457	271763	846614	0
Majhia	33	116	280387	791556	0
Majhia	35	587	260801	879771	0
Majhiaghara	25	372	208668	842196	0
Majhiakhand	25	527	200301	851482	0
Majhiakhar	19	449	228545	813275	0
Majhiam	4	569	261566	860318	0
Majhiam	4	569	258748	862490	0
Majhiana	33	116	281681	793391	0
Majhiani	4	505	247689	861904	0
Majhianpara	14	643	241286	875962	0
Majhianwan	4	112	249881	843406	0
Majhianwan	4	117	245700	850046	0
Majhiaon Khurd	14	712	243294	838177	0
Majhiaontola	4	363	252504	843353	0
Majhiapar	6	620	206219	807268	0
Majhiar	33	196	250921	830208	0
Majhiar	19	313	246490	810563	0
Majhiar	19	313	246009	810088	0
Majhiar	19	313	246590	811372	0
Majhiar	33	619	253139	809285	0
Majhiar	19	313	245427	808940	0
Majhiar	33	584	254824	822642	0
Majhiar	33	196	250259	824515	0
Majhiar	33	196	251580	826060	0
Majhiar	33	242	253658	827626	0
Majhiar	33	584	254866	822291	0
Majhiar	33	196	248743	823070	0
Majhiari	19	512	244693	803131	0
Majhiari	19	512	243707	802593	0
Majhiari	33	584	252019	820052	0
Majhiari	19	497	251847	815424	0
Majhiari	19	497	250826	815374	0
Majhiari	19	497	250279	817429	0
Majhiari	33	584	251021	817099	0
Majhiari	33	584	251437	817736	0
Majhiari	33	584	251053	818256	0
Majhiari Amad Chail	33	584	253496	816548	0
Majhiari Bahelia	33	584	251637	816219	0
Majhiatoli	14	310	231123	847384	0
Majhiawan	4	718	249231	837608	0
Majhiawan	4	363	253291	845109	0
Majhiawan	4	734	250848	847583	0
Majhiawan	14	673	245195	840291	0
Majhiawan	4	112	246788	840918	0
Majhiawan	14	673	242006	841284	0
Majhiawan	4	394	249807	842509	0
Majhiawan	4	117	249213	847284	0
Majhiawan	4	117	248146	847698	0
Majhiawan	4	117	248411	848517	0
Majhibera	25	281	213619	857468	0
Majhicherra	6	634	200634	816411	0
Majhidar	33	102	246418	832130	0
Majhidhanua	25	499	192422	821695	0
Majhidih	14	498	236605	860053	0
Majhidih	14	498	236239	859081	0
Majhidih	35	400	234233	859981	0
Majhidih	14	434	240766	861684	0
Majhidih	14	434	241993	864030	0
Majhiganwan	14	712	242238	836035	0
Majhigaon	14	712	243403	837348	0
Majhigaon	14	712	242551	836286	0
Majhigawan	19	497	247318	821650	0
Majhigawan	14	712	244604	837253	0
Majhigawan	14	712	244683	838306	0
Majhigawan	14	712	243011	837730	0
Majhigawan	19	497	246615	813747	0
Majhigawan	19	497	249769	817184	0
Majhigawan	19	497	247836	817006	0
Majhigawan	19	497	247202	815787	0
Majhigawan	33	584	248776	819858	0
Majhigawan	19	497	246203	819932	0
Majhigawan	19	646	243418	814225	0
Majhigawan	19	512	249871	804070	0
Majhigawan	19	607	242776	824872	0
Majhigawan	19	607	242781	824636	0
Majhiguda	6	578	193894	820085	0
Majhiguda	6	578	194487	820700	0
Majhiguda	25	499	192829	822494	0
Majhiguda	6	578	191017	821447	0
Majhiguda	25	305	191054	822400	0
Majhiguda	25	108	185255	821585	0
Majhiguda	25	108	186424	822100	0
Majhiguda	25	108	184782	822441	0
Majhika	25	277	210857	852642	0
Majhika	25	277	209683	854451	0
Majhika	25	277	208894	853044	0
Majhikhanda	25	292	201335	860542	0
Majhila	33	444	255971	807418	0
Majhila	4	106	247311	853107	0
Majhila	4	106	248522	858132	0
Majhila Auwal	4	106	246506	854467	0
Majhila Chumba	14	377	236935	854341	0
Majhila Kalan	4	117	245422	852499	0
Majhila Seum	4	106	246511	854784	0
Majhiladih	14	732	240944	853725	0
Majhiladih	14	498	237216	859487	0
Majhiladih	14	454	243701	857930	0
Majhiladih	14	434	241834	858308	0
Majhiladih	14	434	245044	861609	0
Majhiladih	4	505	246026	861875	0
Majhiladih	14	434	242075	861032	0
Majhiladih	14	434	242232	861331	0
Majhiladih	14	434	241026	860438	0
Majhiladih	14	434	240985	861589	0
Majhiladih	14	434	240614	861581	0
Majhiladih	14	434	240130	860932	0
Majhiladih	14	434	243838	862505	0
Majhiladih	14	434	241263	863484	0
Majhilapur	33	33	254062	826724	0
Majhilapur	33	561	253961	826747	0
Majhilapura	33	242	254865	827176	0
Majhilatanr	14	434	241282	861940	0
Majhilatanr	4	505	244435	863724	0
Majhilatol	14	434	243809	863188	0
Majhilatoli	14	434	240126	861138	0
Majhilatoli	14	434	241955	860390	0
Majhildih	14	541	231400	857139	0
Majhilgaon	33	698	257554	811802	0
Majhilgaon	33	688	256874	815430	0
Majhilha	33	688	259068	819139	0
Majhili	33	102	246884	827672	0
Majhili	33	102	246882	828774	0
Majhilitilha	4	505	244839	864503	0
Majhimunda	25	297	210423	835113	0
Majhin	13	559	327538	749033	0
Majhipader	25	373	204362	841961	0
Majhipakal	25	108	180220	819506	0
Majhipal	25	546	212171	844776	0
Majhipali	25	478	211292	833374	0
Majhipali	25	546	215349	840251	0
Majhipali	25	683	214374	845277	0
Majhipalli	6	80	191518	803621	0
Majhipara	25	399	206203	847613	0
Majhipara	25	546	218212	843317	0
Majhipara	25	373	203799	840990	0
Majhipati	25	478	211854	834339	0
Majhisahi	25	373	205431	841309	0
Majhisahi	25	372	206655	845654	0
Majhita	33	31	268959	812179	0
Majhitar	29	708	271849	885048	0
Majhitha	6	299	214356	820134	0
Majhitola	14	732	242101	857062	0
Majhitoli	14	379	244570	847918	0
Majhitoli	14	476	225854	844399	0
Majhitoli	14	476	225496	844940	0
Majhitoli	14	476	225253	844931	0
Majhitoli	14	476	223899	843238	0
Majhitoli	14	476	224284	844550	0
Majhiwan	33	444	256383	806659	0
Majhiwan	33	444	254055	807754	0
Majhiyapar	19	325	217744	790122	0
Majhiyar	33	645	266092	799601	0
Majhiyar	19	497	246881	813404	0
Majhiyar	19	497	247866	815464	0
Majhiyar	19	646	243330	814264	0
Majhiyar	19	497	247522	820696	0
Majhiyar	19	313	243936	809579	0
Majhiyar	19	313	241634	809637	0
Majhiyar	19	313	248663	810453	0
Majhiyar	19	497	247967	811884	0
Majhiyari	19	497	249844	816629	0
Majhiyari	33	-1	251307	813116	0
Majhiyawan	4	718	249583	836768	0
Majhiyawan	4	718	249337	836275	0
Majhiyawan	4	112	247667	841311	0
Majhiyawan	4	394	250331	841415	0
Majhkar	4	112	246630	843778	0
Majhkatola	19	449	225841	809681	0
Majhkhera	33	451	282234	797140	0
Majhkhiria	33	152	268128	827918	0
Majhkola	14	570	251313	874577	0
Majhkola	14	442	252411	875714	0
Majhla	33	451	281343	797607	0
Majhla	4	117	246005	852223	0
Majhla Bigha	4	581	254310	857749	0
Majhla Richhul	19	313	244000	803612	0
Majhlachala	14	738	240369	869376	0
Majhladih	14	643	242014	875760	0
Majhladih	14	633	247286	877624	0
Majhladih	14	483	241762	867677	0
Majhladih	14	483	241548	867743	0
Majhladih	14	738	240919	869808	0
Majhladih	14	738	240177	869916	0
Majhladih	14	738	240392	869134	0
Majhladih	14	434	243483	858724	0
Majhladih	14	434	242504	859056	0
Majhlakola	4	505	245847	863760	0
Majhlapur	4	510	254056	861861	0
Majhle	33	548	269090	796868	0
Majhlegaon	33	575	261761	820957	0
Majhlepur	33	694	255004	832138	0
Majhli	33	33	256206	830369	0
Majhli	19	446	223850	771029	0
Majhli	33	196	250984	826214	0
Majhli	33	314	264879	831446	0
Majhli	4	396	251986	866878	0
Majhli Jain	12	460	312444	770303	0
Majhlipatti	33	196	252284	824925	0
Majhlipatti Chak	33	196	252214	825058	0
Majhlipur	33	31	269435	812119	0
Majhlitanr	14	434	240493	864394	0
Majhlitanr	14	434	240569	864514	0
Majhlitanr	14	434	240187	862863	0
Majhlitanr	14	434	240825	864209	0
Majhlitanrtola	14	379	240700	849893	0
Majhlitanrtoli	14	434	241693	858732	0
Majhlitoli	14	434	242605	863627	0
Majhna	33	575	263045	818645	0
Majhna	4	112	246820	842585	0
Majho	12	460	312067	773767	0
Majhoga	12	348	328436	760649	0
Majhogra	12	460	311793	773905	0
Majhogra	12	460	312458	774539	0
Majhoi	33	174	278620	775632	0
Majhoi	33	516	258859	841765	0
Majhok	4	590	260472	877658	0
Majhok	35	587	260422	878635	0
Majhok	4	602	257007	878196	0
Majhokhar	19	313	245402	807319	0
Majhokhar	19	336	240209	809385	0
Majhol	33	591	253919	797753	0
Majhol	33	492	288359	787476	0
Majhol	12	604	308298	769987	0
Majhol	12	604	310012	770763	0
Majhola	33	445	272045	792958	0
Majhola	33	593	276782	787228	0
Majhola	33	593	275849	790863	0
Majhola	33	682	274218	791845	0
Majhola	33	661	274285	794936	0
Majhola	33	451	279724	796534	0
Majhola	33	659	274428	798371	0
Majhola	33	644	275457	781136	0
Majhola	33	523	278609	784305	0
Majhola	33	661	275359	793187	0
Majhola	33	464	288507	782538	0
Majhola	33	464	289038	785745	0
Majhola	34	617	290320	799477	0
Majhola	34	617	288089	798830	0
Majhola Baloch	33	553	290676	784633	0
Majhola Got	34	617	290417	799531	0
Majhola Gujar	33	553	290943	783389	0
Majhola Sabsukhi	33	329	285447	794527	0
Majholi	12	267	316202	772210	0
Majholi	12	267	316704	772288	0
Majholi	12	460	311724	773506	0
Majholi	12	460	311360	773998	0
Majholi	12	460	311045	774948	0
Majholi	12	460	312188	775308	0
Majholi	12	514	306699	772187	0
Majholi	12	514	305734	772730	0
Majholi	12	514	305512	774097	0
Majholi	12	514	306142	775747	0
Majholi	12	514	305806	775838	0
Majholi	19	502	238660	798354	0
Majholi	19	607	242146	824142	0
Majholi	33	553	291689	786206	0
Majholi	33	492	290148	787458	0
Majholi	33	464	289068	785726	0
Majholi	33	31	267245	815948	0
Majholi	19	337	237471	805446	0
Majholi	19	336	235482	806880	0
Majholi	19	336	236723	809362	0
Majholi	19	336	233147	809281	0
Majholi	19	449	232226	808709	0
Majholi	19	217	229924	812201	0
Majholi	6	725	227522	819686	0
Majholi	12	460	308076	775912	0
Majholi	12	460	311407	775394	0
Majholi	12	460	311097	775541	0
Majholi Kalan	19	336	233921	806204	0
Majholi Kurd	19	336	233880	805704	0
Majholra	33	116	281552	786817	0
Majholra Fatehpur	33	622	283143	784730	0
Majholti	12	604	309988	770073	0
Majhora	33	688	256902	820356	0
Majhora	33	33	259523	826716	0
Majhora	4	535	265428	859348	0
Majhos	4	507	250699	849155	0
Majhosdih	4	510	255752	859276	0
Majhot	12	270	317681	764462	0
Majhotali	12	460	309458	775812	0
Majhoti	12	267	314560	770340	0
Majhotli	12	514	307076	772953	0
Majhouli	12	604	308822	772045	0
Majhpatia	19	497	247641	815645	0
Majhpure	33	31	267184	813972	0
Majhqawan	19	336	236113	808543	0
Majhra	33	196	251049	826568	0
Majhra	33	531	286658	789087	0
Majhra Daulatpur	33	329	283421	790993	0
Majhrahti	33	522	269600	824756	0
Majhrapur	4	396	252131	874376	0
Majhratia	33	522	271242	819867	0
Majhratia	33	152	269216	825696	0
Majhratia	33	152	266366	827969	0
Majhrau	33	682	275062	785389	0
Majhrehta	33	659	274169	800478	0
Majhrehti	33	269	270948	824035	0
Majhretha	6	723	220164	818996	0
Majhreti	19	646	244315	819798	0
Majhreti	33	522	270543	821904	0
Majhreti	33	269	272832	824513	0
Majhtanr	14	483	241666	867750	0
Majhtoli	14	310	231185	844554	0
Majhtoli	14	678	236693	847138	0
Majhtoli	14	310	231477	847083	0
Majhtoli	14	310	231296	847118	0
Majhtoli	14	310	227932	848064	0
Majhtoli	14	416	229826	849537	0
Majhtoli	14	476	227039	849341	0
Majhua	35	551	270018	881322	0
Majhua	35	551	270252	881008	0
Majhua	33	575	264868	819535	0
Majhua	33	584	252132	819691	0
Majhua	4	363	255713	846634	0
Majhua	4	641	262812	873085	0
Majhua	4	641	260140	873018	0
Majhua	4	641	259878	870726	0
Majhua	4	590	259512	876624	0
Majhua	4	590	257836	876183	0
Majhua	4	590	258830	877308	0
Majhua	14	442	250283	875638	0
Majhua	4	641	261665	875388	0
Majhua	4	590	260732	876470	0
Majhua	4	641	262031	875838	0
Majhua Arazi	33	516	259109	839324	0
Majhua Pemraj Milik	4	590	258593	872774	0
Majhuan Buzurg	33	280	272066	828858	0
Majhuan Khurd	33	280	272108	828877	0
Majhuapur	33	661	274922	795989	0
Majhui	4	-1	250981	833455	0
Majhui	4	718	250066	834689	0
Majhui	33	102	248447	830385	0
Majhui	33	102	246080	834238	0
Majhui	4	394	249070	838875	0
Majhuka	33	314	271002	831468	0
Majhul	33	102	248365	830455	0
Majhul	33	102	247459	833205	0
Majhunh	34	413	294881	798668	0
Majhupur	33	548	270294	794088	0
Majhupura	33	464	288568	785288	0
Majhupura	27	250	314689	748042	0
Majhur	27	283	310445	762162	0
Majhutoli	14	541	231089	850019	0
Majhuwa	33	564	258779	836824	0
Majhuwari	4	727	256949	864250	0
Majhwa	33	196	250193	830092	0
Majhwa	33	242	255348	828978	0
Majhwa	33	522	271318	819962	0
Majhwa	33	31	269735	812134	0
Majhwa	33	269	274052	822185	0
Majhwa	33	269	270926	823505	0
Majhwa	33	479	261458	830830	0
Majhwa	33	314	265934	835966	0
Majhwa	33	515	263518	836340	0
Majhwa	4	602	256162	876827	0
Majhwa	4	590	256957	876521	0
Majhwa Buzurg	33	522	269529	824302	0
Majhwa Pakar	4	381	259893	850815	0
Majhwa Tarash	33	196	251584	828782	0
Majhwa Tog	33	522	270434	824853	0
Majhwal	27	468	321762	753271	0
Majhwalia	4	457	268034	846223	0
Majhwalia	4	520	258521	846819	0
Majhwalia	4	675	265655	841356	0
Majhwaliya	33	27	256226	833919	0
Majhwan	33	196	252160	827363	0
Majhwan	33	584	252811	819944	0
Majhwan	12	267	315838	768103	0
Majhwani	33	196	250193	826091	0
Majhwani	6	279	224046	820649	0
Majhwanpur	33	659	275503	800618	0
Majhwar	33	694	252476	832830	0
Majhwar	33	688	258813	817642	0
Majhwar	4	590	258194	878030	0
Majhwara	33	564	260599	836502	0
Majhwara	33	637	262991	816632	0
Majhwari	4	597	256054	841080	0
Majhwaritola	14	712	241341	833751	0
Majhwat	12	460	311681	772649	0
Majhwawan	33	654	264886	812845	0
Majhwe	4	106	248119	853204	0
Majhwe	4	505	250343	861477	0
Maji	3	318	259014	923472	0
Maji	12	604	308317	770927	0
Maji	15	55	128102	750806	0
Maji Mendri	20	-1	192864	806877	0
Maji Sahiba ki Pyou	28	296	280674	733420	0
Majiah	19	313	246415	809363	0
Majiam	28	163	234686	741863	0
Majiapur	20	127	204049	772512	0
Majiari	19	313	246698	805769	0
Majibailu	16	294	127036	749157	0
Majibera	14	276	220286	858127	0
Majid Patti	33	479	261329	829997	0
Majida	35	361	235315	883224	0
Majidpur	33	605	268139	818037	0
Majidpur	27	544	312740	751552	0
Majidpur	20	168	214500	800604	0
Majidpur	4	734	252106	847746	0
Majidpur	4	495	251654	856349	0
Majidpur	4	495	253327	852456	0
Majidpur	4	495	252675	856324	0
Majidpur	33	312	279733	802209	0
Majiguda	1	258	183896	827933	0
Majiguda	1	258	183367	829514	0
Majiguda	6	578	189677	819235	0
Majigudem	1	258	181914	828964	0
Majigudem	1	453	186380	839879	0
Majihta	33	637	262880	813919	0
Majika	11	565	306908	771242	0
Majikolam	25	349	194580	834442	0
Majilanaya	15	55	131221	752104	0
Majilgaon	33	698	257543	811797	0
Majimpur	33	31	270008	811875	0
Majina	34	589	298711	786727	0
Majinadka	15	55	130435	751840	0
Majipal	6	578	188898	819077	0
Majipara	25	273	199099	832069	0
Majipur	33	31	267955	812675	0
Majira	33	242	254470	830495	0
Majira	13	477	326976	757442	0
Majirabad	4	687	258991	853445	0
Majiribira	25	373	205013	841990	0
Majirwa Kalan	4	675	264378	841904	0
Majirwa Khurd	4	675	264364	842093	0
Majisa	33	532	264166	826850	0
Majith	33	710	263279	792852	0
Majith Chak	33	27	255451	835913	0
Majitha	12	514	308570	771897	0
Majitha	19	576	231890	797866	0
Majitha	33	33	258201	823878	0
Majithi	33	688	259564	821896	0
Majithi	33	33	258146	823832	0
Majithi	27	468	321149	753950	0
Majitia	33	152	267654	828765	0
Majivalasa	1	258	181867	829081	0
Majivana	15	333	139882	751510	0
Majiyara	35	618	237206	870037	0
Majjagadda	16	233	118138	761699	0
Majjagevandlapalle	1	190	141722	787378	0
Majjanahalli	15	652	128113	764858	0
Majjaputtu	25	305	186342	825495	0
Majjaputtu	25	305	185066	826645	0
Majjaputtu	25	305	185849	827663	0
Majjaputtu	25	305	185752	828068	0
Majjegehoshalli	15	375	133423	776854	0
Majjibondali	25	349	194727	833560	0
Majjigepur	15	652	127960	759679	0
Majjigepura	15	93	124077	765895	0
Majjigere	15	333	141218	750118	0
Majjigeri	15	59	150170	750538	0
Majjigud	15	655	153698	754353	0
Majjiguda	6	578	189595	820369	0
Majjiguda	25	305	187919	822490	0
Majjiguda	25	305	188232	823327	0
Majjiguda	25	305	188161	823913	0
Majjiguda	25	305	188468	823524	0
Majjiguda	25	305	188769	823993	0
Majjiguda	25	305	187777	824244	0
Majjiguda	25	305	187716	824339	0
Majjiguda	25	305	186336	824395	0
Majjiguda	25	349	194381	833278	0
Majjiguda	25	305	189342	827210	0
Majjigudem	6	80	188240	807846	0
Majjipadu	25	305	185345	830515	0
Majjipeta	1	176	183478	833741	0
Majjiput	1	258	182775	827654	0
Majjupura	27	214	317771	749147	0
Majkhali	34	413	296783	795221	0
Majkhani	33	564	258721	834895	0
Majkhar	4	112	247636	845264	0
Majkhera	19	462	246722	791710	0
Majkhera	19	462	246309	791547	0
Majkhera	19	638	246100	791071	0
Majkhet	34	430	304346	781281	0
Majkholi	34	589	300643	788556	0
Majkhuria	33	659	274184	798269	0
Majkot	34	692	299866	795188	0
Majkuri	4	641	261150	874022	0
Majkuri	4	491	261729	876963	0
Majkuria Khatta	34	617	290780	794206	0
Majla	12	514	306490	775438	0
Majladih	4	505	245910	862879	0
Majlagudem	31	32	176745	782718	0
Majlapur	20	169	208131	771706	0
Majlapur	20	169	208016	771705	0
Majlapur	20	127	206513	774398	0
Majlisa	4	615	259980	843371	0
Majlishpur	4	518	250750	865788	0
Majlispur	33	488	276053	809502	0
Majlispur	4	520	258461	846843	0
Majlispur	4	520	258028	848427	0
Majlispur	33	488	273475	806255	0
Majlispur	35	587	261068	879984	0
Majlispur	4	396	251349	872068	0
Majlispur	35	587	259799	878795	0
Majlispur	4	687	256232	853532	0
Majlispur	4	641	262365	876065	0
Majlispur	4	687	255917	855056	0
Majlitilha	4	505	245382	864718	0
Majlukodi	15	188	125024	754471	0
Majmak	4	535	265339	861258	0
Majna	19	462	248317	789932	0
Majnalai	30	114	112870	766743	0
Majnan	35	268	229861	881486	0
Majngaon	19	449	232903	806619	0
Majngawan	19	497	248544	817381	0
Majni	19	503	229786	795586	0
Majnun Chak	33	282	275491	816125	0
Majnunpur	33	329	282692	793437	0
Majnupur	4	510	255862	861834	0
Majnutola	4	394	250762	841136	0
Majog	12	604	308574	771755	0
Majoga	12	348	328971	761790	0
Majojalpur	19	568	227918	778682	0
Majoke	27	696	305036	753601	0
Majolan	28	493	238932	736794	0
Majoli	19	576	235493	801902	0
Majolti	12	460	311657	773369	0
Majonban Adwar	12	348	327808	760182	0
Majora	19	638	243711	793337	0
Majora	33	280	270466	830033	0
Majora ka Jhorpara	28	339	254627	755358	0
Majorda	9	101	153140	739218	0
Majorganj	4	560	267499	854275	0
Majorwala	27	544	314251	753258	0
Majos	4	505	249610	861062	0
Majota	19	638	246712	798605	0
Majota	12	348	325210	761202	0
Majothi	12	267	315638	770701	0
Majpati	33	645	265635	798508	0
Majpura	19	322	264787	790456	0
Majra	12	514	304913	775302	0
Majra	34	430	302937	780035	0
Majra	4	590	257131	873637	0
Majra	19	462	247037	789585	0
Majra	19	462	245999	790250	0
Majra	11	466	292176	766842	0
Majra	11	689	288702	766399	0
Majra	11	500	280876	765376	0
Majra	28	463	280353	763594	0
Majra	11	88	300868	772075	0
Majra	28	463	279347	765514	0
Majra	11	88	302854	774154	0
Majra	33	553	294624	782278	0
Majra	34	574	298806	779070	0
Majra	11	586	286681	764550	0
Majra	27	608	308440	767152	0
Majra	11	327	291884	761170	0
Majra	11	614	299526	764290	0
Majra	20	67	203438	784744	0
Majra	20	67	202211	788493	0
Majra	20	67	201224	789322	0
Majra	31	271	198148	785313	0
Majra	20	67	199568	786936	0
Majra	20	110	205245	792639	0
Majra	19	509	255027	788927	0
Majra	28	463	278132	763822	0
Majra	28	463	278005	764452	0
Majra	20	67	198447	789305	0
Majra	19	497	247772	814094	0
Majra	19	497	249910	814394	0
Majra	11	286	293249	770965	0
Majra	27	665	321799	754397	0
Majra	12	39	322039	756393	0
Majra	20	182	218583	742551	0
Majra	12	348	326949	760622	0
Majra	19	512	242550	799529	0
Majra	12	604	311572	766378	0
Majra	27	704	311777	765086	0
Majra	12	604	310745	766300	0
Majra	35	587	260026	879777	0
Majra	11	425	295275	755221	0
Majra	11	664	303302	769781	0
Majra Ahir	28	463	279046	767894	0
Majra Biharipur	19	462	248902	787363	0
Majra Chandraon Burj	11	439	299225	771699	0
Majra Chhota	20	110	202923	790190	0
Majra Dari	33	645	263744	796073	0
Majra Devarvadi	20	57	158928	743821	0
Majra Dhin	11	664	302550	770900	0
Majra Dudaliya	28	550	253108	740027	0
Majra Dwarka	19	497	250282	814608	0
Majra Gurdas	11	500	281686	766599	0
Majra Hapakhera	19	309	232595	764200	0
Majra Jalalpur	33	644	277233	781302	0
Majra Kaliawala	34	617	292907	788565	0
Majra Kamlapur	19	324	246154	774541	0
Majra Kankra	19	420	257387	775244	0
Majra Khwajampur	33	672	290448	775562	0
Majra Ki Dhani	28	463	279044	767847	0
Majra Kuhd	13	485	333881	746702	0
Majra Mahtah	11	565	308463	769095	0
Majra Manna Singhwala	27	624	306272	762178	0
Majra Motha	20	110	202863	790207	0
Majra Munda Khera	11	664	302527	766582	0
Majra Mutsil Bhalki	11	500	281659	764164	0
Majra Nadhawala	27	624	305991	763145	0
Majra Nathua	33	444	253289	805260	0
Majra Pipli	28	463	279661	768099	0
Majra Rahawan	27	647	307358	762349	0
Majra Ramkheri	33	431	300622	776874	0
Majra Rasialan	13	359	331159	751776	0
Majra Rohera	11	614	295658	764406	0
Majra Roran	11	439	297920	767168	0
Majra Rustamgarh	33	525	294663	777403	0
Majra Sarangpur	33	622	285427	784668	0
Majra Sevlal	19	509	251569	786555	0
Majra Sheoraj	11	500	281964	766745	0
Majra Sikri	33	525	295535	779479	0
Majra Unchi	19	497	246121	817487	0
Majrahi	33	515	262288	839405	0
Majrahi	4	590	259506	876908	0
Majrahi	4	602	255456	877997	0
Majrai	4	636	258583	864161	0
Majrakashi	19	462	247837	791561	0
Majrakath	28	463	279514	763922	0
Majrakh	4	641	264253	874685	0
Majrakhera	19	303	231194	760840	0
Majraon	33	515	261792	839502	0
Majraon	12	348	329527	764552	0
Majrapur	33	479	260837	832273	0
Majrarh	4	394	251359	840740	0
Majrasuri	19	509	251188	786873	0
Majre	33	595	275346	818289	0
Majreghogra	19	443	215883	779316	0
Majrethitola	4	112	246516	845631	0
Majreti	33	522	269774	824145	0
Majreti	33	522	269579	825025	0
Majri	20	110	201344	790406	0
Majri	27	647	307297	760944	0
Majri	34	430	303864	777686	0
Majri	11	88	299996	772300	0
Majri	27	647	306978	761948	0
Majri	27	624	306230	762258	0
Majri	11	482	301524	766873	0
Majri	11	565	306987	768716	0
Majri	28	463	280749	767752	0
Majri	11	664	303935	770121	0
Majri	11	88	303738	771896	0
Majri	11	88	301124	771128	0
Majri	12	514	305206	774872	0
Majri	11	88	304117	773625	0
Majri	28	463	279601	767798	0
Majri	34	-1	305110	778152	0
Majri	34	574	297001	780064	0
Majri	33	431	297415	777263	0
Majri	27	647	308773	756107	0
Majri	34	574	298406	778007	0
Majri	34	574	299439	779167	0
Majri	11	614	299822	762367	0
Majri	34	430	302732	780649	0
Majri	28	288	281244	759232	0
Majri	27	543	301452	762018	0
Majri	27	543	302140	761757	0
Majri	27	704	308253	764313	0
Majri	27	543	303583	764671	0
Majri	27	704	309581	765618	0
Majri	27	704	309612	766917	0
Majri	27	608	309240	767281	0
Majri	27	608	308451	766699	0
Majri	11	664	302681	767820	0
Majri	19	443	214372	774818	0
Majri	20	139	209935	794801	0
Majri	28	463	279944	763249	0
Majri	28	463	279110	764702	0
Majri	28	463	278909	764082	0
Majri	19	443	215193	780856	0
Majri	11	586	285933	768395	0
Majri	11	466	291294	768921	0
Majri	12	604	310964	766648	0
Majri	27	704	310611	765883	0
Majri	27	624	307217	763290	0
Majri	12	604	309620	768610	0
Majri	12	604	309364	768467	0
Majri	14	712	238102	838997	0
Majri	14	276	226944	856619	0
Majri Azim	27	624	306446	763566	0
Majri Doda	11	500	281639	766988	0
Majri Fakiran	27	543	303592	766055	0
Majri Kalan	11	482	301327	767265	0
Majri Kalan	33	431	299971	773829	0
Majri Kalian	27	543	304079	764154	0
Majri Khurd	11	482	301288	767262	0
Majri Khurd	33	431	300381	773538	0
Majri Kishanewali	27	624	306290	762303	0
Majri Muafi	34	430	301512	781591	0
Majri Sangatpur	27	624	305842	763487	0
Majri Satan	11	565	308191	768786	0
Majri Sikhan	27	647	309457	762841	0
Majri Tapur	33	431	301219	774167	0
Majrian	27	608	308208	767800	0
Majrikhurd	28	463	280117	763258	0
Majrog	12	460	312966	773469	0
Majrohi	4	687	256811	854460	0
Majruddinpur	33	605	265279	821219	0
Maju	35	340	226145	880935	0
Maju Majra	27	543	303212	763409	0
Majua	33	329	283048	790910	0
Majuana	4	457	270931	843965	0
Majuapar	33	314	267588	831806	0
Majudiha	33	33	260144	826714	0
Majui	33	27	256881	833089	0
Majukhetra	35	340	225586	880522	0
Majukot	28	120	276010	760659	0
Majul	33	27	256942	833113	0
Majulguda	25	305	186898	824148	0
Majulguda	25	305	186961	824452	0
Majuli	3	744	269500	941667	0
Majumaha	25	373	200496	843000	0
Majumkharka	6	-1	207438	805581	0
Majupur	33	523	278934	778973	0
Majupur	33	523	281350	778131	0
Majur	13	485	331472	743361	0
Majur	12	348	329043	761001	0
Majur	34	413	298483	793084	0
Majur	15	248	132302	747653	0
Majur	15	583	151753	756412	0
Majur Dimba	14	276	226018	857531	0
Majura	11	439	296896	768420	0
Majura	4	117	245313	851338	0
Majura	4	518	250432	865805	0
Majurabari	14	633	245236	876664	0
Majuradhana	19	443	220789	776942	0
Majurahi	4	112	247817	843426	0
Majurahi	4	535	264114	862066	0
Majuras	28	298	252802	745046	0
Majurasai	25	368	219079	859360	0
Majurdima	25	290	219068	842423	0
Majurgila	14	483	241765	868294	0
Majurhand	14	379	242919	852429	0
Majurhi	33	102	247250	825820	0
Majuri	33	496	270323	833949	0
Majuri	4	117	244640	848446	0
Majuri Kalan	4	117	244950	846935	0
Majuri Khas	33	314	263589	834852	0
Majuri Khurd	4	117	245022	846949	0
Majurkaohhani	25	399	209159	844375	0
Majurkha	4	112	247250	844608	0
Majurnacha	14	633	245353	876901	0
Majurtala	19	610	241062	814524	0
Majurwa	4	410	261036	869193	0
Majus Kalan	19	326	231131	779716	0
Majus Khurd	19	326	231019	779742	0
Majwani Kalah	19	336	234365	807841	0
Majwani Khurd	19	336	234637	807960	0
Majwara	19	420	258021	777252	0
Majwara	33	575	264234	820399	0
Majwas	12	348	330680	763962	0
Majwi	34	692	299048	797135	0
Majyuli	34	530	294242	797208	0