Malpura	28	302	262838	753646	36028
Malpe	15	248	133496	747039	23496
Malpur	10	124	233604	734660	6971
Mal Pakria	14	570	248393	871716	0
Mal Para	10	170	227978	742869	0
Mal Parasi	4	641	263303	873363	0
Mal Patharkani	14	570	249003	872162	0
Mal Pathraha	4	641	264392	870878	0
Mal Piranji	20	110	201071	798021	0
Mal Purwa	33	548	271221	797626	0
Mal Purwa	33	595	275007	820190	0
Malpa	4	535	261341	863459	0
Malpa	4	727	255383	866159	0
Malpa	4	117	247602	847562	0
Malpacheri	16	294	123127	751849	0
Malpacheri	16	294	122516	751781	0
Malpadi	1	258	180299	827747	0
Malpahari Bagajoli	14	633	246101	878403	0
Malpahri	19	461	227850	806415	0
Malpakhi	33	584	253244	821772	0
Malpalle	1	259	173603	825387	0
Malpalle	1	259	173514	825477	0
Malpalle	1	219	173403	825807	0
Malpalli	30	51	114260	786195	0
Malpani	19	325	226061	789908	0
Malpar	33	479	258118	831350	0
Malpar	19	497	250088	816394	0
Malpara	25	478	208047	826954	0
Malpara	25	572	206273	826856	0
Malpara	25	572	204599	825828	0
Malpara	25	572	201406	825284	0
Malpara	25	572	200185	826065	0
Malpara	35	347	244232	879420	0
Malpara	35	347	242107	878616	0
Malpara Naya	25	572	200207	825078	0
Malparti	31	386	177525	782937	0
Malpathar	19	461	226691	802398	0
Malpathar	19	461	224939	803100	0
Malpatidevasthanamkhandrika	1	6	144986	796290	0
Malpatti	33	515	263825	836232	0
Malpha	19	239	217135	746117	0
Malpi	19	503	227314	788516	0
Malpimpri	20	78	208113	756782	0
Malpitha	19	462	248880	787335	0
Malpon	19	446	224877	769583	0
Malpora	6	-1	201786	831839	0
Malpur	10	149	220454	725623	0
Malpur	20	185	212805	745115	0
Malpur	13	588	341053	748590	0
Malpur	13	559	328715	747329	0
Malpur	13	559	328750	747319	0
Malpur	13	559	328024	748061	0
Malpur	33	710	263393	794380	0
Malpur	20	185	209451	742669	0
Malpur	28	463	275645	769146	0
Malpur	28	22	244824	734604	0
Malpur	33	-1	275367	773341	0
Malpur	33	445	273025	791116	0
Malpur	33	444	251240	803764	0
Malpur	33	564	259886	837369	0
Malpur	33	33	254766	825680	0
Malpur	33	196	250317	826777	0
Malpur	33	654	263400	808788	0
Malpur	33	654	262002	808511	0
Malpur	33	488	275185	810469	0
Malpur	33	488	272820	810795	0
Malpur	33	31	273029	812368	0
Malpur	33	654	264515	811616	0
Malpur	33	575	264439	818320	0
Malpur	33	488	272469	809029	0
Malpur	33	622	287954	786214	0
Malpur	33	531	284982	789995	0
Malpur	33	152	266146	826703	0
Malpur	33	532	264000	829045	0
Malpur	33	314	264136	832139	0
Malpur	33	314	264243	832611	0
Malpur	19	449	230609	808381	0
Malpur	27	665	322629	754907	0
Malpur	20	78	205612	749973	0
Malpur	20	112	202319	751548	0
Malpur	20	78	210898	750423	0
Malpur	20	78	213270	753726	0
Malpur	33	659	272034	806109	0
Malpur	27	283	311582	760725	0
Malpur	27	283	310749	760595	0
Malpur	12	604	311243	766404	0
Malpur	12	604	309487	767883	0
Malpur	12	604	309487	767692	0
Malpur	33	488	274128	812897	0
Malpur	33	31	270058	813601	0
Malpur	28	493	238624	737092	0
Malpur	33	329	287650	795928	0
Malpur	33	329	286683	796135	0
Malpur	4	112	248260	842350	0
Malpur	4	581	253542	858351	0
Malpur	4	136	257749	858512	0
Malpur	4	136	256858	858625	0
Malpur	4	510	256723	860057	0
Malpur	4	510	257284	861374	0
Malpur	4	581	253314	860086	0
Malpur	4	567	252692	860998	0
Malpur	4	510	253938	861255	0
Malpur	4	396	253602	871217	0
Malpur	4	590	254844	871157	0
Malpur	4	687	257813	854669	0
Malpur	4	581	254278	853796	0
Malpur	4	581	254598	853701	0
Malpur	4	687	258373	855829	0
Malpur	4	136	259050	857238	0
Malpur	4	136	256694	856032	0
Malpur	33	31	272393	810886	0
Malpur Agrail	4	381	259715	856189	0
Malpur Arsanda	33	31	270195	813676	0
Malpur Chak Ajmeri	4	381	259629	856191	0
Malpur Madhopur	33	532	263285	830782	0
Malpur Tatera	33	116	280745	786216	0
Malpura	33	526	271240	779303	0
Malpura	28	519	281097	746959	0
Malpura	33	548	270973	794675	0
Malpura	33	278	268388	791126	0
Malpura	19	638	245433	792078	0
Malpura	11	500	282263	768004	0
Malpura	19	323	256510	766963	0
Malpura	33	525	294563	778881	0
Malpura	28	428	259517	742343	0
Malpura	28	428	257861	740203	0
Malpura	19	638	244237	791078	0
Malpura	19	317	216140	760104	0
Malpura	19	638	249617	795134	0
Malpura	19	322	262558	788981	0
Malpura	33	27	254113	835206	0
Malpura	33	553	292291	783354	0
Malpura	33	654	261104	811525	0
Malpura	33	152	270557	826554	0
Malpura	19	129	221470	745660	0
Malpura	10	133	242498	725096	0
Malpura	28	428	260556	743367	0
Malpura	28	120	269087	759273	0
Malpura	19	311	230974	764837	0
Malpura	4	394	251645	843734	0
Malpura	28	263	257389	733383	0
Malpura	28	298	253745	744589	0
Malpura	4	675	265332	841014	0
Malpura	28	22	241425	741161	0
Malpura	34	617	289040	794739	0
Malpura	4	394	248094	840639	0
Malpura Bara	28	120	265356	760860	0
Malpura Chhota	28	120	265367	760940	0
Malpura Lakshmipur	33	492	292246	788682	0
Malpura Lakshmipur	33	492	292225	788559	0
Malpura Lakshmipur	33	492	292314	788563	0
Malpura Lakshmipur	33	492	292260	788543	0
Malpuri	6	365	213912	821838	0
Malpuri	6	455	210241	810851	0
Malpuri	6	275	213610	814620	0
Malpuri	6	275	213390	815192	0
Malpuri	20	168	213785	799419	0
Malpuri	34	617	293206	788672	0
Malpuri	20	168	213039	801327	0
Malpuri	34	617	292579	790460	0
Malpuri	34	617	288861	797079	0
Malpuria Kalan	28	263	258836	734874	0
Malpuria Khurd	28	263	258811	734700	0
Malpuriyon ki Dhani	28	288	281582	758909	0
Malpurwa	33	522	272661	821174	0
Malpurwa	33	515	264012	835909	0