Mothihari	4	382	266486	849166	126158
Motipur	4	381	262527	851608	28572
Moth	33	417	257260	789503	14077
Mota Natava	10	170	231744	740446	6001
Mot	12	39	318304	762337	0
Mot	28	493	239318	738402	0
Mot Bigha	14	732	240189	855541	0
Mota	10	137	211727	730681	0
Mota	19	420	254386	780599	0
Mota	19	420	254306	781331	0
Mota	33	417	253568	785081	0
Mota	19	420	249998	780933	0
Mota	33	370	249887	785453	0
Mota	19	502	233050	794916	0
Mota	13	477	325539	754877	0
Mota	10	133	242086	722813	0
Mota Borida	10	170	231461	740574	0
Mota Chora	28	163	230731	743247	0
Mota Dhang	34	589	297525	784522	0
Mota Jot	33	522	271385	820386	0
Mota ka Guar	28	550	254219	738330	0
Mota ka Gudha	28	550	255160	738592	0
Mota ka Khera	28	298	256290	741265	0
Mota Kalia	10	170	230355	740239	0
Mota Karguda	20	138	189061	776635	0
Mota Majra	11	664	303332	767627	0
Mota Mazra	27	608	305862	766983	0
Mota Natwa	10	170	231606	740303	0
Mota Omar	19	153	224656	744658	0
Mota Purwa	33	654	263010	813364	0
Mota-ka-Bara	28	298	256389	752842	0
Motabadi	25	373	198660	839968	0
Motadhak	33	553	297445	784505	0
Motadoddi	15	603	126802	773014	0
Motadpalli	31	58	182050	783494	0
Motagam	25	349	198472	834838	0
Motaganhalli	15	92	134177	773316	0
Motagaon	28	163	238049	742534	0
Motagaon	28	23	249411	726286	0
Motagapalle	1	207	132292	787425	0
Motagumadpalle	1	212	159677	805840	0
Motaidih	14	628	228895	856924	0
Motain	35	347	242072	879386	0
Motaitoli	14	541	232967	852105	0
Motakabadi	25	349	195186	834738	0
Motakalapalle	1	224	154071	785403	0
Motakampalli	1	207	134060	791025	0
Motakapalli	6	80	188065	804512	0
Motakapalli	15	422	138090	778465	0
Motakapalli	15	422	136478	779645	0
Motakapalli	15	47	130547	784009	0
Motakgura	31	160	193345	793471	0
Motakhera	19	638	244460	791230	0
Motakodur	31	128	175465	790498	0
Motal	13	485	332527	746450	0
Motal	16	233	118198	758640	0
Motala	20	49	206779	762100	0
Motala	28	550	258689	742016	0
Motalagudem	31	60	180242	805876	0
Motalib Chak	4	106	249535	856465	0
Motalkunta	31	448	164479	785040	0
Motalsir	19	326	228747	781691	0
Motamakalahalli	15	422	135976	780716	0
Motan	13	477	324945	756094	0
Motana	19	129	227977	749674	0
Motana Dhani	28	288	282546	755196	0
Motanahalli	15	72	169280	772154	0
Motanahalli	15	92	136560	770000	0
Motanayakanahalli	15	652	126725	762024	0
Motanaza	4	569	261423	863018	0
Motandapalli	1	207	131520	790254	0
Motanga	25	277	207967	853133	0
Motanga	4	582	248817	871398	0
Motanje	4	106	246481	854949	0
Motanjhola	19	142	216625	805270	0
Motanvadi	20	57	158652	742057	0
Motapara	28	163	231675	743233	0
Motapura	19	317	219403	754509	0
Motapuram	31	46	171609	799833	0
Motapuram	6	80	187525	805389	0
Motapuri	33	525	293362	780120	0
Motar	19	576	229159	798849	0
Motaram	31	557	183314	793153	0
Motarga	20	138	186651	775096	0
Motaruchintarlapalle	1	426	142331	773899	0
Motasal	34	589	296023	786920	0
Motasara	6	517	220306	814140	0
Motasuguru	1	-1	154704	769951	0
Motasur	28	296	286465	734336	0
Motata	10	133	241245	725711	0
Motathom	13	36	337069	750866	0
Motatimmahdoddi	15	93	126180	770100	0
Motbari	4	602	257239	879147	0
Mote Ka Purwa	19	638	247345	795246	0
Motedih	4	505	245091	863974	0
Motegani Tanda	31	100	165183	789398	0
Motegaon	20	34	186461	760823	0
Motegaon	20	156	185865	764195	0
Motegaon	20	110	204334	795156	0
Motegaon	19	142	221158	801271	0
Motegaontola	19	142	221125	801326	0
Motegora ka Bas	28	519	284086	751389	0
Motegowdanpalya	15	603	129851	772092	0
Moteh	31	241	171686	798036	0
Motel	28	331	272959	726177	0
Motepur	4	581	255073	849708	0
Moter	25	273	197156	827920	0
Motera	6	490	214077	810400	0
Motgah	4	569	259187	860686	0
Motganhalli	15	603	130045	773122	0
Motganhallipalya	15	603	130005	773111	0
Motgot	13	35	331612	762098	0
Moth	12	514	306788	775173	0
Moth	20	78	208290	752788	0
Moth Colonel Sahib	11	327	292314	760750	0
Moth Rangharan	11	327	292292	760753	0
Motha	19	502	240276	793839	0
Motha	20	132	214001	773728	0
Motha	33	584	249321	821178	0
Motha	4	394	251689	842988	0
Motha	4	734	252273	846828	0
Motha	4	112	249247	846592	0
Motha	15	74	120828	764823	0
Motha Kodsa	20	110	198047	789772	0
Mothabari	35	397	249294	880422	0
Mothadaka	1	308	164710	804028	0
Mothagaon	19	326	230538	786296	0
Mothaha	33	33	256967	827640	0
Mothaha	4	520	259395	847320	0
Mothakapalli	15	71	169551	773842	0
Mothakapalli	15	47	133890	783428	0
Mothakheri	19	311	229331	762113	0
Mothala	10	107	232113	691332	0
Mothalli	15	91	149755	752665	0
Mothalli	15	77	158103	749689	0
Mothan	12	348	324395	763334	0
Mothani	12	279	314438	767923	0
Mothanwali	27	480	307815	751002	0
Mothar	19	325	221357	788883	0
Mothar	19	354	222922	794959	0
Mothar Kalan	19	338	235765	790699	0
Mothar Nayak	19	338	237503	791522	0
Motharnayak	19	338	237439	791346	0
Mothaur	4	535	266137	860304	0
Mothdoas ki Dhani	28	296	285167	739513	0
Mothe	31	557	185450	790850	0
Mothe	31	58	183169	781610	0
Mothe	31	75	187416	784110	0
Mothe	31	63	187878	789356	0
Mother Teressa Rd	15	43	129645	776104	0
Mothey	31	447	181116	786289	0
Mothi	33	278	269618	790464	0
Mothi	34	179	303825	795925	0
Mothi	19	462	251404	790640	0
Mothi	19	338	239634	786858	0
Mothi	28	298	258654	743520	0
Mothi	4	363	253571	843603	0
Mothiapur Bhair Patti	33	531	289282	789570	0
Mothibal Jangal Mahal	4	363	253579	843692	0
Mothikabhadra	25	349	192467	838047	0
Mothimakki	15	59	147631	744983	0
Mothimpur	6	299	214269	820002	0
Mothinpalli	31	447	180652	790020	0
Mothirapuram	30	154	106442	769961	0
Mothiyapura	28	599	265348	773715	0
Mothkanpalle	31	203	171101	775810	0
Mothkapalli	31	203	174382	778087	0
Mothla	19	635	226825	755876	0
Mothogaon	19	503	230355	790580	0
Mothoponkolo	25	373	202857	844347	0
Mothri	33	31	268821	811641	0
Mothri	33	31	268605	813272	0
Mothri	33	688	257684	819966	0
Mothronwala	34	430	302657	780330	0
Mothsara	11	327	292618	755687	0
Mothsara	27	284	319208	755579	0
Mothu	13	289	340485	739290	0
Mothuka	28	463	278151	767782	0
Mothuka	11	741	282900	774598	0
Mothuka	28	113	277393	770331	0
Mothukapalle	1	426	138461	774817	0
Mothukuttaikallupalli	30	180	126455	785910	0
Mothuwali Dhani	11	606	283126	768285	0
Mothwan	27	665	324520	758383	0
Moti	33	417	255675	793893	0
Moti	31	60	177169	808873	0
Moti	15	59	142566	744577	0
Moti Ahir Purwa	33	282	274512	813892	0
Moti Bagh	8	691	285818	771793	0
Moti Bagh	27	543	303047	763931	0
Moti Bigha	4	117	248175	847194	0
Moti Bigha	4	495	252680	857112	0
Moti Chak	33	496	272170	832370	0
Moti Chak	33	539	268098	837159	0
Moti Chak	4	615	260032	842671	0
Moti Chak	4	734	251143	846774	0
Moti Chak	4	675	264382	842157	0
Moti Chak	4	117	245396	850338	0
Moti Chak	4	396	252537	868116	0
Moti Chak	4	117	246277	849277	0
Moti Chak	4	632	257130	870208	0
Moti Chak	4	396	252409	870637	0
Moti Cher	10	137	212519	733641	0
Moti Chhapar	4	457	268868	845568	0
Moti Chhapra	33	539	268651	839572	0
Moti Chhapra	4	615	262407	841492	0
Moti Dadheli	10	170	231597	740900	0
Moti Das Purwa	33	282	275104	815416	0
Moti Dharla	12	514	309605	773932	0
Moti Dhawdi	20	141	211358	783930	0
Moti Dih	33	269	272050	825112	0
Moti Jagatpur	33	488	274970	810165	0
Moti Jeher	10	164	231699	731223	0
Moti ka Baria	28	298	256285	741719	0
Moti ka Bas	28	519	283485	751491	0
Moti Ka Bas	28	463	273425	765847	0
Moti Ka Bas	28	463	273160	766448	0
Moti ka Gudha	28	550	253628	737693	0
Moti ka Khera	28	298	257516	742806	0
Moti ka Nagla	33	278	267678	791156	0
Moti ka Pura	19	465	260194	779963	0
Moti ka Pura	33	584	256056	818022	0
Moti ka Purwa	33	584	256255	817778	0
Moti Ketra	28	599	264976	775963	0
Moti Kewat	33	522	272002	822009	0
Moti Khera	33	301	265264	808566	0
Moti ki Beri	28	274	259048	702245	0
Moti Lachhmi	14	442	251239	874983	0
Moti Lal	33	539	266454	841423	0
Moti Lal Khera	33	654	265541	811033	0
Moti Lal Purwa	33	282	271902	815347	0
Moti Mandar	13	559	327861	749022	0
Moti Nagla	33	451	276292	794841	0
Moti Purwa	33	548	270327	798500	0
Moti Purwa	33	548	270474	797374	0
Moti Purwa	19	638	253075	800913	0
Moti Purwa	33	488	277165	810826	0
Moti Purwa	33	522	270076	818644	0
Moti Purwa	33	31	267113	812186	0
Moti Purwa	33	637	264529	814933	0
Moti Purwa	33	522	271927	817371	0
Moti Purwa	33	688	260090	821391	0
Moti Purwa	33	575	261563	822843	0
Moti Purwa	33	282	279756	814786	0
Moti Purwa	33	659	273699	802371	0
Moti Rai	33	539	266470	842236	0
Moti Rampur	4	363	255841	845104	0
Moti Rampur	34	530	291095	795285	0
Moti Singh Purwa	33	654	260319	812709	0
Moti Tandi	28	163	231360	742847	0
Moti Tola	19	142	221597	804736	0
Moti Tola	4	457	269944	843033	0
Moti Wazir Dih	33	280	271927	824729	0
Motia	11	439	297565	768258	0
Motia	19	502	237298	795169	0
Motia	12	348	323030	761250	0
Motia	6	365	216812	819943	0
Motia	28	163	232957	742564	0
Motia	28	263	264217	742750	0
Motia	14	570	248289	871312	0
Motia Tola	19	354	226771	802320	0
Motiakhali	34	692	299562	795140	0
Motiala	28	428	257171	752028	0
Motianpura	19	459	262383	777807	0
Motiapathar	34	413	294598	797245	0
Motiapur	34	617	290694	792219	0
Motiari	6	517	220263	812185	0
Motiari	6	365	217072	818301	0
Motiatari	4	518	250459	864919	0
Motibagh	20	139	211660	790964	0
Motibandhtoli	14	379	241852	851160	0
Motibari	4	636	257271	868423	0
Motibennur	15	91	147180	754794	0
Motichur Khas	4	641	263732	871725	0
Motidhana	19	325	222897	785762	0
Motidhana	19	443	221813	779030	0
Motidhar	34	430	304387	781467	0
Motidih	4	363	253136	843589	0
Motidol	19	512	240615	799180	0
Motigam	25	499	193806	821862	0
Motiganj	33	654	264347	813504	0
Motiganj	33	575	263223	821555	0
Motiganj	33	637	264434	815214	0
Motigarh	28	296	284840	731138	0
Motigarh	19	638	246048	796736	0
Motighanpuram	31	306	169913	781673	0
Motighora	10	140	230938	735870	0
Motiguda	31	160	192343	790454	0
Motihalli	15	92	135712	764237	0
Motihalli	15	92	135854	764406	0
Motihara	14	712	241454	839665	0
Motihara	4	491	262178	879887	0
Motihari	4	457	270983	845492	0
Motihari	4	457	267782	844617	0
Motihari	4	394	251640	841534	0
Motihari	4	136	256578	863067	0
Motiharpur	4	602	256216	879355	0
Motihatha	4	615	262467	845044	0
Motijharan	25	546	214643	839874	0
Motijharna	14	442	252155	877368	0
Motijhil	14	442	251364	875312	0
Motikavalasa	1	176	184817	835908	0
Motikhavdi	10	143	223862	698678	0
Motikhera	33	370	248565	786034	0
Motikpur	33	31	266752	814292	0
Motikuwan	28	357	251890	762187	0
Motilal	35	397	253535	878987	0
Motileda	14	434	242402	862892	0
Motimdih	6	627	200637	818986	0
Motimpara	6	634	198872	818349	0
Motimpur	6	723	218797	820250	0
Motimpur	6	517	217761	810266	0
Motimpur	6	275	214731	813429	0
Motimpur	6	681	218628	815630	0
Motimpur	6	517	218852	808867	0
Motimpur	6	517	221119	812104	0
Motimpur	6	517	222190	814035	0
Motimpur	6	723	221344	816346	0
Motimpur	6	723	220392	819244	0
Motimpur	6	723	220990	818219	0
Motimpur Khurd	6	299	214284	819745	0
Motin	33	688	258865	816178	0
Motinagar	33	269	274968	826624	0
Motinala	19	461	223455	809003	0
Motingagar	8	739	286606	771417	0
Motingia	25	373	202980	840340	0
Motinpur	6	681	219723	816485	0
Motipahari Bara	14	442	250248	875408	0
Motipakar	33	539	268348	836014	0
Motipakar	33	314	266276	835849	0
Motipakar	33	539	267150	837092	0
Motipakar	33	539	268785	838273	0
Motipakar Sirkant	33	539	267084	837110	0
Motipur	33	312	283555	809211	0
Motipur	33	282	280333	813667	0
Motipur	34	430	303261	779332	0
Motipur	33	710	263919	793638	0
Motipur	12	514	308328	771927	0
Motipur	33	116	283805	790360	0
Motipur	6	455	211052	810216	0
Motipur	33	682	276813	785488	0
Motipur	19	324	241443	772294	0
Motipur	19	324	247057	773274	0
Motipur	19	208	242362	774201	0
Motipur	19	208	241777	774091	0
Motipur	19	420	255034	780119	0
Motipur	19	420	251496	780216	0
Motipur	19	420	250150	781417	0
Motipur	33	488	275976	811170	0
Motipur	33	488	272915	811272	0
Motipur	33	31	265702	813367	0
Motipur	33	488	272285	807651	0
Motipur	33	31	272237	809765	0
Motipur	33	637	261347	818621	0
Motipur	33	269	275730	821538	0
Motipur	33	269	276228	822045	0
Motipur	33	269	277108	822172	0
Motipur	33	269	271776	824275	0
Motipur	33	623	270047	829978	0
Motipur	33	479	259616	830094	0
Motipur	33	496	271653	832066	0
Motipur	33	496	271809	836476	0
Motipur	33	479	262583	831363	0
Motipur	33	539	269721	838840	0
Motipur	27	355	311822	752797	0
Motipur	6	455	211089	807179	0
Motipur	33	312	278501	807581	0
Motipur	6	455	208577	807978	0
Motipur	6	620	206490	807755	0
Motipur	33	31	271079	814366	0
Motipur	10	124	235808	736231	0
Motipur	34	530	293231	790781	0
Motipur	34	530	293177	791341	0
Motipur	4	457	271628	843076	0
Motipur	4	675	266060	841549	0
Motipur	4	457	267474	842635	0
Motipur	10	205	237534	730006	0
Motipur	4	734	251661	848130	0
Motipur	4	569	260826	861768	0
Motipur	4	136	258159	860139	0
Motipur	33	548	269931	794415	0
Motipur	4	136	258406	856792	0
Motipur	33	312	279534	803706	0
Motipur Badrahwa	33	595	276736	820917	0
Motipur Balu	33	595	278644	820227	0
Motipur Bhual	33	515	263673	840093	0
Motipur Kalan	33	595	278621	820246	0
Motipur Khurd	33	269	277154	822194	0
Motipur Kirat	33	553	294401	783769	0
Motipur Kunroha	33	269	274607	824790	0
Motipur Negi	34	530	293708	790675	0
Motipur Nizamat	4	675	264248	841695	0
Motipur Tikait	33	515	263714	840109	0
Motipura	28	339	254318	757472	0
Motipura	11	415	288052	755542	0
Motipura	33	645	267471	797758	0
Motipura	28	467	290950	751780	0
Motipura	28	115	264660	766679	0
Motipura	28	429	263786	767192	0
Motipura	28	321	245295	760702	0
Motipura	28	428	261593	748002	0
Motipura	28	298	257203	750068	0
Motipura	28	298	255770	751082	0
Motipura	28	321	243636	762547	0
Motipura	28	321	243433	763168	0
Motipura	28	321	243332	764251	0
Motipura	19	16	240286	764053	0
Motipura	19	16	241967	764843	0
Motipura	19	16	241475	764817	0
Motipura	28	487	249594	766338	0
Motipura	28	321	243777	767406	0
Motipura	28	487	249074	768941	0
Motipura	19	324	245278	768642	0
Motipura	19	324	243013	768797	0
Motipura	19	324	243977	768700	0
Motipura	19	459	265007	778792	0
Motipura	19	322	265007	789475	0
Motipura	33	526	269839	779858	0
Motipura	19	324	247965	772025	0
Motipura	33	526	269378	781112	0
Motipura	28	-1	269123	780601	0
Motipura	19	322	264801	789615	0
Motipura	19	443	220344	775580	0
Motipura	33	329	284241	789814	0
Motipura	28	428	262468	747112	0
Motipura	28	428	261791	745610	0
Motipura	28	428	261392	746788	0
Motipura	28	298	257235	752897	0
Motipura	19	16	239479	765903	0
Motipura	19	16	239799	766787	0
Motipura	19	16	239056	769264	0
Motipura	19	16	235583	768617	0
Motipura	10	124	231379	732675	0
Motipura	33	531	290829	790766	0
Motipura	28	22	246285	738444	0
Motipura	28	428	267049	747701	0
Motipura	28	402	251649	748783	0
Motipura	33	329	282358	792307	0
Motipura Murwara	10	140	230374	734168	0
Motipura Muwara	10	164	230639	731043	0
Motipura Muwara	10	124	231336	732384	0
Motipura Muwara	10	140	232404	733917	0
Motipurwa	33	282	279670	812823	0
Motipurwa	33	282	278291	813460	0
Motipurwa	33	282	279685	814066	0
Motipurwa	33	282	279260	814781	0
Motira	33	516	258264	838912	0
Motirai	12	514	308546	774279	0
Motirajpur	4	520	258559	848348	0
Motiram ka Purwa	33	584	255303	817192	0
Motiram Purwa	33	522	273200	819369	0
Motisar	28	288	281357	752206	0
Motisar	28	428	264631	745136	0
Motisara	6	681	216876	814265	0
Motisingh ka Pura	19	322	264401	783718	0
Motisingh ki Dhani	28	519	284739	752418	0
Motisingh ki Dhani	11	606	284061	767493	0
Motital Pathar	3	433	267768	941293	0
Motitangri	25	281	215977	856192	0
Motitappu	4	641	264304	871096	0
Motitola	19	313	249780	807805	0
Motiwadi	20	34	192027	763185	0
Motiya	31	60	180444	805446	0
Motiyadungri	28	321	244787	762519	0
Motiyari	33	444	251914	805082	0
Motiyari ka Purwa	33	444	252066	805186	0
Motkaraopeta	31	63	186486	787690	0
Motkharha	4	636	257478	864860	0
Motkulagudam	31	62	171275	781871	0
Motkur	31	128	174630	792605	0
Motla	28	321	247978	764058	0
Motla	33	553	297118	783557	0
Motla	20	134	187282	802100	0
Motla Kalan	11	500	283021	764675	0
Motla Khurd	11	500	282889	764707	0
Motlaguda	6	80	188001	805140	0
Motlagudem	31	218	182568	802044	0
Motlagudem	31	218	185252	803883	0
Motlankote	16	294	124548	751089	0
Motlapalle	1	190	135689	784530	0
Motlapalle	1	190	134758	786511	0
Motlapalle	1	207	131133	786673	0
Motlapalli	31	717	184714	795667	0
Motlapalli	31	229	182937	795778	0
Motliwala	27	592	305698	746735	0
Motliyas	28	402	251517	747013	0
Motmun	15	47	129116	782103	0
Moto	13	359	327026	754596	0
Moto	28	120	270786	757545	0
Moto Lal Purwa	33	31	268259	813503	0
Motorgudiam	6	577	184348	815513	0
Motpur	28	487	247426	766228	0
Motpura	10	164	230935	731620	0
Motra	14	732	238623	852979	0
Motradinne	15	44	156833	770639	0
Motram Chak	14	570	251826	874367	0
Motran ka Khera	28	298	254339	742754	0
Motras	28	298	258743	744199	0
Motravaripalle	1	426	139983	776837	0
Motravulapadu	1	195	151280	794113	0
Motreddikhandriga	1	45	134330	792793	0
Motrotoli	14	476	224607	844619	0
Motru	12	348	324632	761534	0
Motsar	28	467	289957	752158	0
Motsari	34	692	298972	795937	0
Motsavang	20	127	202490	772553	0
Motta	15	74	120573	763108	0
Motta Kokiri	1	194	188269	838340	0
Mottai	30	114	115282	764924	0
Mottaikkamanayakkanur	30	427	107370	783202	0
Mottaipichankudiyiruppu	30	186	85256	776623	0
Mottaippulittattu	30	201	85060	781046	0
Mottaiyakkavundanpatti	30	183	102413	781014	0
Mottaiyampalaiyam	30	223	111862	780248	0
Mottaiyan Pacher	30	186	89081	775719	0
Mottaiyandi	30	193	101548	789466	0
Mottaiyanpatti	30	193	105194	788319	0
Mottaiyanur	30	51	115823	778565	0
Mottaiyanur	30	51	114857	777956	0
Mottaiyanur	30	51	114837	778040	0
Mottaiyanur	30	376	118524	787317	0
Mottaiyanvayal	30	436	100318	788381	0
Mottakal	30	192	120848	787346	0
Mottakalavanvalasa	30	5	91956	787029	0
Mottakaliyappakavundanpudur	30	227	110464	775230	0
Mottakambe	30	114	114841	767308	0
Mottakkalivalasu	30	227	108782	777428	0
Mottakkattuppudur	30	227	109712	776714	0
Mottalampatti	30	183	105124	781211	0
Mottaluru	1	207	126349	783742	0
Mottamalaippatti	30	183	103235	782710	0
Mottamedu	30	175	118055	795252	0
Mottampatti	30	154	112198	768835	0
Mottampatti	30	376	117444	786831	0
Mottampatti	30	376	119177	787786	0
Mottanam	30	204	113295	772937	0
Mottanampatti	30	183	103276	779655	0
Mottandipalaiyam	30	51	115224	779714	0
Mottangal	30	197	123646	793413	0
Mottankara	16	233	118104	760747	0
Mottankara	16	233	118210	761058	0
Mottankara	16	233	116719	761591	0
Mottankurichchi	30	109	120342	782838	0
Mottanteruvu	30	51	117169	780210	0
Mottanuttu	30	189	99656	775893	0
Mottapalle	1	207	130220	785279	0
Mottaperumapatti	30	260	105331	784120	0
Mottapparayanur	30	227	112662	773693	0
Mottarapalaiyam	30	227	110664	775439	0
Mottattanvilai	30	201	86472	780202	0
Mottayankudiyiruppu	30	435	81429	774419	0
Mottayanpatti	30	260	105074	782354	0
Mottayudayanpatti	30	193	106264	788844	0
Mottepal	15	59	149051	747204	0
Motteyakavundanpatti	30	183	104200	781071	0
Mottiriput	25	305	185869	824714	0
Mottivaripeta	1	103	170532	807624	0
Mottuagavalam	30	158	129473	795877	0
Mottudeviyampalaiyam	30	51	116674	784355	0
Mottugiedisai	30	192	127284	791905	0
Mottuguda	31	46	171353	806180	0
Mottugudiam	6	577	182888	815557	0
Mottugudisai	30	192	127896	792630	0
Mottugudisai	30	192	125516	792634	0
Mottugudisai	30	192	125409	794518	0
Mottugudisai	30	192	125281	795552	0
Mottugudisai	30	197	122206	795533	0
Mottujogippatti	30	215	123290	784792	0
Mottukadachi	30	192	126604	794465	0
Mottukhandriga	1	207	133227	797285	0
Mottukudisai	30	192	126359	793272	0
Mottukusidai	30	192	125106	794623	0
Mottupalaiyam	30	184	129863	792636	0
Mottupalaiyam	30	238	123459	796540	0
Mottupalle	1	195	152563	789666	0
Mottuparatteruvu	30	109	121158	783948	0
Mottupatti	30	109	118668	783817	0
Mottuppatti	30	109	121696	780927	0
Mottuppatti	30	215	123261	783145	0
Mottuppatti	30	109	122141	782518	0
Mottuppatti	30	193	106477	785869	0
Mottuppatti	30	193	104024	787460	0
Mottuppatti	30	193	105776	788599	0
Mottuppatti	30	193	104889	790334	0
Mottuppatti	30	51	116051	786170	0
Mottuputtur	30	159	128579	798300	0
Mottur	30	180	125604	787092	0
Mottur	15	422	134371	776438	0
Mottur	30	215	124334	781847	0
Mottur	30	109	122879	782255	0
Mottur	30	215	124998	782257	0
Mottur	30	215	123556	782631	0
Mottur	30	215	123208	783618	0
Mottur	30	215	124376	784115	0
Mottur	30	215	123992	784039	0
Mottur	30	215	123412	784115	0
Mottur	30	215	122927	784850	0
Mottur	30	215	123575	784979	0
Mottur	30	180	124664	784658	0
Mottur	30	180	124614	784608	0
Mottur	30	109	122218	783083	0
Mottur	1	-1	126904	785257	0
Mottur	30	180	125941	785560	0
Mottur	30	215	123966	785160	0
Mottur	30	215	123183	785433	0
Mottur	30	180	124373	786201	0
Mottur	30	184	128965	788658	0
Mottur	30	184	129818	788515	0
Mottur	30	184	128900	789776	0
Mottur	30	376	120239	789929	0
Mottur	30	192	121344	788383	0
Mottur	30	109	120416	786602	0
Mottur	30	184	130154	790330	0
Mottur	30	158	130086	793089	0
Mottur	30	158	130069	794099	0
Mottur	30	158	131190	794368	0
Mottur	30	158	131073	795021	0
Mottur	30	158	130406	795095	0
Mottur	30	192	125141	791272	0
Mottur	30	192	124403	790641	0
Mottur	30	192	124622	791544	0
Mottur	30	192	123990	791410	0
Mottur	30	158	129099	793806	0
Mottur	30	158	127642	794538	0
Mottur	30	158	128064	794304	0
Mottur	30	192	125836	792940	0
Mottur	30	192	126592	793212	0
Mottur	30	158	127478	793385	0
Mottur	30	192	125956	794896	0
Mottur	30	192	126606	794986	0
Mottur	30	197	123263	792763	0
Mottur	30	197	122185	793499	0
Mottur	30	158	129123	795374	0
Mottur	30	159	129070	796982	0
Mottur	30	159	128867	797950	0
Mottur	30	159	129531	798412	0
Mottur	30	51	118410	779770	0
Mottur	30	197	119195	793874	0
Mottur	30	51	116500	780674	0
Mottur	30	51	118766	782652	0
Mottur	30	51	117416	785629	0
Mottur	30	158	129945	792735	0
Mottur	30	158	129376	793419	0
Mottur	30	158	129583	794024	0
Mottur	30	158	129815	794743	0
Motturnattam	30	180	125433	785115	0
Motturu	1	207	132039	792322	0
Motturu	30	220	131344	795701	0
Mottusulakkarai	30	215	122653	784244	0
Mottutaikkal	30	175	114648	797082	0
Mottuteruvu	30	192	125199	794423	0
Mottuteruvu	30	192	124081	794837	0
Mottuvepperi	30	158	129810	795822	0
Motu	25	108	178306	813923	0
Motugudem	31	46	178300	816323	0
Motugulagudem	31	557	182821	794647	0
Motuka	28	339	252798	757237	0
Motuka	28	487	248203	765627	0
Motuka	19	547	231727	748637	0
Motukapalle	1	426	139108	777395	0
Motukulagudem	31	218	184762	804520	0
Motukupalle	1	426	140718	781753	0
Motukupalle	1	190	136049	783711	0
Motukupalli	31	62	173833	782525	0
Motulakunta	15	44	149699	767055	0
Motumala	1	195	154851	801885	0
Motumallela	1	207	136992	790619	0
Motumari	31	46	169628	803265	0
Motupalem	1	45	135067	798954	0
Motupalle	1	212	157195	802942	0
Motupalle	1	195	155981	791893	0
Motupalle	1	195	153145	792781	0
Motuput	25	305	186975	824255	0
Motur	30	109	123335	781529	0
Motur	30	109	123094	782304	0
Motur	30	158	130668	797141	0
Moturayanapalli	1	207	132503	791944	0
Moturu	1	207	126432	784515	0
Moturu	1	207	131646	791798	0
Moturu	30	184	130387	792155	0
Moturu	30	51	118752	780130	0
Moturupalem	1	219	175193	829789	0
Motuwa	33	619	249946	808750	0
Motuwa	19	313	248259	807765	0
Motwa	19	313	246849	803583	0
Motwa	19	512	246746	803168	0
Motyagavhan	20	53	197922	761396	0
Motyal	20	131	176042	762276	0