Muktsar	27	592	304743	745166	116747
Mukandpur	8	701	287394	771832	57135
Mukondapalli	30	215	127514	778017	39245
Mukerian	27	284	319539	756172	29841
Mukher	20	138	187064	773679	28647
Mukandgarh	28	288	279521	752243	18469
Mukkudal	30	186	87431	775225	14983
Mukasi Pidariyur	30	204	111955	776027	14143
Mukhiguda	25	273	194402	828505	6155
Mukmelpur	8	737	287918	771630	4931
Muka	14	678	237754	845449	0
Mukabeli	6	80	191087	805374	0
Mukachigudem	31	90	190355	791145	0
Mukad	15	333	139999	749889	0
Mukadamtola	19	217	228587	817186	0
Mukadapalle	1	258	177485	822173	0
Mukaddamtola	19	142	220397	806789	0
Mukaddamtola	19	142	220590	807404	0
Mukaddamtola	19	449	229879	809667	0
Mukaddamtola	19	142	222621	807712	0
Mukaddamtola	19	142	222207	807745	0
Mukaddamtola	19	142	218710	804801	0
Mukaddamtola	19	142	218555	805911	0
Mukaddamtola	19	142	218747	806548	0
Mukaddamtola	19	449	226782	815479	0
Mukaddarnagar	33	312	279254	803830	0
Mukaddarpur	33	312	277994	801609	0
Mukaddarpur	33	312	278228	801938	0
Mukadi	20	134	196192	800833	0
Mukadtampara	6	392	187473	812979	0
Mukadtampara	6	392	187356	812644	0
Mukaguda	25	108	184807	820876	0
Mukahalli	15	69	120045	769345	0
Mukakhera	19	325	225347	789711	0
Mukalapadu	1	176	181364	832323	0
Mukalmua	3	726	262743	913542	0
Mukalpur	33	575	262330	825839	0
Mukam	13	0	344972	740750	0
Mukam	11	664	301899	769948	0
Mukam	33	282	276866	816367	0
Mukam	33	553	291206	785438	0
Mukam	33	532	266245	825401	0
Mukam	6	517	223832	811611	0
Mukampalli	30	215	123321	784276	0
Mukampatti	30	215	124009	783559	0
Mukampatti	30	215	123442	784370	0
Mukanahalli	15	74	123187	763263	0
Mukanakere	30	215	123908	779042	0
Mukanapalli	1	207	134245	790346	0
Mukanapur	20	139	214607	793407	0
Mukand Majra	11	664	302748	771201	0
Mukand Rae	33	522	270343	816587	0
Mukanda	4	602	256997	879805	0
Mukandan Bigha	4	495	253227	853372	0
Mukandapuram	1	176	181867	831151	0
Mukandara	28	357	248167	759833	0
Mukanddera	25	546	213320	839780	0
Mukandgarh	19	311	226797	762665	0
Mukandgarhi	33	174	278493	777405	0
Mukandi ka Nagla	33	278	268149	790118	0
Mukandipur	33	33	257679	824727	0
Mukandipur	33	532	264069	823610	0
Mukandkhera	33	644	277029	780256	0
Mukandkheri	28	487	245951	769938	0
Mukandkheri	19	311	230094	760369	0
Mukandpur	27	283	311271	759463	0
Mukandpur	27	608	305438	767649	0
Mukandpur	27	608	305448	768568	0
Mukandpur	33	278	269651	791744	0
Mukandpur	33	431	298184	774300	0
Mukandpur	11	664	304603	769952	0
Mukandpur	33	174	274538	776305	0
Mukandpur	33	523	276289	778617	0
Mukandpur	33	523	278247	780893	0
Mukandpur	33	451	279029	797545	0
Mukandpur	33	389	274739	785690	0
Mukandpur	19	208	235791	777907	0
Mukandpur	19	208	237052	782041	0
Mukandpur	33	316	294942	771540	0
Mukandpur	11	586	287414	769450	0
Mukandpur	33	685	271204	809010	0
Mukandpur	33	522	269343	818248	0
Mukandpur	33	605	265421	820416	0
Mukandpur	33	532	265829	824703	0
Mukandpur	33	532	262724	826840	0
Mukandpur	13	477	324126	753139	0
Mukandpur	13	477	323729	753699	0
Mukandpur	27	468	320670	752862	0
Mukandpur	27	214	316793	750885	0
Mukandpur	33	525	294283	775442	0
Mukandpur	27	284	311874	761876	0
Mukandpur	34	617	291719	790390	0
Mukandpur	34	617	290560	792716	0
Mukandpur Basi	11	500	281208	766983	0
Mukandpura	11	-1	280466	760037	0
Mukandpura	28	120	268783	756621	0
Mukandpura	28	463	272544	768029	0
Mukandpura	28	115	259689	766020	0
Mukandpura	28	120	271200	756064	0
Mukandpura	19	420	252028	776715	0
Mukandpura	33	526	268747	786948	0
Mukandpura	28	120	269249	759293	0
Mukandpurgarhi	33	613	284306	777103	0
Mukandwan	33	102	246792	829143	0
Mukankuli	15	333	138899	749858	0
Mukanpalya	15	69	117665	770688	0
Mukanpura	28	679	265277	763653	0
Mukanpura	28	115	263980	762248	0
Mukanpura	28	263	255532	736305	0
Mukanpura	28	402	251144	748552	0
Mukanspur	33	458	292032	772265	0
Mukanur	30	109	123186	781861	0
Mukanwara	19	576	230401	798387	0
Mukapara	6	80	186235	810990	0
Mukapullee	20	134	198251	800709	0
Mukarairi	13	573	342866	748494	0
Mukarampet	31	58	183909	781066	0
Mukarampur	19	338	239943	783419	0
Mukarampur	20	67	203414	785993	0
Mukarampur	33	464	290315	781192	0
Mukarari	4	602	256350	878049	0
Mukarayanur	30	51	116450	778321	0
Mukarbur Gadai	33	553	292677	782397	0
Mukarcha	12	460	312244	771592	0
Mukareddippatti	30	109	119478	784143	0
Mukari	33	458	289077	774238	0
Mukari	33	464	289249	783415	0
Mukaria	33	282	276548	814687	0
Mukarodu	15	55	129059	748743	0
Mukarombedoddi	15	603	125524	771941	0
Mukarpur	11	482	300009	769255	0
Mukarpur	33	553	292012	784171	0
Mukarpur Gujar	33	553	292394	781888	0
Mukarrabpur	33	531	288725	792464	0
Mukarrabpur	33	622	286560	786171	0
Mukarrampur	11	88	301231	773834	0
Mukarrampur	33	451	278986	800175	0
Mukarrampur Lalwala	33	431	301271	774403	0
Mukarwani	12	267	314995	768602	0
Mukas	19	461	229216	804419	0
Mukas Khurd	19	461	229081	804627	0
Mukasi Anumampalli	30	204	112055	776792	0
Mukasi Puluvanpalaiyam	30	204	112228	776451	0
Mukasiguda	31	160	194681	792465	0
Mukasimangalam	30	154	109273	767999	0
Mukasipallakavundanpalaiyam	30	227	112232	774731	0
Mukasiparandur	30	215	126225	777851	0
Mukat	20	67	202317	789207	0
Mukata	6	388	220038	827998	0
Mukata	19	635	229669	757940	0
Mukata	6	388	218042	827891	0
Mukatgarhi	33	523	278039	780555	0
Mukatikhera	19	309	235360	764973	0
Mukatpur	33	523	279495	779506	0
Mukatpur	33	682	274146	782300	0
Mukatpur	33	622	283874	784701	0
Mukatpur	19	449	227780	810466	0
Mukatpur	33	531	290006	790195	0
Mukatpur	33	329	288180	794755	0
Mukatpur	33	686	268875	794071	0
Mukatpur	33	278	266298	792495	0
Mukatpura	33	526	268113	787284	0
Mukatpura	19	322	267509	786414	0
Mukatraopet	31	63	188598	792020	0
Mukatsingh ka Pura	19	322	265925	784498	0
Mukavalasa	1	194	186340	832591	0
MukBasrikatti	15	91	149199	752130	0
Mukdal	13	477	324981	755709	0
Mukdega	6	17	223386	836753	0
Mukeha	19	512	243943	800683	0
Mukehra	33	613	283163	779692	0
Mukeri Chak	14	570	250935	874582	0
Mukeripur	33	532	265755	823556	0
Mukha	33	102	247376	827051	0
Mukha ka Bas	28	288	283992	752701	0
Mukhachariduar	32	668	234632	918473	0
Mukhakahi	4	510	256340	861899	0
Mukhala	27	284	315985	759669	0
Mukhaliana	27	284	313825	758854	0
Mukhalingam	1	453	185965	839634	0
Mukhalli	15	69	118188	766149	0
Mukhalli	15	69	119937	770289	0
Mukham Khanwala	27	545	309287	746589	0
Mukham Khera	33	654	265169	810982	0
Mukhampalli	20	134	190526	802710	0
Mukhapi	14	712	244608	838383	0
Mukhari	19	607	242643	822701	0
Mukharna	33	682	275747	785768	0
Mukharra	19	638	250825	798583	0
Mukhas	19	337	233814	804713	0
Mukhawan	19	324	247023	772580	0
Mukhdumpur	33	672	290909	780565	0
Mukhdumpur	4	117	246983	850986	0
Mukhdwaram	30	220	132350	803233	0
Mukhed	20	138	184685	772847	0
Mukhed	20	54	200157	743220	0
Mukhed	20	185	214614	748073	0
Mukhedvadi	20	54	200017	743165	0
Mukher	20	112	205238	753309	0
Mukheri	15	59	148139	741685	0
Mukheshvar	10	133	240414	726304	0
Mukhiani	33	445	270838	790696	0
Mukhiapatti	4	535	265422	858644	0
Mukhim	34	481	305763	784667	0
Mukhipur	33	31	268014	813244	0
Mukhiyali	34	574	297878	780018	0
Mukhla	22	162	254823	922203	0
Mukhlispur	33	431	299824	774865	0
Mukhlispur	33	312	278349	812108	0
Mukhlispur	33	479	262165	830363	0
Mukhlispur	33	479	262914	832983	0
Mukhmandal	4	410	261098	867154	0
Mukhori	19	322	262107	785528	0
Mukhpat	20	112	205147	757268	0
Mukhra	13	559	326805	747665	0
Mukhra	33	654	259000	813534	0
Mukhra	33	548	269506	794505	0
Mukhra Buzurg	31	271	193673	784498	0
Mukhra Khurd	31	271	193647	784578	0
Mukhrai	33	174	275093	774982	0
Mukhrai	33	526	269318	779745	0
Mukhrawan	4	718	253224	838473	0
Mukhtarganj	4	117	244016	844764	0
Mukhtargarh	4	117	249761	852946	0
Mukhtarpur	4	112	247222	842888	0
Mukhtarpur	4	687	256024	855049	0
Mukhtarpur Nawada	33	492	290564	786102	0
Mukhtarpur Nawadari	33	492	290613	786212	0
Mukhtarpur Salkani	4	136	256828	857885	0
Mukhtarpur Salkani	4	136	256643	857784	0
Mukhtartoli	14	673	241393	840648	0
Mukhtiarpur	20	67	205606	779145	0
Mukhtiarpur	4	510	255887	859767	0
Mukhtiyara	19	317	223766	759529	0
Mukhtiyarpur	19	459	263884	777004	0
Mukhtyaryingh ka Plot	11	482	300630	765408	0
Mukhwar	33	526	273073	781770	0
Muki	19	142	221483	806804	0
Mukiatoli	14	379	242786	853087	0
Mukihal	15	80	164386	762779	0
Mukiigutta	20	134	187146	802406	0
Mukimpur	33	605	266335	820443	0
Mukimpur	27	284	316431	758029	0
Mukimpur	33	613	283614	779188	0
Mukimpur	27	665	322183	755837	0
Mukimpura	33	458	290662	774162	0
Mukimpura	33	464	289824	781846	0
Mukindapur	31	203	171821	776213	0
Mukiput	25	305	186146	825389	0
Mukkabalapalle	1	221	149327	782122	0
Mukkacheri	15	55	128106	748471	0
Mukkad	16	528	89287	765573	0
Mukkada	16	294	125060	751133	0
Mukkadammanahalli	1	426	137889	770751	0
Mukkadhalli	15	69	119714	767962	0
Mukkadigutta	15	375	134290	775985	0
Mukkakalam	30	255	113898	790556	0
Mukkal	15	655	151222	750120	0
Mukkalapalli	30	215	127692	779702	0
Mukkalatturu	1	207	132094	791970	0
Mukkali	16	261	95635	768222	0
Mukkalivangai	16	253	110673	765342	0
Mukkallavandlapalle	1	190	137256	783074	0
Mukkamala	31	100	168496	792121	0
Mukkamalla	1	224	151583	782570	0
Mukkampalaiyam	30	204	115411	775942	0
Mukkampatti	30	436	101404	784647	0
Mukkampatti	30	264	99530	782900	0
Mukkampeta	1	453	181384	837647	0
Mukkamulalu	31	100	170460	790099	0
Mukkanahalli	15	652	126252	762857	0
Mukkanahalli	30	109	121701	780466	0
Mukkanamalaippatti	30	193	104553	786791	0
Mukkanankottai	30	227	109002	775426	0
Mukkandlavarikottapalle	1	426	140419	780069	0
Mukkani	30	5	93878	786760	0
Mukkani	30	201	86367	780754	0
Mukkanippatti	30	193	104380	788816	0
Mukkanpatti	30	193	104250	789415	0
Mukkanur	30	109	121499	782637	0
Mukkanur	30	180	125329	785234	0
Mukkanur	16	173	102122	764042	0
Mukkanur	30	51	118578	780471	0
Mukkanur	30	51	115531	781615	0
Mukkanur	30	51	117515	782794	0
Mukkanur	30	376	119399	789207	0
Mukkanurpatti	30	109	120814	783943	0
Mukkapadu	1	10	164555	800683	0
Mukkapadu	1	68	164866	809045	0
Mukkappudaiyanpallam	30	193	106252	790888	0
Mukkaputtu	1	258	184550	824693	0
Mukkarambakkam	30	220	133336	800149	0
Mukkarampatti	30	215	123651	785042	0
Mukkarapalaiyam	30	255	113539	787382	0
Mukkaravanipalli	1	207	133526	794026	0
Mukkaravaripalli	15	422	138283	780128	0
Mukkarhalli	15	375	133503	776172	0
Mukkarnattam	30	118	93071	776117	0
Mukkarumbur	30	198	110938	797653	0
Mukkatti	30	114	115633	763830	0
Mukkattukara	16	232	105369	762517	0
Mukkattukara	16	232	105090	762707	0
Mukkavandlapalle	1	426	140141	783240	0
Mukkayakavundanpudur	30	183	105182	777312	0
Mukkayakkavundanpudur	30	183	104852	780204	0
Mukkekavundanur	30	183	104710	779557	0
Mukkela	1	228	154037	776340	0
Mukkellapadu	1	10	159524	796298	0
Mukkgavundanur	30	215	123837	784059	0
Mukkho Maina	13	690	325347	749862	0
Mukkhuwala	33	553	294916	784379	0
Mukki	2	536	280719	942007	0
Mukki	14	678	239459	847386	0
Mukkidibhadra	25	349	191762	838082	0
Mukkidigudem	31	90	191406	798909	0
Mukkie	16	233	117933	758398	0
Mukkilinayakkanpatti	30	109	120857	781827	0
Mukkimalai	30	114	112919	766429	0
Mukkipeta	1	453	183662	836249	0
Mukkiputtu	1	258	182740	823999	0
Mukkiputtu	1	258	183031	824465	0
Mukkiputtu	1	258	183297	824875	0
Mukkllavilanattam	30	435	81343	774312	0
Mukkollu	1	259	171611	821864	0
Mukkollupadu	1	25	168353	808736	0
Mukkoottuthara	16	261	94495	768748	0
Mukkoripalle	1	195	155194	793347	0
Mukkudi	30	193	101983	789842	0
Mukkudi	30	436	97715	781677	0
Mukkudidevipalli	31	241	172853	797032	0
Mukkudivelampalaiyam	30	204	112319	778583	0
Mukkulam	30	109	123285	781815	0
Mukkulam	16	249	96118	768918	0
Mukkulam	30	257	105990	793857	0
Mukkulam	30	118	96937	782304	0
Mukkulam	30	118	95860	783200	0
Mukkumpi	15	66	154272	763822	0
Mukkunam	30	197	123357	794724	0
Mukkunnapuram	16	528	89854	765649	0
Mukkunram	30	184	129854	788554	0
Mukkupperikudiyiruppu	30	201	85687	779833	0
Mukkur	30	192	126408	794642	0
Mukkur	30	114	115247	764623	0
Mukkur	30	114	115554	764765	0
Mukkureddippatti	30	260	105526	782989	0
Mukkurumbi	30	192	126005	792227	0
Mukkuttarichchampalaiyam	30	227	107464	777473	0
Mukkuttikkollai	30	193	103733	791160	0
Mukkuttikuppam	26	-1	118571	797146	0
Mukkuttippalaiyam	30	51	115575	781301	0
Mukkuttu	16	148	112660	763393	0
Mukkuttujellippatti	30	227	106413	771822	0
Mukkuttukonam	16	528	89813	767087	0
Mukkuvandlapalli	1	45	136371	791346	0
Muklampura	33	525	292804	779536	0
Muklan	11	327	290684	756615	0
Muklapur	33	575	261843	825575	0
Muklapur	33	31	272631	812787	0
Muklapur	1	259	174778	823615	0
Muklawa	28	360	295168	735800	0
Mukleli	12	348	325904	762548	0
Muklispura	19	317	217874	755830	0
Mukni	20	139	213844	785786	0
Mukolsu	12	348	324970	759852	0
Mukpat	20	78	208867	753797	0
Mukrabpur	33	553	293065	784002	0
Mukram	6	80	191231	806788	0
Mukram	6	577	183145	811793	0
Mukramabad	20	138	184788	773718	0
Mukramba	15	71	174819	771192	0
Mukrampur	33	531	290020	790730	0
Mukranda	33	697	287592	774283	0
Mukrandpur	33	532	265446	823212	0
Mukrera	4	520	257969	846774	0
Mukri	4	457	269396	841518	0
Mukriah	12	39	322427	757800	0
Mukro	4	457	269959	842617	0
Mukroli	12	39	321655	758575	0
Mukrrababad	33	479	260368	830697	0
Mukru	14	732	238192	854220	0
Mukrum	14	740	236403	845335	0
Mukrumdih	14	541	229391	858432	0
Mukt Ramwala	27	544	312369	751954	0
Mukta	6	388	218096	827859	0
Mukta	6	374	222475	825890	0
Mukta	6	388	218755	830118	0
Mukta	6	388	217813	831872	0
Mukta	14	673	239377	842238	0
Mukta Patharkura	4	582	248944	870625	0
Muktaganes	34	351	306387	791004	0
Muktainagar	20	78	210462	760612	0
Muktajhiri	20	182	217450	743164	0
Muktakheri	19	208	242926	773873	0
Muktal	20	78	208857	758960	0
Muktama	14	732	240460	855032	0
Muktampuram	1	453	181959	836756	0
Muktapalli	31	222	184625	787873	0
Muktapalli	31	557	183066	793111	0
Muktapur	3	612	264211	917374	0
Muktapur	31	32	180128	777027	0
Muktapur	33	645	264235	799314	0
Muktapur	31	271	197144	786082	0
Muktapur	31	271	194443	788422	0
Muktapur	33	561	252665	826003	0
Muktapur	25	572	203104	827439	0
Muktapur	4	136	258850	857969	0
Muktapur	4	396	251568	871328	0
Muktapur	25	399	214501	852160	0
Muktapur	25	399	214430	852129	0
Muktapur	25	281	215411	858480	0
Muktapur	25	281	217429	858602	0
Muktapur	25	527	201234	850747	0
Muktapuram	1	426	144499	776259	0
Muktapuram	1	426	143877	779071	0
Muktapuram	1	6	145367	798249	0
Muktarpur Nagla	33	672	290487	777681	0
Muktasinghpara	32	247	239624	921585	0
Muktaura	33	370	250135	783949	0
Muktehr	12	39	320149	762722	0
Muktehr	12	39	319326	763655	0
Muktemau	33	301	265707	808947	0
Muktenahalli	15	265	143240	758399	0
Mukteshwar	33	-1	294722	796479	0
Mukteshwar	25	546	215563	843627	0
Muktesra	33	724	288198	779052	0
Mukteswaram	1	212	159949	799841	0
Mukteswaram	1	6	151252	797549	0
Mukti	20	185	208719	749449	0
Mukti	20	185	211012	746822	0
Muktigere	15	652	131688	761607	0
Muktihariharpur	15	333	137234	751863	0
Muktinutalapadu	1	195	155406	800599	0
Muktipuram	1	307	167541	815179	0
Mukto	2	511	275242	919125	0
Muku	13	485	333609	744193	0
Mukua	6	374	226892	822925	0
Mukuna	25	281	217103	856043	0
Mukunda	19	503	226304	787324	0
Mukundagam	30	215	123954	776292	0
Mukundanallur	30	175	114963	792732	0
Mukundanur	30	257	109870	797217	0
Mukundanur	30	257	109926	797389	0
Mukundapalli	1	221	144155	790286	0
Mukundapur	35	432	228417	884380	0
Mukundapur	35	397	255292	879586	0
Mukundapur	35	397	254382	878604	0
Mukundapurain	1	219	180475	829996	0
Mukundapuram	31	241	174067	797374	0
Mukundapuram	31	241	169994	797744	0
Mukundapuram	1	219	178637	828548	0
Mukundapuram	25	349	192271	835594	0
Mukundapuram	1	176	180585	831662	0
Mukundapuram	1	194	187417	838540	0
Mukundapuram	1	176	184536	837652	0
Mukundapuram	1	224	151622	786135	0
Mukundarajupeta	1	219	174298	826378	0
Mukundarayapuram	30	158	129707	793116	0
Mukundayapalli	31	717	185488	794023	0
Mukundbas	28	463	276281	767621	0
Mukundi	15	50	156071	768185	0
Mukundmurartola	14	442	252483	877579	0
Mukundpatti	33	561	252393	825221	0
Mukundpur	20	132	211685	775185	0
Mukundpur	20	67	204496	778366	0
Mukundpur	19	313	244055	812484	0
Mukundpur	33	196	251008	826232	0
Mukundpur	33	584	256981	817443	0
Mukundpur	33	584	257030	817634	0
Mukundpur	33	584	256925	817553	0
Mukundpur	6	279	217414	824178	0
Mukundpur	35	347	245329	878317	0
Mukundpur	14	678	236792	843365	0
Mukundpur	14	276	224904	852577	0
Mukundpura	28	463	280165	763582	0
Mukundpura	33	33	259037	824387	0
Mukundpura	19	317	219666	756706	0
Mukundpuram	31	241	170098	798719	0
Mukundtikra	25	290	217996	841148	0
Mukundur	15	652	128267	761477	0
Mukunipur	33	688	256576	816992	0
Mukunuru	31	62	172062	787505	0
Mukunuru	31	218	183166	806599	0
Mukunuru	31	46	177144	813825	0
Mukurguda	25	373	202363	844801	0
Mukuria	4	602	256255	878893	0
Mukurlabad	31	306	168931	778634	0
Mukurub	35	400	232366	858841	0
Mukutaposi	25	277	209424	854187	0
Mukutapuram	31	128	173664	788096	0
Mukutban	20	67	198093	788534	0
Mukutdihi	25	262	219984	840498	0
Mukutpura Ahraula	33	492	287414	789235	0
Mukuttivitu	16	233	117372	760043	0
Mukwas	28	288	281312	751791	0