Mulugu	31	218	181910	799430	297671
Mulbagal	15	47	131635	783935	57276
Multai	19	443	217746	782576	29976
Mulamthuruthy	16	173	99003	763870	25852
Mul	20	110	200699	796783	25449
Muluppilagadu	16	256	117979	754511	23709
Mulavukad	16	173	100136	762631	21833
Mulakumud	30	435	82681	772860	19538
Mulgund	15	583	152807	755213	18928
Mulki	15	55	130910	747935	17274
Mullanpur	27	647	308546	756609	16356
Mullanwala	27	545	310619	748228	16183
Mulanur	30	227	107943	777115	15223
Mullassheri	16	232	105333	760858	12165
Mulaikkaraippatti	30	186	85454	777679	11112
Mulaguntapadu	1	195	152641	800196	7145
Mulanpur	27	608	308000	767436	6165
Mulur	15	55	129398	749276	5445
Mullippattu	30	192	126701	792588	4956
Mulakuddu	1	81	179161	834488	4513
Mul	13	651	337740	749068	0
Mul Dwarka	10	135	207628	706665	0
Mul Kot	13	529	332395	751000	0
Mul Warwan	13	35	338016	755702	0
Mula	13	640	332766	750043	0
Mula Gudari	25	373	204706	842583	0
Mula ki Khirkari	19	459	261541	776413	0
Mula Kot	27	214	316527	745429	0
Mula Tanda	31	100	165962	791222	0
Mulabada	27	742	304642	760680	0
Mulabari	4	491	264430	878921	0
Mulabari	4	602	254410	878118	0
Mulaboddavara	1	176	181620	831114	0
Mulachalagam	1	176	184458	832260	0
Mulachel	30	435	82720	773212	0
Mulacheri	30	238	128562	801738	0
Mulad	16	252	115083	757933	0
Muladi	28	428	261185	744206	0
Mulaga	25	349	193686	835159	0
Mulagadde	15	97	135926	755113	0
Mulagakuppam	30	184	131086	792809	0
Mulagalagudem	1	25	173423	815862	0
Mulagalagudem	1	258	174067	817061	0
Mulagalametta	1	258	177133	823796	0
Mulagalampadu	1	25	169345	810622	0
Mulagalampalle	1	25	171918	812308	0
Mulagalapadu	1	258	178076	820324	0
Mulagalapadu	1	194	186306	832648	0
Mulagalapalem	1	258	179528	827612	0
Mulagangal	16	-1	110467	767874	0
Mulaganipalem	1	212	156824	802480	0
Mulagapottai	30	51	116968	776925	0
Mulagapudi	1	259	174211	823873	0
Mulagapudi	1	219	176015	825629	0
Mulagapudi Bennavaram	1	219	176101	825732	0
Mulagarh	33	492	288274	788573	0
Mulagirenahalli	15	246	139923	763711	0
Mulaguda	1	194	188689	837246	0
Mulaguda	1	194	189753	837709	0
Mulaguda	1	194	188899	838042	0
Mulagundam	1	228	156280	774360	0
Mulagunnathukavu	16	232	105969	762097	0
Mulahalli	15	69	117232	764282	0
Mulahalli	15	71	169835	764517	0
Mulahalli	15	72	166325	765496	0
Mulahallidoddi	15	93	126691	770136	0
Mulahna	19	576	234010	800074	0
Mulai Sittilingi	30	109	119063	786301	0
Mulaibellur	30	109	120041	777820	0
Mulaichcholai	30	223	113607	783577	0
Mulaikara	30	186	84036	777828	0
Mulaikattu Rajampalaiyam	30	223	111740	781218	0
Mulaikkadu	30	223	113442	784152	0
Mulaikkadu Sanarkudi	30	186	83710	776787	0
Mulaikkampatti	30	5	94436	783116	0
Mulaikkarai	30	201	85693	780753	0
Mulaikkurichchi	30	223	114304	783940	0
Mulaim Nagla	33	451	279235	795611	0
Mulaimpur	33	626	253156	814598	0
Mulaimpur	33	488	275818	808408	0
Mulaipallippatti	30	223	114964	783030	0
Mulaipogadi	30	51	117774	785810	0
Mulaiyampundi	30	227	108702	776977	0
Mulaiyur	30	254	109269	793530	0
Mulaiyur	30	183	102141	781606	0
Mulaiyur	30	183	102813	776038	0
Mulajampa	1	219	175635	829040	0
Mulakad	16	173	100393	767301	0
Mulakadambur	30	204	116308	773409	0
Mulakadu	30	109	121725	782329	0
Mulakaikuppam	30	175	117885	796359	0
Mulakalacheruvu	1	190	138013	782626	0
Mulakalapalle	31	60	175067	808326	0
Mulakalapalle	1	219	175065	827694	0
Mulakalapalle	1	68	162740	808267	0
Mulakalapalle	1	426	140304	781577	0
Mulakalapallelanka	1	308	162606	808024	0
Mulakalapalli	1	207	127047	783561	0
Mulakalapatigudem	1	103	170083	807934	0
Mulakalapenta	1	103	168406	805760	0
Mulakalavalasa	1	194	184705	831372	0
Mulakalavalasa	1	176	184847	836573	0
Mulakaledu	1	99	143648	769267	0
Mulakallanka	1	87	170640	816996	0
Mulakaluru	1	10	162776	800672	0
Mulakaluru	1	10	159704	798361	0
Mulakanapalle	31	60	179395	809617	0
Mulakanapalle	31	46	176781	813722	0
Mulakanuru	1	99	144365	771820	0
Mulakapalle	31	60	178540	809002	0
Mulakapalle	1	219	178946	829851	0
Mulakapalle	31	46	175054	813641	0
Mulakarai	30	436	96870	786823	0
Mulakaranai	30	264	99789	781039	0
Mulakarayabayalu	1	258	178421	824007	0
Mulakarippattu	30	192	125862	795203	0
Mulakatte	15	93	128489	767430	0
Mulakavundanpalaiyam	30	223	113989	777502	0
Mulakayivalasa	1	194	186044	831306	0
Mulakhandpada	20	17	188694	729511	0
Mulakhandriga	1	207	133820	794639	0
Mulakisolipadu	6	577	179191	814399	0
Mulakkadu	30	51	117442	778383	0
Mulakkadu	30	109	119293	779555	0
Mulakkadu	30	376	119777	788409	0
Mulakkadu	30	51	118157	777830	0
Mulakkanappadi	30	260	112610	786071	0
Mulakkarai	30	204	113122	776341	0
Mulakkarai	30	230	104734	796853	0
Mulakkaraipatti	30	118	95527	781768	0
Mulakkaraippatti	30	5	92052	783350	0
Mulakkattanur	30	51	114751	778027	0
Mulakkattanur	30	51	114599	778889	0
Mulakkattanur	30	427	109388	781185	0
Mulakkayala Bhimavaram	1	258	176091	821477	0
Mulakkayalapalli	1	190	142030	791393	0
Mulakkayavalasa	1	194	186554	832845	0
Mulakkudiyiruppu	30	435	80902	775114	0
Mulakkulam	26	191	119294	797887	0
Mulakkulli	30	223	112405	783225	0
Mulakkurichchi	30	264	100044	780516	0
Mulakot	34	533	294454	799287	0
Mulakotturu	1	219	175605	829043	0
Mulakudi	30	436	99032	787335	0
Mulakukotiyani	16	261	96540	767598	0
Mulakulapalle	1	426	138703	781453	0
Mulakunattam	30	255	113563	790269	0
Mulakurumbapalaiyam	30	227	112408	772318	0
Mulakuzha	16	234	92746	766444	0
Mulalainattam	30	254	110246	793998	0
Mulalwanseri	30	257	109094	793016	0
Mulam	21	421	241940	936842	0
Mulamaduta Tanda	31	448	162247	782331	0
Mulamarri Tanda	31	730	173261	797990	0
Mulamkuzhi	16	173	101961	765451	0
Mulampalli	31	75	186879	781607	0
Mulampilli	16	173	100405	762664	0
Mulampilli	16	253	107616	768023	0
Mulamvayal	16	-1	115831	763396	0
Mulan	12	348	326222	760778	0
Mulan	33	431	301146	776928	0
Mulan Ghat	12	270	317640	763106	0
Mulana	11	664	302764	770480	0
Mulana	19	303	230863	754150	0
Mulanapur	33	516	260630	838822	0
Mulandiyur	30	180	125541	787114	0
Mulane	20	54	206417	742059	0
Mulang	25	349	192347	837011	0
Mulangi	31	75	187698	781011	0
Mulangi	31	75	186058	781723	0
Mulangichettapalli	15	422	138637	779276	0
Mulangod	16	253	105612	764867	0
Mulangodi	16	528	90626	765555	0
Mulangudi	30	257	108448	794873	0
Mulangudi	30	257	108347	796014	0
Mulangudi	30	193	103007	785786	0
Mulani	33	688	259237	820985	0
Mulanipur	33	479	262147	827496	0
Mulankatukuzhi	16	528	88435	769473	0
Mulannur	16	253	107873	764337	0
Mulanor	13	76	339551	746485	0
Mulanpur	27	608	308485	766069	0
Mulanpur	33	532	264068	825973	0
Mulanpur	33	479	262518	832808	0
Mulanpur	27	624	307191	765225	0
Mulanpur Kalan	27	624	306150	763142	0
Mulanpur Khurd	27	624	306045	763181	0
Mulanui	30	184	127282	789679	0
Mulanur	30	154	108012	772155	0
Mulanur	30	154	107259	771363	0
Mulanutalapalle	1	221	143614	781837	0
Mulanwali	27	3	303379	742876	0
Mulapadi	16	233	119112	759843	0
Mulapadu	1	258	173377	816171	0
Mulapadu	1	258	174283	818432	0
Mulapadu	1	194	184252	830668	0
Mulapadu	1	176	183637	832083	0
Mulapadu	1	258	182026	831451	0
Mulapadu	1	176	182236	832198	0
Mulapalem	1	212	159625	804728	0
Mulapalle	1	195	152207	789820	0
Mulapalle	1	221	150398	789206	0
Mulapalle	1	426	142568	781748	0
Mulapalle	1	190	142775	786893	0
Mulapalle	1	190	140876	786547	0
Mulapalli	1	45	135960	792112	0
Mulapara	6	627	202541	818719	0
Mulaparru	1	68	163905	812707	0
Mulapatam	1	258	181803	828765	0
Mulapattu	30	159	129535	797074	0
Mulapeta	1	25	165233	811217	0
Mulapeta	1	219	177552	825556	0
Mulapeta	1	219	176991	829907	0
Mulapeta	1	453	184251	839022	0
Mulappalaiyam	30	204	114874	773352	0
Mulappalaiyam	30	204	114519	776725	0
Mulappalaiyam	30	204	113158	777279	0
Mulappalaiyam	30	227	108658	777424	0
Mulappalaiyam	30	223	114073	782287	0
Mulappalli	30	201	85509	780591	0
Mulappatti	30	427	108712	779678	0
Mulappudur	30	51	114646	785420	0
Mulapur	33	561	252300	824614	0
Mulapur	15	77	159014	752085	0
Mulapura	28	429	261969	768935	0
Mulaputtu	25	108	182864	823645	0
Mulaputtu	1	258	182701	824169	0
Mular	13	35	334752	755852	0
Mular	13	477	327101	756738	0
Mular	12	348	323774	761861	0
Mularakpur	20	67	205121	782061	0
Mularwal	27	284	313750	759822	0
Mulas	20	206	157914	740933	0
Mulasagaram	1	224	154691	784632	0
Mulasal	31	717	185440	794304	0
Mulasal	31	717	185492	794320	0
Mulasalapalem	1	258	175356	818837	0
Mulasamudram	30	376	117054	792686	0
Mulashul	13	76	340414	746433	0
Mulathangal	30	220	132955	801992	0
Mulathara	16	233	118135	760793	0
Mulatturai	30	154	113198	769951	0
Mulavagu Tanda	31	100	166310	790005	0
Mulavalasa	25	305	186875	829080	0
Mulavalasa	1	194	187299	831853	0
Mulavalavu	30	223	112497	783827	0
Mulavallapalem	1	195	152658	796949	0
Mulavana	16	528	89810	766843	0
Mulavandlapalle	1	195	153283	795329	0
Mulavandlapalli	1	45	134799	790475	0
Mulavaripalle	1	221	148191	789962	0
Mulavayal	30	114	115225	764404	0
Mulavayal	30	5	97609	788052	0
Mulavur	16	173	100229	765914	0
Mulawa	20	67	196840	775621	0
Mulayakkonam	16	528	88372	768817	0
Mulayam	16	232	105227	762901	0
Mulayilvattam	16	234	92026	765077	0
Mulbagal	15	333	136748	752079	0
Mulbar	25	478	214741	835932	0
Mulbekh	17	8	343758	763704	0
Mulbhaji	12	460	311385	772618	0
Mulchapadu	1	212	159540	805278	0
Mulchera	20	134	196831	799954	0
Mulchhitar	13	35	334160	756720	0
Mulda	25	368	224789	859729	0
Muldiha	14	276	224811	852295	0
Muldiha	14	276	221785	857139	0
Muldoddi	15	603	123950	775851	0
Muldongri	20	54	203625	747398	0
Muldongri	19	461	228565	800066	0
Mule da Tala	13	477	323978	755279	0
Mule Hoshalli	15	652	126111	761135	0
Mule ka Pura	19	322	265315	783119	0
Mule Ka Purwa	33	686	267411	795220	0
Mule Kalenahalli	15	652	128306	763641	0
Mule ki Jhuggian	27	545	310738	747374	0
Mule ki Talai	28	210	276498	716965	0
Muleaigundi	15	603	124318	774410	0
Mulem	9	101	152423	740380	0
Mulemane	15	59	147106	747853	0
Mulemane	15	59	147641	745398	0
Mulempur	33	532	264545	829506	0
Mulenahalli	15	652	131675	759740	0
Mulenahalli	15	97	137166	760498	0
Mulepal	15	59	148581	746457	0
Mulepetlu	15	74	124149	764658	0
Mulepur	27	624	304990	764284	0
Muler	10	149	218699	726931	0
Muler	6	392	184107	814096	0
Muletitola	20	134	208207	805507	0
Muletitola	6	620	207066	807443	0
Muletot	15	59	146642	746062	0
Mulevandlapalem	1	195	152296	796988	0
Mulevandlapalle	1	195	151537	795412	0
Mulewala	34	574	298574	778066	0
Mulfatabad	20	132	209942	774539	0
Mulganwan	33	152	268719	823078	0
Mulgao	9	24	156167	739233	0
Mulgaon	6	627	206414	818675	0
Mulgar	15	55	125826	755353	0
Mulgawhan	20	67	199172	786600	0
Mulgi	20	182	217674	740073	0
Mulgi	15	91	150257	752203	0
Mulgond	15	59	144637	746948	0
Mulhai Purwa	33	282	274583	815427	0
Mulhalli	15	603	123916	774469	0
Mulhalli	15	655	153063	753020	0
Mulhapur	33	584	256731	819440	0
Mulhar Bigha	4	117	247906	847508	0
Mulhau Purwa	33	269	276878	822395	0
Mulher	20	54	207819	740638	0
Mulhiamau	33	654	261980	813116	0
Mulhipur	33	522	272416	817640	0
Muli	10	29	226371	714584	0
Muli	20	151	190105	767526	0
Muli	33	575	264452	819811	0
Muli	6	578	192716	820440	0
Muli	4	457	271009	843824	0
Muli Bigha	4	117	249647	853442	0
Muli ka Pura	19	459	263662	777735	0
Muli Purwa	33	575	264921	818876	0
Mulia	33	280	274007	826341	0
Muliabdonkar	25	305	184666	829556	0
Muliala	20	134	189939	799564	0
Muliandippatti	30	264	100146	783091	0
Mulianwala	27	468	319394	753003	0
Muliapada	25	292	204793	850668	0
Muliapalem	1	10	165095	802471	0
Muliaput	1	258	181325	826769	0
Muliaputtu	25	305	184792	828845	0
Muliaputtu	25	305	185879	826598	0
Muliaputtu	25	305	185971	827810	0
Muliawas	28	263	257813	731442	0
Muligevandlapalle	1	190	137758	783968	0
Muligiripalle	1	99	148475	773090	0
Muliguda	25	349	192507	837426	0
Muliguda	25	-1	190701	835615	0
Muliguda	1	194	190901	836475	0
Muliguda	25	349	191491	837207	0
Muliguda	25	349	194771	837733	0
Muliguda	25	349	192018	838589	0
Mulijodi	15	55	130113	753967	0
Mulikachhi ka Pura	19	459	261679	775295	0
Mulikar	15	248	131611	751405	0
Mulikhera	19	309	234099	762836	0
Mulila	10	143	221248	703963	0
Mulimaradka	15	55	126084	752303	0
Mulimunda	25	373	198504	835405	0
Mulinja	16	294	126800	749138	0
Mulippatti	30	193	105898	787215	0
Muliyanur	30	204	116146	776913	0
Muliyar	16	294	125085	751119	0
Muliyur	30	51	118508	782059	0
Mulk	13	477	324884	753654	0
Mulka	33	242	255653	828930	0
Mulkadu	15	248	133730	749850	0
Mulkagiwari	20	138	195288	782677	0
Mulkalagudem	31	61	179045	795447	0
Mulkalapalli	31	295	162432	778535	0
Mulkalapalli	31	100	168915	790581	0
Mulkalpalli	31	128	176353	788299	0
Mulkamamidi	31	448	163716	787987	0
Mulkamipara	6	577	184990	813718	0
Mulkanapalle	31	218	184962	804670	0
Mulkanpur	33	654	259736	812169	0
Mulkanur	31	557	182712	791783	0
Mulkapalli	31	218	185116	803145	0
Mulkapur	31	717	187723	794896	0
Mulkayiput	1	258	181139	828086	0
Mulkere	15	333	138623	755368	0
Mulkeri	15	91	149416	751243	0
Mulkevi	15	333	137949	752121	0
Mulki	12	348	326572	761361	0
Mulkia	4	590	258105	870334	0
Mulkiar	12	348	327659	760092	0
Mulkod	15	71	172156	771419	0
Mulkoti	12	460	311337	772583	0
Mulkunti	15	92	132038	771052	0
Mulla	6	676	203311	810676	0
Mulla	20	168	211629	803739	0
Mulla Bahram	27	214	315960	747405	0
Mulla Hosahalli	30	109	123960	780629	0
Mulla Khera	33	531	288722	792218	0
Mullabahan	33	492	290412	787391	0
Mullabari	35	397	254943	879474	0
Mulladiguda	1	453	186812	838577	0
Mulladka	15	248	131354	748736	0
Mullagaon	33	282	276845	815903	0
Mullagode	16	294	124797	751655	0
Mullah Budhu Chak	4	581	255279	850978	0
Mullah Nagla	33	116	277196	792647	0
Mullah Purwa	33	659	272883	800109	0
Mullahera	11	606	285054	770670	0
Mullahjor	35	432	228333	883833	0
Mullaikkalbhagam	16	234	94982	763444	0
Mullaikkulam	30	436	98172	783888	0
Mullaivasal	30	257	107494	794317	0
Mullaiyampatti	30	189	99793	776101	0
Mullaiyur	30	193	106057	785940	0
Mullaiyur	30	369	113457	792052	0
Mullaka	33	-1	276152	773144	0
Mullakara	16	232	105449	762925	0
Mullakheri	19	309	233618	763171	0
Mullakkadu	30	201	87269	781178	0
Mullal	30	260	109025	789153	0
Mullalinattam	30	238	126750	800075	0
Mullalu	1	258	181748	824039	0
Mullam	30	199	130961	802136	0
Mullampatti	30	204	113468	776136	0
Mullampatti	30	183	105051	780883	0
Mullampatti	30	227	108395	778646	0
Mullampattipudur	30	109	121168	781815	0
Mullan ka Toba	28	210	274349	712836	0
Mullan Kala	27	544	312368	751611	0
Mullanbaha	27	544	313423	751978	0
Mullandram	30	192	127860	792553	0
Mullangadu	30	436	101309	788822	0
Mullangivalasu	30	227	106397	773997	0
Mullangivaripalli	1	207	136017	790422	0
Mullangudi	30	254	111500	794803	0
Mullangudi	30	175	113120	796512	0
Mullangurichchi	30	193	104139	790747	0
Mullani	33	613	284518	780733	0
Mullani	19	648	231464	769133	0
Mullani Mangalpur	19	648	230367	768478	0
Mullanpur	33	312	278138	802132	0
Mullanpur Faridpur	33	116	281320	793034	0
Mullanur	30	109	122532	782595	0
Mullanwala	27	468	318407	755320	0
Mullapadukudi	30	260	108840	787785	0
Mullapalaiyam	30	197	122089	795523	0
Mullappankuttam	30	5	93232	785411	0
Mullapudi	1	68	163046	808984	0
Mullapur	33	316	295753	774314	0
Mullapur	11	614	301080	764387	0
Mullapur	33	688	258593	820364	0
Mullapur	33	33	258967	825411	0
Mullapur	33	575	261672	826610	0
Mullapur Qadim	33	431	300359	775674	0
Mullaramkod	16	211	87579	767869	0
Mullaramkod	16	211	87451	767769	0
Mullaringad	16	173	100187	767571	0
Mullavadi	30	184	126872	789030	0
Mullavaram	1	258	176598	820773	0
Mullayal	31	46	171753	807035	0
Mullayekalpad	16	148	111974	763103	0
Mulle	6	642	206340	812231	0
Mulle	6	627	209573	816959	0
Mullegura	6	642	206320	812395	0
Mulleri	16	294	125447	751627	0
Mulli	30	238	125072	799282	0
Mullianpui	23	235	226781	925655	0
Mulligadde	15	248	138452	747135	0
Mulligur	30	114	112804	766190	0
Mullikala	16	528	90069	765882	0
Mullikirambattu	30	175	117877	796807	0
Mullikkad	30	109	119222	785441	0
Mullikkad	30	109	118826	785634	0
Mullikkadu	30	109	119081	783380	0
Mullikkarumbur	30	260	108278	786134	0
Mullikkudi	30	254	108315	789512	0
Mullikkudi	30	118	95933	784104	0
Mullikkudi	30	5	95507	788537	0
Mullikkulam	30	118	94995	776947	0
Mullikkulam	30	436	96913	783713	0
Mullikkulam	30	5	94844	783480	0
Mullikkulam	30	236	91825	774489	0
Mullikkulam	30	51	113543	785688	0
Mullikolattur	30	238	125768	800959	0
Mullikota	31	218	184077	804464	0
Mullikundu	30	436	99722	787952	0
Mullimetla	1	258	175592	822021	0
Mullimetta	1	258	181784	826887	0
Mullimunaikudi	30	5	96576	789691	0
Mullinayakahalli	15	92	139976	773757	0
Mullipakkam	30	238	126810	800844	0
Mullipatti	30	192	125344	789105	0
Mullippadi	30	154	107642	770257	0
Mullippadi	30	183	103981	780185	0
Mullippadi	30	260	109958	783997	0
Mullippadi	30	427	106405	782605	0
Mullippadi	30	260	105821	783657	0
Mullippallam	30	257	107854	793848	0
Mullippatti	30	109	120912	783440	0
Mullippatti	30	193	103960	785747	0
Mullippatti	30	193	102483	786993	0
Mullipuram	30	227	110599	776394	0
Mulliputtu	25	349	193967	838023	0
Mullivadi	30	5	92390	787662	0
Mulliyakurisshi	16	148	110183	762254	0
Mulliyanendal	30	436	95945	785859	0
Mulliyanendalnattambadi	30	436	95923	785819	0
Mulllapalaiyam	30	159	128226	797053	0
Mullola	1	25	171521	814036	0
Mulloor	16	211	83752	770017	0
Mullu	33	593	275854	790633	0
Mullubagilu	15	55	126496	755165	0
Mullubagilu	15	55	126028	755891	0
Mullukere	15	333	139017	757506	0
Mullukkara	16	253	107971	762202	0
Mullukkudi	30	254	110921	795343	0
Mullukkurichchi	30	369	113598	792530	0
Mullukurichchi	30	223	114470	784015	0
Mullumetta	1	258	182016	826810	0
Mullumothukapalle	1	426	138408	774368	0
Mullunayudupalem	1	219	178246	831515	0
Mullung	17	8	345417	764944	0
Mullur	15	77	158772	753052	0
Mullur	16	256	120152	753168	0
Mullur	15	74	123853	762352	0
Mullur	15	69	121569	770657	0
Mullur	30	197	121467	793741	0
Mullur	15	74	119814	764745	0
Mullur	16	232	105505	761342	0
Mullur	30	254	105077	793395	0
Mullur	30	193	104205	788588	0
Mullurahatti	15	246	145023	765023	0
Mullurkara	16	232	107057	762740	0
Mulluru	31	46	176792	813039	0
Mulluru	15	248	132484	751148	0
Mulluru	30	220	131822	794388	0
Mulluvadi	30	109	121314	778993	0
Mulluvadi	30	158	128155	794311	0
Mulluvadi	30	51	115989	786092	0
Mulluvadippalaiyam	30	227	110634	776584	0
Mulluvalli	15	97	135282	754887	0
Mulluvandlapalle	1	426	139009	781850	0
Mulluvay	30	158	131356	797282	0
Mulmula	6	669	219287	823571	0
Mulmula	6	681	217914	816322	0
Mulmula Gad	13	529	332522	752779	0
Mulmuttal	15	655	155556	749771	0
Mulna	33	623	267926	830273	0
Mulna Chak	33	564	258649	833313	0
Mulna Chak	4	363	255527	846265	0
Mulnan Khizr Chak	33	27	256616	836738	0
Mulnanpur	33	575	262760	820975	0
Mulnanpur	33	532	264061	827793	0
Mulnapur	33	694	254527	831710	0
Mulnapur	33	688	258277	821689	0
Mulnapur	33	688	259014	823044	0
Mulnapur	33	33	258112	822602	0
Mulnapur	33	33	254531	826472	0
Mulnapur	33	479	259137	833353	0
Mulnapur	33	479	261598	828435	0
Mulnapur	33	532	264036	830496	0
Mulnapur	33	479	260597	830810	0
Mulnuddinpur	33	196	251317	828659	0
Mulowal	27	571	303608	757445	0
Mulphak	13	588	341679	748780	0
Mulra	19	502	233475	793290	0
Mulrahalli	15	97	130383	755644	0
Mulrajpur	33	479	260382	829999	0
Mulrajpur	4	581	254987	854692	0
Mulshak	12	460	309479	776693	0
Mulshi	20	52	185009	735140	0
Mulsu	12	267	318956	769050	0
Mulsuba	1	258	181229	827326	0
Multania	27	542	301790	748572	0
Multanipur	33	688	259349	818227	0
Multannagar	33	672	289721	776659	0
Multanpur Grant	33	312	278994	804403	0
Multanpura	19	16	239082	769054	0
Multh	13	690	326181	751545	0
Multhalli	15	91	146963	753234	0
Multhalu	15	66	154816	761059	0
Multhan	19	129	230715	752076	0
Multhan	19	317	220173	757461	0
Multhan	11	524	279647	769522	0
Multhan	12	39	320428	768458	0
Multhan Ka Bas	11	524	279751	769676	0
Multi	35	4	222886	884225	0
Multi Dogri	12	460	310903	777536	0
Multola	4	396	253316	873693	0
Mulu	13	477	324556	755707	0
Mulu ka Nagla	33	278	268415	791554	0
Mulug	31	218	181896	799437	0
Mulug	31	447	177426	786293	0
Mulugakuppam	30	184	131165	792829	0
Mulugupalli	31	229	185658	799715	0
Mulukalapalli	30	215	126547	782428	0
Mulukalpalli	30	215	126303	780605	0
Mulukalpet	31	90	190275	798542	0
Mulukan	15	59	148114	741486	0
Mulukoppa	15	333	144655	752936	0
Muluktanr	4	518	251146	865545	0
Mulumanahalli	15	652	130421	760973	0
Mulumudi	1	6	144579	798491	0
Mulund	20	200	191649	729608	0
Mulund West	20	200	191760	729522	0
Mulur	15	248	132041	747469	0
Mulur	15	74	123862	763689	0
Mulur	15	188	126923	759200	0
Mulur	16	256	118037	754667	0
Mulur Chak	20	134	204991	799581	0
Muluru	15	55	129394	749227	0
Muluru	15	-1	128943	784103	0
Muluru	1	207	133153	793245	0
Mulus	13	146	338035	752506	0
Muluvanapalli	30	215	126403	777841	0
Muluvanapalli	30	215	124704	777328	0
Muluwari	12	460	312281	777783	0
Mulvad	15	80	165916	757337	0
Mulvandvadi	20	206	159888	740303	0
Mulwana	12	267	316476	769717	0
Mulwar Chhapri	13	559	329546	748328	0
Mulwas Jikhli	12	348	329166	761275	0
Mulwas Uparli	12	348	329206	761245	0