Murwara	19	337	238378	803940	221883
Muradnagar	33	697	287807	774987	89482
Murtajapur	20	169	207330	773669	40295
Murshidabad	35	452	241839	882717	39557
Murliganj	4	632	258969	869958	28691
Murugampalaiyam	30	227	110806	773238	26349
Muradabad Pahari	8	691	285646	771513	21502
Murbad	20	237	192540	733899	18725
Murudeshwara	15	-1	140943	744845	17938
Muri	35	-1	233707	858624	12744
Murud	20	17	183282	729621	12665
Mursan	33	644	275779	779409	12310
Murgud	20	57	163960	741914	11194
Muragacha	35	508	235363	883943	10324
Murmari	20	390	210729	798280	7576
Murda	9	24	154802	738544	7517
Murakambattu	1	207	132463	791187	6812
Muraidih	14	387	238098	862387	6360
Muringur Vadakummuri	16	232	102890	763385	4981
Murhari	32	668	241787	918233	4827
Mur	27	468	317596	754810	0
Mur Pela	33	584	251446	819956	0
Mur'iyadu	16	256	118235	755870	0
Mura	25	290	217060	837053	0
Mura	33	548	271786	797231	0
Mura	19	502	240402	797388	0
Mura	6	627	209973	817093	0
Mura	6	17	219499	832162	0
Mura	28	22	248167	738506	0
Mura	4	520	257922	849312	0
Mura	34	530	293494	797189	0
Mura	4	675	263731	842444	0
Mura	4	382	269179	847752	0
Mura Am	25	546	219901	844354	0
Mura Chak	4	581	252968	848515	0
Mura Karamwar	4	615	261536	841873	0
Mura Khap	4	615	261495	841846	0
Mura Parsotim	4	615	260162	843592	0
Muraam	14	738	240127	868978	0
Murabahal	14	738	240090	869679	0
Murabari	14	483	241093	868295	0
Murabbatoli	6	269	235222	840118	0
Murabhata	6	374	225034	825726	0
Murabirli	25	572	203536	826565	0
Murachh	19	502	242823	797306	0
Murachh	19	512	245663	802270	0
Murachh	19	503	230593	792329	0
Murachh	19	512	243065	801147	0
Murad	20	78	206279	755382	0
Murad Bas	11	524	280680	769882	0
Murad Ka Bas	11	-1	278527	769349	0
Murad ka Pura	33	196	251446	823318	0
Murad Kheri	33	431	298411	773610	0
Murad Purwa	33	488	277129	812111	0
Muradabad	20	67	205817	781797	0
Muradabad	33	613	285052	776919	0
Muradabad	31	229	185593	799365	0
Muradabad	33	31	269368	810643	0
Muradabad	33	532	264302	825367	0
Muradabad	33	575	262398	826719	0
Muradabad	33	479	260652	830059	0
Muradabad	19	317	219567	756250	0
Muradabad	33	605	268409	817029	0
Muradabad	31	717	186083	795695	0
Muradabad	4	687	257535	854915	0
Muradabad	4	394	249730	840008	0
Muradabad Kalan	4	394	249662	839996	0
Muradabad Khurd	4	394	249762	839995	0
Muradadabas	13	529	332644	751322	0
Muradand	33	102	240857	830708	0
Muradbagh	4	590	258892	875506	0
Muradbas	28	463	279315	769069	0
Murade	4	518	250988	865102	0
Muradev	33	645	263636	796666	0
Muradev	33	242	252216	829699	0
Muradgampur	33	458	289424	773920	0
Muradgampur	33	672	289335	779120	0
Muradgampur Pursi	33	697	287448	775135	0
Muradganj	33	548	271148	797445	0
Muradganj	33	33	257392	826661	0
Muradganj	33	637	265255	814446	0
Muradganji	33	686	265217	793814	0
Muradgaon	20	141	206253	784325	0
Muradgaon	20	141	206926	784132	0
Muradgaon	20	110	204223	789130	0
Muradgarh	11	439	298606	770776	0
Muradgarhi	33	566	282280	776069	0
Muradi	15	246	149140	768278	0
Muradiapur	33	659	277059	801586	0
Muradiguda	25	349	194056	838753	0
Muradih	19	461	227054	804096	0
Muradih	4	675	264554	841397	0
Muradih	35	400	234565	858819	0
Muradiha	33	152	268273	823308	0
Muradiha	33	152	267532	828245	0
Muradihalli	15	72	165453	773731	0
Muradipali	25	290	218511	841813	0
Muradipur	33	152	267996	824668	0
Muradnagar	11	482	299536	770905	0
Muradnagar	11	565	306271	770340	0
Muradnagar	33	724	287335	778182	0
Muradnagar	33	593	277440	787825	0
Muradnagar	33	431	300825	777175	0
Muradnagar	33	613	283039	781764	0
Muradnagar	33	697	287487	775173	0
Muradnagar Rajauri	33	553	292974	787038	0
Muradnagar Tanda	33	553	292917	786972	0
Muradonda	6	80	185700	808091	0
Muradpalli	31	300	176638	785905	0
Muradpur	11	88	302733	771460	0
Muradpur	27	284	315898	758449	0
Muradpur	33	724	287953	778526	0
Muradpur	33	724	287343	779705	0
Muradpur	28	288	281121	758921	0
Muradpur	27	543	301788	762045	0
Muradpur	27	543	303979	765085	0
Muradpur	20	67	205188	783595	0
Muradpur	20	141	206232	789723	0
Muradpur	33	523	279977	782373	0
Muradpur	19	395	247232	781578	0
Muradpur	33	659	275912	798998	0
Muradpur	33	661	271795	795879	0
Muradpur	19	208	240438	776387	0
Muradpur	33	645	264402	796475	0
Muradpur	33	645	262909	798937	0
Muradpur	33	698	255328	810680	0
Muradpur	20	132	212902	774730	0
Muradpur	33	444	253066	803426	0
Muradpur	19	208	238722	780469	0
Muradpur	33	33	256811	827329	0
Muradpur	33	33	256643	822790	0
Muradpur	33	488	273883	812148	0
Muradpur	20	139	208222	790924	0
Muradpur	33	492	286687	787811	0
Muradpur	33	522	268518	820664	0
Muradpur	13	651	336943	749332	0
Muradpur	33	152	269333	826935	0
Muradpur	33	152	266178	827045	0
Muradpur	33	532	264738	825957	0
Muradpur	33	532	263888	825944	0
Muradpur	33	152	267165	828160	0
Muradpur	33	152	266772	829515	0
Muradpur	33	623	266133	829451	0
Muradpur	33	496	271842	832356	0
Muradpur	33	479	262413	830993	0
Muradpur	33	626	255611	815056	0
Muradpur	33	564	262249	835242	0
Muradpur	33	626	254171	816413	0
Muradpur	27	665	322476	754109	0
Muradpur	33	584	255715	819226	0
Muradpur	27	665	322769	755532	0
Muradpur	33	584	253201	818471	0
Muradpur	27	250	314544	749380	0
Muradpur	27	468	317822	753216	0
Muradpur	27	544	313027	752999	0
Muradpur	27	544	312520	754563	0
Muradpur	27	284	319066	755740	0
Muradpur	27	284	319414	756543	0
Muradpur	27	284	316199	756321	0
Muradpur	33	31	270488	811908	0
Muradpur	33	464	288796	781663	0
Muradpur	33	613	282213	781661	0
Muradpur	19	648	230268	767450	0
Muradpur	4	363	253274	846299	0
Muradpur	4	136	258000	860055	0
Muradpur	4	510	255100	860785	0
Muradpur	27	214	316989	748791	0
Muradpur	33	686	267982	794070	0
Muradpur	4	590	260684	878257	0
Muradpur	4	602	254916	872421	0
Muradpur	4	582	250229	870200	0
Muradpur	14	570	250155	872443	0
Muradpur	4	581	255412	850235	0
Muradpur	4	581	256160	851628	0
Muradpur	4	602	255793	877400	0
Muradpur	4	581	254812	854308	0
Muradpur	20	78	209608	756319	0
Muradpur	33	312	278612	801207	0
Muradpur	33	312	278273	803815	0
Muradpur	4	727	253293	866637	0
Muradpur	33	623	266737	830350	0
Muradpur	4	602	254526	872633	0
Muradpur Bangra	4	136	258976	856440	0
Muradpur Gharwah	27	284	315372	757350	0
Muradpur Kotila	33	33	258687	824834	0
Muradpur Kotila	33	33	258818	824848	0
Muradpur Kotila	33	33	258696	825071	0
Muradpur Nagaria	33	445	273064	792075	0
Muradpur Narial	27	284	316019	757330	0
Muradpur Tekna	11	689	288776	764553	0
Muradpura	19	635	228495	758168	0
Muradpura	33	525	294704	775911	0
Muradpura	19	635	227083	757242	0
Muradpura	19	309	232994	764534	0
Muradpuri	11	500	281811	766821	0
Muradpurwa	33	282	278347	814361	0
Muradwala	27	3	302677	742537	0
Muragacha	35	432	226914	884200	0
Muragachhi	35	397	254731	879594	0
Muragadam Agraharam	1	194	186664	835017	0
Muragamale	15	422	134402	781277	0
Muragampalle	1	221	148972	781256	0
Muraganur	15	71	169690	764711	0
Muragaon	6	676	201598	812827	0
Muragaon	6	393	210615	824798	0
Muragaon	6	393	211158	825234	0
Muragaon	25	572	208910	824978	0
Muragi Matha	15	333	140742	752323	0
Muraha	4	136	256764	861937	0
Murahag	12	267	315785	771488	0
Murahar	19	208	238992	782042	0
Murahi	4	117	246415	847915	0
Murahi	4	520	259218	850870	0
Murahra	19	638	252883	800438	0
Murahra	33	532	263682	827959	0
Murahua	33	694	250136	831414	0
Murahua	33	694	251323	831580	0
Murai	33	445	271473	793446	0
Murai	6	490	215584	810555	0
Murai	33	31	269567	814825	0
Murai Ahir Purwa	33	654	261773	812859	0
Murai ka Purwa	33	584	256075	816709	0
Murai ka Purwa	33	688	256280	816643	0
Murai Purwa	33	654	263369	813139	0
Murai Purwa	33	637	262292	813958	0
Murai Purwa	33	654	260898	814464	0
Muraia Purwa	33	522	269905	821188	0
Muraicha	33	516	260699	840352	0
Muraihi	14	434	241377	862921	0
Muraila	33	33	258916	826570	0
Muraila	33	595	277277	820263	0
Murailapur	33	33	258164	824931	0
Murain	33	522	273012	819022	0
Murain Purwa	33	522	269279	820853	0
Murain Purwa	33	654	260360	813154	0
Muraina	19	208	238721	782363	0
Muraina	33	278	266792	792243	0
Muraina	33	686	265482	793182	0
Muraina	14	434	242894	858823	0
Muraini	19	420	256045	781122	0
Muraini	19	509	251017	786341	0
Muraini	33	654	264089	813434	0
Muraini	33	688	260758	816359	0
Murainia	14	732	243738	851172	0
Murainiya	4	117	245815	847167	0
Murainpur	33	637	261694	817727	0
Murainpur	33	488	277830	809897	0
Muraipura	33	526	271307	777795	0
Murairi	12	460	312293	774310	0
Muraith	19	576	234322	799640	0
Muraitha	33	278	267284	791541	0
Muraithi	33	688	259023	814233	0
Muraitoli	14	476	226119	842977	0
Muraiyan Buzurg	33	548	270180	798453	0
Muraja	19	153	221406	743114	0
Murajhiri	19	208	235374	781501	0
Murajpur	4	590	258329	876554	0
Murajpur	4	581	255277	852599	0
Murajpur	4	636	259506	864713	0
Murak Purwa	33	654	262275	813168	0
Murakada	1	219	174975	828758	0
Murakanahalli	15	93	126322	765052	0
Murakanahalli	15	93	125122	765071	0
Murakanattam	1	207	132876	792405	0
Murakati	35	639	223506	869086	0
Murakatwa	19	607	243948	825549	0
Murakinar	6	80	191398	806939	0
Murakinar	6	80	191340	806931	0
Murakta	19	239	220432	746970	0
Mural	15	167	180857	773263	0
Mural	19	313	245917	808994	0
Murala	19	497	248269	816749	0
Murala	19	317	222061	759936	0
Murala Bigha	4	495	251431	852559	0
Murali	35	432	227529	885058	0
Murali	19	497	249451	817354	0
Murali	4	636	256612	867467	0
Muralinagar	1	81	177467	832621	0
Muralipali	6	17	219488	833112	0
Muralpur	35	347	241051	875022	0
Muram	19	142	217870	806160	0
Muram	19	142	219500	807100	0
Muram Kalan	14	377	236041	855342	0
Muramba	20	49	207256	763957	0
Muramba	20	169	206711	774196	0
Muramban	30	201	89000	779392	0
Murambi	20	138	189214	769969	0
Murambi	20	127	204558	773969	0
Murambori	20	134	202435	801313	0
Muramdjh	6	365	213026	823040	0
Muramer	6	676	200458	811680	0
Muramer	6	676	200279	811709	0
Muramgaon	20	134	203281	804713	0
Muramia	19	311	231365	764460	0
Murampatti	30	260	105729	783321	0
Murampatti	30	260	105348	783506	0
Muramu	14	541	232842	850460	0
Muramya	19	317	217395	760842	0
Muramya	19	317	217490	760873	0
Muran	19	459	262804	779070	0
Muran	33	661	273252	793417	0
Muran	13	412	338650	748665	0
Murandahalli	15	47	131680	781365	0
Murangal	20	134	194131	807291	0
Murangali	30	154	104011	769164	0
Murangna	10	125	221834	740193	0
Murani	33	591	252467	797568	0
Muranikara	16	233	116525	761016	0
Muranipara	35	347	244724	878754	0
Murankop	15	91	148558	750863	0
Muranpura	19	459	262823	777699	0
Murao	19	462	250175	792822	0
Murao	33	282	275432	814655	0
Murao Dih	33	269	274411	823074	0
Murao Dih	33	269	273528	822914	0
Murao Dih	33	269	273515	824369	0
Murao Dih	33	280	273012	824909	0
Murao Dih	33	522	270620	824899	0
Murao Dih	33	269	272016	825024	0
Murao Dih	33	280	271483	825058	0
Murao Khera	33	659	271467	806874	0
Murao Lunian Purwa	33	522	269838	819602	0
Murao Purwa	33	488	275458	811360	0
Murao Purwa	33	282	276753	815097	0
Murao Purwa	33	282	276579	815731	0
Murao Purwa	33	595	277497	818156	0
Murao Purwa	33	595	275808	818520	0
Murao Purwa	33	595	275712	818585	0
Murao Purwa	33	595	275489	818695	0
Murao Purwa	33	595	275543	818439	0
Murao Purwa	33	595	275433	818755	0
Murao Purwa	33	522	272194	818106	0
Murao Purwa	33	522	271536	817544	0
Murao Purwa	33	522	271437	817832	0
Murao Purwa	33	522	270632	818900	0
Murao Purwa	33	522	270805	819602	0
Murao Purwa	33	522	271026	818902	0
Murao Purwa	33	522	271057	819373	0
Murao Purwa	33	522	271814	819467	0
Murao Purwa	33	522	271964	818842	0
Murao Purwa	33	522	271774	819813	0
Murao Purwa	33	522	271734	816693	0
Murao Purwa	33	282	274662	817818	0
Murao Purwa	33	605	268500	818062	0
Murao Purwa	33	522	269986	819090	0
Murao Purwa	33	269	273266	822823	0
Murao Purwa	33	280	271394	825651	0
Murao Purwa	33	152	268640	823498	0
Murao Purwa	33	152	269169	824056	0
Murao Purwa	33	152	269249	824236	0
Murao Purwa	33	654	262200	813339	0
Murao Purwa	33	654	261126	814426	0
Muraon Purwa	33	282	276913	815238	0
Muraon Purwa	33	282	276705	815627	0
Muraopurwa	33	282	276710	815144	0
Murapaka	1	176	180993	833076	0
Murapaka	1	453	182282	837927	0
Murapala	25	572	207648	826813	0
Murapali	25	572	206909	825564	0
Murapani	19	142	217984	807697	0
Murapar	19	326	230906	786429	0
Murapar	19	503	231759	789320	0
Murapar	19	568	227136	780117	0
Murapar	19	354	220310	797209	0
Murapar	6	393	209000	824538	0
Murapara	25	572	203722	825839	0
Murappanadu	30	201	87165	778309	0
Murappanadu Pudugramam	30	201	87099	778349	0
Murappanpatti	30	51	117592	780348	0
Murapparadu Kovilpattu	30	201	87332	778294	0
Murapurtanda	15	50	160050	771175	0
Murar	19	568	226634	785410	0
Murar	28	113	276057	773036	0
Murar	19	638	244111	793120	0
Murar	13	477	327361	755901	0
Murar	27	544	314679	754415	0
Murar	4	597	254763	842215	0
Murar	14	379	243820	848247	0
Murar Bari	33	515	261938	838859	0
Murar Batarha	4	675	264286	842416	0
Murar Bigha	4	117	249120	848287	0
Murar Chak	33	575	261533	823222	0
Murar Khera	33	301	263169	807529	0
Murar Kurha	4	106	246267	853527	0
Murara	19	338	239830	784853	0
Murara	19	208	236150	778462	0
Murara	19	208	236283	779494	0
Murara	19	208	237789	781857	0
Murara	19	509	253635	788342	0
Murara	33	33	257003	828702	0
Murara	13	358	330393	756559	0
Murara Harisingh	19	208	235824	778627	0
Murarai	35	347	244400	878610	0
Murarainapalya	15	92	134520	773439	0
Murarayunihalli	15	92	139669	773572	0
Murarbad	30	376	118257	789471	0
Murardoddi	31	272	163874	774009	0
Murargota	6	620	206781	808270	0
Murargota	6	620	205022	809360	0
Murarhi	4	734	251842	847639	0
Murari	19	338	242378	781331	0
Murari	19	338	240392	781451	0
Murari	19	338	241075	789574	0
Murari	19	502	237819	796052	0
Murari	19	576	233356	799835	0
Murari	19	465	258074	779656	0
Murari	19	208	237135	779386	0
Murari	19	648	229332	779080	0
Murari	33	417	253625	784271	0
Murari	19	208	238492	781184	0
Murari	19	338	239891	783600	0
Murari	33	370	243674	783787	0
Murari	19	502	236662	795365	0
Murari	19	461	225621	800646	0
Murari Khurd	19	338	239647	788849	0
Murarichintala	1	221	144460	780750	0
Murarikhera	19	512	246526	799443	0
Muraripalle	1	195	160596	793541	0
Muraripalle	1	207	131476	785868	0
Muraripur	15	50	159974	771230	0
Muraripur	4	641	264194	875274	0
Muraripur	25	292	204119	851245	0
Muraripur	25	527	203259	851767	0
Muraripur	25	399	207371	847263	0
Muraripura	15	44	151338	765842	0
Muraritola	19	142	221020	801137	0
Muraritola	4	106	248906	858493	0
Murariya	19	16	238581	767246	0
Murarkhar	4	112	245622	843720	0
Murarkheda	20	78	210223	756424	0
Murarkheri	19	303	232155	754944	0
Murarmau	33	278	269214	789492	0
Murarmau	33	654	261662	807934	0
Murarmau	33	654	259267	813581	0
Murarnahalli	15	652	129853	762788	0
Murarola	14	712	241640	837120	0
Murarpatti	33	584	253826	819573	0
Murarpatti	4	615	263483	842048	0
Murarpatti	4	615	259904	842794	0
Murarpatti	33	516	257166	844758	0
Murarpur	33	694	250254	832022	0
Murarpur	4	597	253815	839839	0
Murarpur	33	637	261036	818150	0
Murarpur	33	575	261920	821209	0
Murarpur	33	575	261850	823102	0
Murarpur	33	479	257862	831950	0
Murarpur	33	479	259963	832820	0
Murarpur	33	479	259277	833355	0
Murarpur	33	314	264481	832139	0
Murarpur	33	314	264135	832678	0
Murarpur	33	564	261354	836608	0
Murarpur	33	564	262030	836852	0
Murarpur	33	488	275873	807572	0
Murarpur	33	31	268132	815580	0
Murarpur	4	394	251918	843183	0
Murarpur	33	329	285399	794042	0
Murarpur	4	520	260153	846403	0
Murarpur	4	382	265981	847939	0
Murarpur	33	329	287445	795072	0
Murarpur	33	329	285908	796062	0
Murarpur	33	329	284572	796064	0
Murarpur	4	581	253829	859683	0
Murarpur	4	663	251705	858475	0
Murarpur	4	112	245877	844345	0
Murarpur	4	495	252685	852865	0
Murarpur	33	637	260976	817210	0
Murartola	20	168	212883	805506	0
Murartola	6	620	207715	806131	0
Murartola	6	620	205782	808632	0
Murartola	6	620	203927	807901	0
Murartoli	14	310	228189	846466	0
Muras	4	727	255713	867154	0
Murasa	4	507	251443	850103	0
Murasai	14	643	244221	875394	0
Murasan	33	516	258665	838220	0
Murasapatti	30	51	116296	777990	0
Muraso	19	153	222538	745432	0
Murassapur	33	688	258213	813578	0
Murat	33	417	255906	787464	0
Murat Bankat	33	522	272484	821367	0
Murat Misr	33	522	270032	817717	0
Murata	33	417	255297	788085	0
Muratan	12	267	316134	770766	0
Muratanr	4	505	245914	864565	0
Muratganj	33	626	255538	815446	0
Muratia Kalan	14	732	244234	851782	0
Muratpu	19	638	251093	795693	0
Muratpur	35	508	229886	884425	0
Muratpur	33	488	275372	811860	0
Muratpur	33	31	272198	810965	0
Muratpura	19	322	263552	790611	0
Muratpura	19	322	265724	786932	0
Murattandichavadi	30	197	119785	797877	0
Murattipalya	15	69	119664	770985	0
Muratturu	15	333	142039	749269	0
Murau Purwa	33	282	276517	814856	0
Murauli	33	102	245709	828688	0
Murauli	4	112	245630	842309	0
Murauli Khurd	4	112	245604	842216	0
Muraundi	6	676	201201	808161	0
Muraupura	33	329	283542	793382	0
Murausi	33	445	270840	792293	0
Muraut	4	632	254887	868757	0
Muravakilavanpatti	30	264	101261	783999	0
Muraverak	10	140	232400	736533	0
Muravikkadu	30	254	103110	792345	0
Murawa	33	282	275069	813503	0
Murawa Bazar	33	282	275046	813651	0
Murawal	33	526	270593	783523	0
Murawal	19	337	237539	802127	0
Murawan Gauntia	33	451	279266	794854	0
Murawan Purwa	33	522	272441	817668	0
Murawan Purwa	33	522	271298	819295	0
Murawan Purwa	33	522	270875	820579	0
Murawan Tola	33	522	270108	819081	0
Murawar	19	648	231135	765597	0
Murayur	30	436	101445	785022	0
Murbala	4	535	263796	863957	0
Murbala	4	641	261794	874037	0
Murbala	4	641	261727	874152	0
Murbara	33	152	269745	827418	0
Murbhadur	6	490	213558	810760	0
Murch	12	348	329424	765992	0
Murcha	33	659	272253	797702	0
Murcha	33	686	267727	795074	0
Murcha	33	659	273924	797182	0
Murcha	33	661	273702	796809	0
Murcha	33	278	269662	792927	0
Murchapur	13	559	325507	748537	0
Murchawa	14	673	242334	841706	0
Murchha	33	451	279625	799538	0
Murchhana	13	0	343666	737720	0
Murchhi	33	451	279647	799515	0
Murchia	33	659	272335	797774	0
Murchiguda	25	349	194714	838887	0
Murchikona	1	-1	191035	836006	0
Murchitola	14	276	227274	851378	0
Murchu	14	541	234599	851818	0
Murchul	6	620	201908	804533	0
Murchulmeta	20	134	201234	804971	0
Murchultola	6	620	201781	804658	0
Murda	20	139	214592	794164	0
Murda	31	447	181717	792253	0
Murdadih	19	646	244978	819666	0
Murdagi	15	71	174266	770286	0
Murdaha	33	242	254142	829553	0
Murdaha	33	242	254208	829558	0
Murdaha Bazar	33	242	254216	829646	0
Murdai	19	325	218730	788137	0
Murdai	19	503	230818	794821	0
Murdai	19	142	219124	800551	0
Murdamekh	25	292	205182	849657	0
Murdangtoli	14	541	232760	854796	0
Murdanpalli	31	32	174937	780419	0
Murdaon	19	303	233934	762087	0
Murdaon	19	303	234020	762041	0
Murdara	20	168	215327	800161	0
Murdari	13	0	346627	743411	0
Murdawa	33	314	269456	834391	0
Murdewa	33	314	266200	831263	0
Murdewa	4	136	258571	858529	0
Murdewa Chak	33	314	265876	831828	0
Murdhauwa	33	102	242283	830444	0
Murdhoa	6	676	204959	815394	0
Murdhoni	20	67	200602	789040	0
Murdi	33	242	254868	829299	0
Murdi	20	182	218255	742898	0
Murdi	15	86	158676	759511	0
Murdi	15	583	151362	757550	0
Murdila Dih	33	102	247304	828822	0
Murdoli	20	168	212263	802026	0
Murdoli	20	168	210870	803248	0
Murdongri	6	676	203102	814255	0
Murdur	15	652	129856	759389	0
Murechi	28	429	262067	768728	0
Muredwal	27	355	311288	752954	0
Muregar	15	59	146886	746945	0
Murehra	33	152	267732	829064	0
Murehta Chak	4	106	247782	853612	0
Murel Kalan	19	326	234020	778633	0
Murel Khurd	19	326	234307	778654	0
Murela	28	22	241375	740946	0
Murena	19	459	264862	779564	0
Murena ka Pura	19	459	264683	779442	0
Murenda	33	526	272233	778440	0
Mureni	33	575	260370	822129	0
Mureni	33	688	258150	815313	0
Murer	19	354	218506	794168	0
Murer	6	620	206452	806696	0
Murera	33	314	267333	836000	0
Murera	33	314	266519	835872	0
Murera	19	484	257132	784118	0
Murera	4	457	271276	843034	0
Murera	4	615	261827	841201	0
Murera	4	117	248964	847563	0
Murera Bikramsingh	33	645	265308	798072	0
Murera Dih	33	196	251836	831608	0
Murera Kenhersingh	33	645	265444	797205	0
Mureri	19	338	232853	788121	0
Mureri	19	502	235672	793264	0
Mureri	33	444	254312	801969	0
Mureri	19	638	251083	800664	0
Mureri	19	338	234907	790805	0
Murerwa	33	152	268170	825029	0
Muresatoli	14	379	240935	850947	0
Mureta	33	301	263812	807665	0
Mureta	33	301	264322	808536	0
Mureth	4	535	264466	860535	0
Muretha	14	541	235620	852561	0
Murethi	33	661	275150	794367	0
Murethi	33	654	260242	811813	0
Murga	19	338	238326	790555	0
Murga	6	384	229374	841092	0
Murga	14	310	228702	848688	0
Murgabani	14	442	250879	875689	0
Murgabani	14	442	250174	876244	0
Murgabani	14	633	247048	875250	0
Murgabani	14	633	247156	876304	0
Murgabani	14	483	241512	867919	0
Murgabani	14	738	240359	869564	0
Murgabani	14	738	240260	867666	0
Murgabani Chak	14	483	240923	868659	0
Murgabuni	35	347	240332	875654	0
Murgadanga	14	633	244397	876818	0
Murgadanga	14	633	244150	877093	0
Murgadanga	35	347	242031	877007	0
Murgadanga	14	633	246778	877712	0
Murgadanga	14	633	245113	877711	0
Murgadanga	35	347	243527	877793	0
Murgadangal	14	643	241224	875380	0
Murgadh	34	589	296777	790564	0
Murgahan	6	642	206439	814103	0
Murgahi	19	354	225764	799257	0
Murgahi Tola	19	354	225705	799115	0
Murgakhera	19	503	230855	792429	0
Murgalwadi	20	151	189104	767442	0
Murgaon	6	634	201342	815343	0
Murgaon	6	695	229102	827998	0
Murgaon	20	134	200147	803538	0
Murgaon	14	633	243754	877140	0
Murgaon	14	678	237761	847582	0
Murgapat	25	368	218216	858556	0
Murgara	4	112	245935	844900	0
Murgarwa	4	106	247775	853497	0
Murgatola	19	461	224611	803169	0
Murgatola	14	643	241665	876594	0
Murgawan	19	576	234036	798180	0
Murgawan	4	117	249247	849944	0
Murgawan	4	507	251541	851658	0
Murgawan	4	495	251755	853364	0
Murgemane	15	59	143194	748177	0
Murghara	4	-1	262399	841038	0
Murghi Purwa	33	522	269935	817086	0
Murghia Chak	33	282	276028	815607	0
Murghipur	33	532	265465	825780	0
Murghipur Rahim Patti	33	532	264875	826531	0
Murghora	33	584	250476	822905	0
Murghusi	6	723	222856	815957	0
Murghusri	6	517	219650	812211	0
Murghusri	6	279	223032	820537	0
Murghusri	6	517	222387	812257	0
Murghusri	6	517	223308	812909	0
Murghusri	6	279	222604	818525	0
Murgi	17	2	347566	775302	0
Murgi	14	541	235657	850854	0
Murgi Bigha	4	117	249662	848704	0
Murgi Bigha	4	117	245185	849078	0
Murgi Chak	4	507	251571	851124	0
Murgia Chak	4	581	255533	848787	0
Murgia Chak	4	106	250149	855643	0
Murgia Chak	4	495	251905	857053	0
Murgia Chak	4	136	258036	859163	0
Murgia Chak	4	117	248216	852879	0
Murgia Chak	4	632	257053	869647	0
Murgia Chak	4	396	251017	871619	0
Murgia Chak	14	570	251536	873498	0
Murgia Chak	4	520	257433	850906	0
Murgia Chak	4	581	255237	850244	0
Murgia Chak	4	495	253551	852465	0
Murgia Chak	4	507	252123	850138	0
Murgia Chak	4	687	257834	852605	0
Murgia Chak	4	687	258335	853391	0
Murgia Chak	4	136	258601	856632	0
Murgia Chak	4	381	259979	856064	0
Murgia Chak	4	136	258380	857162	0
Murgia Chak	4	495	253208	855474	0
Murgia Chak	4	136	256920	856091	0
Murgiapur	33	637	262546	815817	0
Murgiatanr	14	379	242100	845229	0
Murgiatongri	14	434	241676	863244	0
Murgidand	33	102	245390	828816	0
Murgidhana	19	568	227621	786288	0
Murgidih	14	541	231919	854708	0
Murgidih	14	416	229470	853765	0
Murgidih	14	678	238740	841185	0
Murgidih	14	678	236837	844487	0
Murgilmaduvu	30	109	120428	778269	0
Murgitanr	14	732	239751	853186	0
Murgitola	19	325	225136	792233	0
Murgitoli	14	310	229510	848987	0
Murgiya	33	445	270505	793363	0
Murgiya Chak	4	507	250835	848636	0
Murgod	15	77	158898	749304	0
Murgori	19	336	235840	809264	0
Murgu	14	310	231400	846692	0
Murgu	14	541	234261	851744	0
Murgudih	14	541	230996	857515	0
Murgumi	14	434	244290	863010	0
Murgun	19	239	217077	749927	0
Murgura	33	196	249884	823911	0
Murguri	19	336	238881	808947	0
Murguwan	19	484	258403	786025	0
Murha	19	443	222133	777667	0
Murha	33	269	277196	822317	0
Murha Buzurg	20	132	210975	772928	0
Murha Dih	33	488	272600	807982	0
Murha Dih	33	488	272825	807162	0
Murha Khurd	20	132	210992	772914	0
Murhadi	4	535	264492	862615	0
Murhaiyan	33	659	273400	797524	0
Murhakahi	4	136	256949	862411	0
Murhali	6	374	224006	822715	0
Murhalli	15	652	130187	757506	0
Murhalli	15	59	147748	744688	0
Murhalli	15	603	125992	775065	0
Murhan	4	396	251462	871123	0
Murhapali	25	478	210621	830610	0
Murhar	28	210	266149	699813	0
Murhar	4	381	262177	849481	0
Murhara Kachnar	19	395	244541	776118	0
Murhari	4	495	253468	855301	0
Murharia	4	718	251594	836937	0
Murharpur	20	139	208912	789742	0
Murharpur	15	50	162344	771933	0
Murharpur	20	139	206896	794080	0
Murhas	33	661	273436	795382	0
Murhatu	14	276	226337	855764	0
Murhatu	14	276	226350	857449	0
Murhawan	33	196	251182	830950	0
Murhawan	19	568	227608	778568	0
Murhawatola	14	712	241577	836951	0
Murhela	25	572	208906	825694	0
Murhena	6	393	211474	820165	0
Murheni	19	420	253279	776167	0
Murhera	19	337	235082	803036	0
Murhera	4	507	251624	850004	0
Murheri	19	420	255152	776053	0
Murheri	4	518	251500	865931	0
Murheria	19	646	241467	817027	0
Murhesi	33	174	274101	776353	0
Murhi	33	686	264816	794139	0
Murhi	4	394	248791	839549	0
Murhi	33	278	267215	792100	0
Murhi	14	416	231502	853242	0
Murhi	4	117	244353	849294	0
Murhia	6	723	221577	817361	0
Murhia Gannu	33	492	290003	787539	0
Murhil	35	587	259114	879634	0
Murhil	35	587	258561	879751	0
Murhipani	14	476	225093	844212	0
Murhipar	6	490	213488	808711	0
Murhipar	6	365	216611	820766	0
Murhipar	6	455	211827	811440	0
Murhitola	4	507	252980	851222	0
Murhka	19	311	230403	760631	0
Murhla	33	523	278040	778462	0
Murhla Kathar	33	152	267373	826099	0
Murho	4	632	258819	868548	0
Murhohora	19	497	250970	815382	0
Murhotol	4	590	258512	871039	0
Murhu	14	416	229727	852810	0
Murhu	14	416	232204	852172	0
Murhu	14	541	233249	857457	0
Murhukarchatoli	14	740	235591	845001	0
Murhulsudih	14	498	234993	859152	0
Murhwapar	33	27	255540	831788	0
Muri	13	289	340694	739297	0
Muri	13	0	346164	740080	0
Muri	13	0	346147	740332	0
Muri	19	638	247989	798252	0
Muri	4	718	250933	835147	0
Muri	13	1	336420	744175	0
Muri	13	640	334423	749074	0
Muri	13	146	334843	754083	0
Muri	28	22	248115	739312	0
Muri	14	442	251309	877084	0
Muri Baihk	13	0	344897	740020	0
Muri Patti	33	532	263233	830934	0
Muria	28	302	258527	755089	0
Muria	33	370	245918	787150	0
Muria	28	463	273621	766948	0
Muria	28	22	247099	740597	0
Muria	6	681	215353	811762	0
Muria	6	642	208886	811180	0
Muria	19	576	232578	797806	0
Muria	19	576	232989	799538	0
Muria	19	484	256096	787344	0
Muria	33	370	244414	786671	0
Muria	19	338	239476	786060	0
Muria	33	282	274022	815764	0
Muria	33	522	269967	821399	0
Muria	33	685	270886	810203	0
Muria	14	732	243401	851090	0
Muria	4	569	262017	860158	0
Muria Champat	19	326	236447	785068	0
Muria Khera	33	451	279744	795061	0
Muria Khera	33	659	271706	806731	0
Muria Khurd	19	576	233502	798898	0
Muria Para	10	170	229510	743170	0
Muriabari	4	602	254781	875211	0
Muriadih	6	365	216958	822211	0
Muriadih	6	393	214306	822397	0
Muriadih	6	365	215356	823023	0
Muriadih	6	365	216788	824499	0
Muriadih	6	393	211456	822823	0
Muriadih	6	611	216268	831204	0
Muriadih	14	476	224799	841940	0
Muriagaon	34	481	303242	781927	0
Muriagarh	19	324	242267	773446	0
Muriaguda	6	577	184724	817685	0
Muriala	33	659	271729	801761	0
Muriamba	25	527	201351	848620	0
Muriana	12	39	321521	760212	0
Muriano	19	338	242925	782492	0
Muriapada	25	-1	186066	819246	0
Muriapal	6	577	184865	816712	0
Muriapara	6	517	221497	812334	0
Muriapurva	19	337	234909	802726	0
Muriar	33	27	255547	832693	0
Muriari	19	497	246610	813163	0
Muriaro	4	136	258205	859029	0
Muriazabad	11	722	279783	775126	0
Muribahal	25	380	203867	830131	0
Muribahal	25	380	204294	827158	0
Murichambedu	30	220	132981	802261	0
Muridi	1	99	148010	768935	0
Muridih	6	393	213864	828935	0
Muridih	14	738	241008	869967	0
Muridke	27	468	318757	750173	0
Muridongri	19	502	239490	796423	0
Muridpur	33	645	265454	799878	0
Muridpur	19	208	241300	778536	0
Muridpur	33	645	263315	799587	0
Muridpur	33	242	254386	831180	0
Muridpur	33	33	258911	825334	0
Muridpur	33	464	288264	783017	0
Muridpur	33	532	265473	824046	0
Muridpur	27	355	315153	755734	0
Murigalai	16	253	111034	765329	0
Murihwa	33	269	276077	820656	0
Murihwa	33	269	275729	821446	0
Murikad	16	232	102831	762595	0
Murikanked	16	528	89410	769478	0
Murikannagaripalle	1	426	142722	783047	0
Murikinillapalle	1	99	148257	775019	0
Murikipudi	1	10	160404	801024	0
Murikitogu	31	60	179185	807827	0
Murikote	16	233	118429	760291	0
Murikunta	31	229	184053	797425	0
Muril	12	460	310744	776988	0
Murila	33	280	272336	830702	0
Murila	33	280	272357	831598	0
Murila	33	496	271833	833185	0
Murila	33	314	268216	834013	0
Murila	4	457	271786	843333	0
Murila	4	457	270663	842922	0
Murila Chaudhri	33	496	270857	835477	0
Murila Chaudhri	33	496	270668	835862	0
Murila Purwa	33	152	267909	828369	0
Murinderbagh	13	588	341736	749084	0
Muringodi	16	256	119119	757276	0
Muringur Thekummuri	16	232	102758	763416	0
Murinjakallu	16	216	91869	768615	0
Murinjakallu	16	216	91669	768315	0
Murinjakallu	16	216	91570	768513	0
Murinjapuzha	16	249	95606	769755	0
Muripar	6	365	214665	822851	0
Muripar	6	393	212572	824801	0
Muriparala	31	128	174868	791367	0
Murippankulam	30	236	92091	775462	0
Murivelikkottal	30	183	105061	779027	0
Murivrunda	15	333	136722	752036	0
Muriya	19	338	242008	781738	0
Muriya	19	338	240506	783700	0
Muriya	19	638	245944	791920	0
Muriya	19	638	242316	791758	0
Muriya	19	503	230704	795493	0
Muriya	19	576	231786	796560	0
Muriya	19	576	235824	799393	0
Muriya	19	325	227552	791256	0
Muriya	19	420	250090	781293	0
Muriya	19	338	238283	784209	0
Muriya	33	370	244835	787746	0
Muriya	19	512	243726	804741	0
Muriyad	16	232	103641	762595	0
Muriyagusain	19	338	240373	787038	0
Muriyakhera	19	324	243264	769979	0
Muriyakhera	19	354	220216	795955	0
Muriyakhera	19	325	219232	790855	0
Muriyakheri	19	568	225440	774021	0
Muriyakumer	19	338	241941	784022	0
Muriyappanjan	30	436	97362	784241	0
Muriyapura	33	526	268722	785287	0
Muriyari	4	615	262278	841757	0
Murja	25	305	188167	823789	0
Murja	25	305	186942	825496	0
Murjal	19	311	225159	770308	0
Murjami	1	194	187410	838223	0
Murje	15	55	129454	751543	0
Murjha	20	110	203201	799177	0
Murjha	20	390	208410	799157	0
Murjha	20	134	201412	799763	0
Murjhad	20	139	215744	795145	0
Murjhad	19	142	218009	800505	0
Murjhad Tola	19	142	217885	800398	0
Murjhadi	20	67	203107	781998	0
Murjhadi	20	67	204226	782097	0
Murjhadi	20	67	204164	781901	0
Murjhadi	20	67	202001	782228	0
Murjhar	19	354	217687	795597	0
Murjhar	19	142	216336	799171	0
Murjhar	19	142	221939	800488	0
Murjhar	19	142	219134	801199	0
Murjhar	6	620	203008	806338	0
Murjhar	6	676	200841	805696	0
Murjhargondi	19	142	219281	801244	0
Murjhari	19	16	240707	763318	0
Murjhari	20	139	208479	791501	0
Murjhari	20	134	204194	804688	0
Murjhartola	19	142	216324	799287	0
Murjhaur	19	576	233229	802718	0
Murjhiria	19	461	226167	803003	0
Murjhor	19	354	224331	795378	0
Murjhori	19	-1	215889	795091	0
Murjuli	14	541	234415	850449	0
Murka	19	646	244630	820636	0
Murka	33	619	251995	815027	0
Murka	33	282	273924	814910	0
Murka	4	581	253208	848899	0
Murkadi	15	248	139351	746104	0
Murkadwadi	20	34	188084	766630	0
Murkaha	4	632	260254	868854	0
Murkahi	4	636	258478	866055	0
Murkahi	4	632	259399	866894	0
Murkahi	4	636	256837	865819	0
Murkahi	4	632	259494	867565	0
Murkahi	4	636	258596	868312	0
Murkahi	4	632	258614	869233	0
Murkahi	4	569	257738	862705	0
Murkahi	4	632	258504	870028	0
Murkal	15	188	121255	761616	0
Murkal	31	58	184061	782983	0
Murkambattu	30	220	132120	796039	0
Murkamtoli	6	269	235421	839568	0
Murkanar	20	134	195613	806497	0
Murkani	15	603	125763	773438	0
Murkapur	33	694	253420	833942	0
Murkata	33	619	250594	812331	0
Murkati	4	106	248756	853736	0
Murkatia	33	33	254204	826742	0
Murkatia	33	496	269727	835496	0
Murkatia	33	282	276915	814216	0
Murkatiya	19	576	231064	797078	0
Murkatoli	14	541	233360	849080	0
Murkatta	4	117	248617	849946	0
Murkatte	15	333	141257	749624	0
Murkatwatoli	14	673	241480	840753	0
Murke	6	455	210606	804828	0
Murke Dih	33	575	263447	822971	0
Murkera	6	634	199733	817688	0
Murkha	33	33	256681	829922	0
Murkhala	20	134	201545	799683	0
Murkhala	20	134	199428	798410	0
Murkhera	19	420	258313	777341	0
Murkhera	19	420	256845	777299	0
Murkhera	19	635	228341	756011	0
Murkhiya	33	526	270522	779255	0
Murkhur	14	712	239185	839336	0
Murkhusra	6	642	208540	811341	0
Murkhusra	6	676	205218	813438	0
Murkhusra	6	642	206496	814810	0
Murkhusra	6	642	209949	809966	0
Murki	6	393	210353	821006	0
Murki	28	113	269351	773060	0
Murki	33	33	256968	829259	0
Murki	19	449	232222	808415	0
Murki	6	517	222699	813049	0
Murki	33	282	273973	814873	0
Murki	6	392	188538	813966	0
Murki	6	577	185960	815204	0
Murki	14	740	233972	846216	0
Murki Agadh	33	27	256269	838060	0
Murki Ka Nagla	28	113	269381	772930	0
Murki Khurd	33	27	256175	837861	0
Murkibhavi	15	77	158664	747860	0
Murkidanga	35	347	243352	877805	0
Murkidhar	33	282	275416	814339	0
Murkigudda	15	50	161875	769637	0
Murkinar	6	80	187444	807435	0
Murkkanad	16	148	109521	760331	0
Murkkanad	16	148	109062	761478	0
Murko	14	732	239866	856206	0
Murkong Selek	3	287	278254	952290	0
Murkuchia	4	410	262233	866416	0
Murkuda	19	646	242343	818109	0
Murkum	14	628	226409	858935	0
Murkunda	14	310	229886	846866	0
Murkuni	14	541	233664	850219	0
Murkunjal	31	32	182246	776991	0
Murkuntoli	14	416	227375	851250	0
Murkura	19	142	215921	803280	0
Murkuri	20	134	207670	803571	0
Murkuriya	34	530	292410	796529	0
Murkuru	19	576	235553	798900	0
Murkuta	6	279	218868	821011	0
Murkuta	6	681	219257	815856	0
Murkuta	6	681	218759	816679	0
Murkuta	19	461	223071	809544	0
Murkuta	6	681	218259	818077	0
Murkuti	33	174	277867	777889	0
Murkutta	19	142	218576	806874	0
Murla	28	402	247482	741626	0
Murla	28	321	246830	762872	0
Murla	4	382	268462	847771	0
Murla	4	518	252247	866397	0
Murla Ber	19	326	235553	782689	0
Murla Chak	4	106	250051	856330	0
Murla Chawal	19	326	235567	782714	0
Murla Dih	33	575	261796	824584	0
Murlaggi	15	55	130680	749835	0
Murlai	19	309	234417	765668	0
Murlapadu	31	46	171144	808087	0
Murlapar	14	276	221410	856152	0
Murlapur	15	66	152599	759178	0
Murlaputti	25	305	189850	831738	0
Murlatoli	14	541	235128	851667	0
Murlen	23	244	236588	932843	0
Murlethimmandoddi	15	603	124244	773039	0
Murli	20	139	211939	787499	0
Murli	6	374	222649	824351	0
Murli	20	67	201624	782906	0
Murli	33	682	275721	786630	0
Murli	33	102	246205	831313	0
Murli	19	326	233449	781977	0
Murli	20	67	194703	779883	0
Murli	33	242	254966	829888	0
Murli	20	390	214927	798178	0
Murli	20	138	198851	779595	0
Murli	33	522	271289	822304	0
Murli	33	575	261562	822072	0
Murli	6	374	228045	823297	0
Murli	14	712	238279	838895	0
Murli	4	457	270816	842651	0
Murli	4	457	271831	845730	0
Murli	4	382	265259	847155	0
Murli	33	329	282438	793997	0
Murli	4	382	268196	849818	0
Murli	4	117	246401	853137	0
Murli	4	535	263862	864970	0
Murli	4	569	259545	860578	0
Murli	4	136	258321	860286	0
Murli	4	136	258419	862068	0
Murli	4	727	255675	863943	0
Murli	4	636	257091	866864	0
Murli	4	727	255664	867928	0
Murli	4	396	253865	871588	0
Murli	30	204	116870	776556	0
Murli	4	636	258760	864171	0
Murli Bari Tola	33	314	264190	833953	0
Murli Bharahwa	4	457	271819	844885	0
Murli Bharahwa	4	457	271916	845011	0
Murli Bigha	4	507	251182	851030	0
Murli Chak	33	33	257653	825979	0
Murli Chak	13	477	324262	752565	0
Murli Chandua	4	632	256473	869716	0
Murli Chapra	33	516	257237	845039	0
Murli Chhapra	33	539	269591	837375	0
Murli Jot	33	522	269870	823367	0
Murli Jot	33	152	268024	827557	0
Murli ka Pura	19	322	266052	787376	0
Murli ka Purwa	33	688	259825	816990	0
Murli Math	4	520	262016	848319	0
Murli Nagla	33	116	278355	793871	0
Murli Nagla	33	661	275415	794671	0
Murli Nagla	33	613	283303	780205	0
Murli Nizamat	4	382	265240	847112	0
Murli Pahari	4	106	246334	853136	0
Murli Purwa	33	522	271672	817921	0
Murli Sirsia	4	520	258730	849334	0
Murli Tola	20	390	214979	798140	0
Murlia	33	269	272052	825273	0
Murlia	4	560	265556	858009	0
Murliatanrtoli	14	732	239376	858729	0
Murlibahal	25	572	207153	826925	0
Murlibari	33	496	272020	836705	0
Murlidarwan	4	718	252837	837067	0
Murlidhar	33	389	270363	787198	0
Murlidharpur	33	526	273194	781756	0
Murlidih	6	669	219890	823901	0
Murlidih	6	669	219407	825167	0
Murlidih	6	388	218762	829089	0
Murlidih	14	570	247939	872108	0
Murliganj	33	31	268114	813409	0
Murliganj	33	659	274070	801925	0
Murligarh	4	495	252982	851898	0
Murliguda	20	-1	192372	799248	0
Murliguda	31	90	191620	793622	0
Murligudem	31	346	190756	788307	0
Murligudem	6	577	178252	813333	0
Murligura	31	160	192683	794415	0
Murlihai	19	313	250274	807100	0
Murlikhera	19	446	221456	771707	0
Murlikot	33	584	253729	818239	0
Murlimoi	25	273	194443	831790	0
Murlinagar	31	62	170272	783954	0
Murlipahari	4	505	244820	863780	0
Murlipali	25	290	216985	834766	0
Murliponri	19	503	229045	792860	0
Murlipur	33	710	263792	793550	0
Murlipur	33	645	265817	798852	0
Murlipur	33	645	263800	796837	0
Murlipur	33	645	262876	798780	0
Murlipur	33	645	261158	798923	0
Murlipur	11	500	283677	765036	0
Murlipur	33	33	256495	829090	0
Murlipur	4	394	248687	839064	0
Murlipur	33	532	264725	827048	0
Murlipur	4	520	260610	848895	0
Murlipur	4	520	260620	848738	0
Murlipur	4	636	260544	864528	0
Murlipur Gulab	33	672	290031	776371	0
Murlipur Phul	33	672	289292	777892	0
Murlipura	28	463	272611	764682	0
Murlipura	28	463	272748	766290	0
Murlipura	28	120	269661	757632	0
Murlipura	28	120	267999	758860	0
Murliramtola	4	602	252892	878213	0
Murlitola	14	712	241911	836129	0
Murlitola	4	510	255899	858759	0
Murliwala	33	492	292518	788001	0
Murliya	28	402	250540	746653	0
Murliya	28	298	251868	747996	0
Murliya	28	402	251328	748251	0
Murliya Bigha	4	117	247663	849372	0
Murlugudem	25	108	178850	814522	0
Murma	14	673	241919	840953	0
Murma	14	541	234446	851298	0
Murma	14	541	233332	852670	0
Murma	14	673	239113	842833	0
Murma Kalan	14	673	243391	838853	0
Murma Kalan	14	673	243444	838591	0
Murma Kalan	14	673	243387	838710	0
Murma Kalan	14	673	242013	839289	0
Murma Kalan	6	578	189461	820083	0
Murma Khurd	14	673	243295	838901	0
Murma Khurd	14	673	241995	839253	0
Murma Khurd	6	578	189480	820222	0
Murmala	4	491	262211	879374	0
Murmar	33	102	243072	832521	0
Murmargu	31	90	191203	789428	0
Murmari	19	325	219964	789577	0
Murmari	20	139	212988	795573	0
Murmari	20	390	208332	798939	0
Murmari	20	110	202531	796570	0
Murmari	20	168	212935	798676	0
Murmari	20	110	201691	797428	0
Murmari	19	142	216848	801491	0
Murmari	20	134	202769	801626	0
Murmari	20	134	204543	803727	0
Murmari	20	168	209136	805349	0
Murmari Hamesha	20	390	209445	798369	0
Murmari Tufkar	20	390	209710	799006	0
Murmaritola	20	390	209794	799028	0
Murmaritola	20	134	202709	801636	0
Murmatanrtoli	14	541	235992	849575	0
Murmer	6	80	189539	806900	0
Murmer	6	80	189584	806803	0
Murmi	20	139	209611	794003	0
Murmi	20	54	201555	743566	0
Murmidang	35	551	271248	881759	0
Murmu	14	740	236516	844898	0
Murmunda	6	455	213239	811699	0
Murmunda	6	275	213086	814623	0
Murmunda	6	455	211393	807899	0
Murmundatola	6	455	211450	807879	0
Murmur	6	725	226988	820840	0
Murmur	31	717	188270	793772	0
Murmuri	6	393	213243	832360	0
Murmusi	14	673	240586	841976	0
Murmuta	14	377	236209	857178	0
Murn	13	690	326938	749641	0
Murna	14	434	243376	859435	0
Murnar	6	676	200053	812334	0
Murniatoli	14	678	239543	848367	0
Murnibera	14	434	240109	861710	0
Murokur	13	477	327195	757350	0
Muroli	28	402	250750	744191	0
Muroli	28	402	250421	749311	0
Murong	33	278	267716	787952	0
Murot	28	288	281349	755251	0
Murotha	13	477	327382	756554	0
Murpa	14	498	237544	856904	0
Murpa	14	377	237298	855179	0
Murpa	14	498	237468	856834	0
Murpa	14	377	236042	857382	0
Murpa	14	541	230911	856248	0
Murpa	14	740	233351	846739	0
Murpa	14	678	237655	848876	0
Murpad	20	141	204598	789137	0
Murpahar	6	393	212410	827986	0
Murpali	33	196	246757	823095	0
Murpali	19	607	245249	823901	0
Murpar	20	168	211812	804201	0
Murpar	19	326	234901	782918	0
Murpar	6	455	212611	811312	0
Murpar	6	275	214148	811895	0
Murpar	6	365	214538	820675	0
Murpar	6	627	205598	815493	0
Murpar	6	627	206490	815745	0
Murpar	6	676	202817	816425	0
Murpar	6	455	210178	810871	0
Murpar	6	275	211190	814251	0
Murpar	20	110	205515	792927	0
Murpar	20	110	204824	792049	0
Murpar	20	110	204025	795205	0
Murpar	20	110	204157	798690	0
Murpar	20	168	213088	798562	0
Murpar	20	110	202426	797151	0
Murpar	19	337	238867	802680	0
Murpar	6	642	207915	814192	0
Murpar	6	676	203683	814799	0
Murpar	20	168	215507	802313	0
Murpar	20	168	212423	800796	0
Murpar	20	168	210077	803300	0
Murpar	20	168	210373	804414	0
Murpar	6	279	220992	823334	0
Murpar	6	669	220121	824929	0
Murpar	6	455	211475	808115	0
Murpar	6	279	219582	822713	0
Murpar	6	669	217918	824278	0
Murpar	6	669	219090	825137	0
Murpar	6	669	218620	825746	0
Murpar	6	669	219779	827296	0
Murpar	6	365	217108	825030	0
Murpar	6	669	217389	826509	0
Murpar	6	611	216989	827157	0
Murpar	6	388	217612	829669	0
Murpar	6	611	216149	829189	0
Murpar	6	393	210961	821373	0
Murpar	6	620	207323	805926	0
Murpar	6	642	206760	809139	0
Murpar	6	681	217363	815553	0
Murpar	6	365	216350	819047	0
Murpar	6	611	216431	830174	0
Murpar	6	611	216090	831182	0
Murpar Kalan	6	681	215020	816116	0
Murpar Khurd	6	681	215359	816420	0
Murpar Tola	20	168	213189	798576	0
Murparo	19	512	239195	799748	0
Murpartola	6	455	211475	808012	0
Murpatanr	14	434	240800	860712	0
Murphora	33	561	254383	825088	0
Murphori	33	174	276016	778322	0
Murphurwa	33	282	274594	816270	0
Murpiral	31	240	176556	795830	0
Murra	33	548	271376	797741	0
Murra	33	645	267401	799227	0
Murra	6	275	212718	814924	0
Murra	6	299	214526	816321	0
Murra	6	299	211441	816099	0
Murra	19	325	218216	790586	0
Murra	33	645	264809	797414	0
Murra	6	299	214272	818641	0
Murra	28	550	252243	740752	0
Murra	33	548	269539	794392	0
Murraguda	1	194	190157	836954	0
Murraguda	25	349	194437	839216	0
Murrai	19	338	234365	789635	0
Murrai	19	576	233722	798432	0
Murramata	19	324	242605	774398	0
Murramdih	6	627	205705	817945	0
Murramkhap	19	461	225430	804365	0
Murramkondapalli	1	-1	135750	783953	0
Murrawa	28	263	262570	740232	0
Murrepalle	25	108	180679	816121	0
Murri	33	645	267397	799091	0
Murri	19	142	216821	803143	0
Murrigowdachattra	15	603	125802	774312	0
Murrigudem	31	90	191240	789637	0
Murro	14	434	240812	859960	0
Mursaidpur	33	566	283960	775240	0
Mursaina	33	531	288996	790612	0
Mursaina	33	389	273124	782767	0
Mursainiya	33	174	275057	778166	0
Mursana	33	613	284079	779685	0
Mursawan	33	682	274024	783769	0
Murshadpur	33	724	286160	777437	0
Murshadpur	33	553	292632	783773	0
Murshidabad	33	654	260747	810631	0
Murshidabad	33	329	283948	793163	0
Murshidpur	33	724	286396	777926	0
Murshidpur	20	48	179846	764969	0
Mursia	34	617	289982	797395	0
Mursilganj	33	389	273250	784614	0
Mursua	25	281	217301	858104	0
Mursuan	25	281	217837	855607	0
Mursundi	25	297	209153	840870	0
Mursundi	25	372	208516	842906	0
Murta	6	681	219093	816500	0
Murta	33	102	241081	831622	0
Murta	19	576	233985	800384	0
Murta	19	576	234628	801500	0
Murta	19	449	226660	810229	0
Murta	19	512	240171	799925	0
Murtala	19	646	243427	814655	0
Murtala	19	646	243404	814508	0
Murtalaguda	25	349	191598	836149	0
Murtamal	6	80	182297	809526	0
Murtanda	6	577	184441	816408	0
Murtandang	14	276	224216	859743	0
Murtaza Alinagar	33	312	278670	801889	0
Murtaza Patti	33	532	263748	826117	0
Murtazabad	33	697	287658	773873	0
Murtazabad	33	33	256936	828433	0
Murtazabad	33	532	263035	826901	0
Murtazaguda	31	62	173106	782829	0
Murtazanagar	33	659	276305	798018	0
Murtazanagar	33	645	261737	799886	0
Murtazanagar	33	31	269721	811369	0
Murtazanagar	33	329	284168	796232	0
Murtazanagar	33	31	270398	811092	0
Murtazapur	11	482	299823	766672	0
Murtazapur	33	-1	250436	803783	0
Murtazapur	33	27	256360	838106	0
Murtazapur	33	685	266141	811689	0
Murtazapur	33	532	264536	825985	0
Murtazapur	33	637	263681	815297	0
Murtazapur	4	569	261656	860704	0
Murtazapur	4	602	254931	878243	0
Murtazapur	4	136	258707	857451	0
Murtazapur	4	581	253821	856616	0
Murtazapur	33	312	278163	802619	0
Murtazapur Dumri	4	687	258253	855736	0
Murtazapur Makund	4	687	257260	856085	0
Murtazapur Mazra	33	431	301591	776283	0
Murtazenagar	33	488	273064	811775	0
Murtazenagar	33	488	273048	811713	0
Murtemmapeta	1	6	150436	800445	0
Murtha	19	461	225142	811600	0
Murthal	11	466	290402	770927	0
Murthala	28	23	245148	728138	0
Murthan	4	520	257404	851236	0
Murthanan	33	488	276441	810123	0
Murthar Alipur	33	526	273719	782746	0
Murthua	4	136	256433	862694	0
Murti	20	139	211900	785084	0
Murti	20	53	193613	760784	0
Murti	20	110	197023	794725	0
Murti	20	67	198025	790229	0
Murti	20	112	205847	759611	0
Murti Dogri	12	460	312198	779396	0
Murtia	33	102	247891	825961	0
Murtia	4	457	270586	843916	0
Murtia	4	382	269209	849621	0
Murtia	4	106	246433	854267	0
Murtia	14	454	243412	855388	0
Murtiapuram	30	186	83647	776024	0
Murtiatanr	14	379	240455	847628	0
Murtiatoli	14	678	237668	847226	0
Murtiatoli	14	678	236934	846920	0
Murtiganatinna	30	215	128153	778632	0
Murtiganur	1	207	133022	790697	0
Murtiha	19	497	247176	821102	0
Murtiha	19	646	245136	822107	0
Murtiha	33	595	277425	817310	0
Murtiha	33	31	266745	812939	0
Murtiha	33	31	269553	816564	0
Murtiha Kalan	33	595	276313	819618	0
Murtiha Khurd	33	595	276361	819634	0
Murtihai	19	313	242535	813306	0
Murtihwa	33	595	278248	820688	0
Murtijapur	20	132	209940	781147	0
Murtijapur	20	132	211367	772318	0
Murtijapur	20	132	207185	779870	0
Murtikapa	6	279	222657	818797	0
Murtikuppam	30	-1	117906	797876	0
Murtili	25	349	196329	834819	0
Murtili	25	349	193809	835719	0
Murtili	25	349	194541	836627	0
Murtinayakanahalli	15	352	147881	762892	0
Murtinayakkanpatti	30	223	113036	781351	0
Murtinayakkanpatti	30	118	93160	777337	0
Murtinayakkanpatti	30	183	103192	779664	0
Murtinayakkanpatti	30	189	98311	774310	0
Murtinayakkanvalasu	30	227	109052	777451	0
Murtinayanipalli	1	207	131799	792215	0
Murtipalaiyam	30	427	110321	780180	0
Murtipalle	1	426	141181	781438	0
Murtipettai	30	197	121933	796511	0
Murtippatti	30	223	112177	780288	0
Murtireddipalaiyam	30	227	110129	775660	0
Murtireddiyur	30	204	115474	776916	0
Murtisvaram	30	201	90050	776951	0
Murtiyambalpuram	30	254	107167	792872	0
Murtiyan	30	369	111155	793524	0
Murtiyur	30	180	126068	785919	0
Murtkum	15	59	145132	746088	0
Murto	14	541	234517	849248	0
Murto	14	541	233515	849846	0
Murtuzapalle	1	221	144708	788393	0
Murtuzapur	19	317	218443	757652	0
Muru	12	267	317138	772146	0
Muru	6	279	220028	820197	0
Muru	14	678	238630	841575	0
Muru	14	673	239361	841070	0
Muru	14	678	237307	842341	0
Murua	33	575	263566	820670	0
Murua	4	734	250585	847561	0
Murubanda	14	377	235847	856312	0
Murubar	14	673	240394	842438	0
Muruchkel	14	416	230176	849997	0
Murud	20	156	184052	762398	0
Murud	20	226	177714	731198	0
Murud	14	416	229330	853385	0
Muruda	25	368	218450	869959	0
Murudih	14	628	229017	856760	0
Murudipanga	25	373	200115	842172	0
Murugaiyapuram	30	118	95896	781735	0
Murugakavundanpalaiyam	30	223	112167	779965	0
Murugakkonpatti	30	193	105630	786278	0
Murugali	30	154	102990	768610	0
Murugam	30	51	115522	785546	0
Murugamangalam	30	192	125194	792796	0
Murugamangalam	30	198	111157	795550	0
Murugampalaiyam	30	227	111683	771902	0
Murugampalaiyam	30	204	112778	774998	0
Murugampalaiyam	30	227	111263	772731	0
Murugampalaiyam	30	204	112452	775250	0
Murugampalaiyam	30	204	111927	775430	0
Murugampalaiyam	30	204	111849	775955	0
Murugampalaiyam	30	227	110462	777111	0
Murugampalaiyam	30	204	110375	778525	0
Murugampatti	30	109	122381	782449	0
Murugampatti	30	215	123307	784222	0
Murugampatti	30	51	116401	780375	0
Muruganayakkanur	30	183	106342	780122	0
Muruganayakkanur	30	427	106812	779435	0
Muruganendal	30	5	98010	789799	0
Murugankudi	30	175	114225	792757	0
Murugankurichchi	30	186	87293	777375	0
Muruganpalaiyam	30	204	111945	776623	0
Muruganpalaiyam	30	227	110710	776226	0
Muruganpatti	30	264	99728	784180	0
Muruganpatti	30	183	102624	779097	0
Muruganvalasu	30	183	106296	774328	0
Murugappadi	30	192	125305	791620	0
Murugavadhe	15	333	136542	753898	0
Murugavadhe	15	333	136913	753939	0
Murugdih	14	628	229212	859203	0
Murugeshpalya	15	43	129576	776562	0
Muruguda	1	194	185488	838972	0
Murugummi	1	195	152513	796188	0
Murukadi	16	249	96174	771385	0
Murukahi	4	727	256526	863878	0
Murukahi	4	727	256067	864309	0
Murukalanattam	30	109	124442	781072	0
Murukampadi	30	114	115446	763372	0
Murukampatti	30	109	122991	781950	0
Murukampatti	30	215	123176	784349	0
Murukampatti	30	109	122486	783448	0
Murukantangal	30	197	123547	793585	0
Murukeri	30	159	126539	797445	0
Murukh Budrukh	20	182	217673	741062	0
Murukh Khurd	20	182	217601	741141	0
Murukkam	30	197	120998	797002	0
Murukkaman	16	528	88493	768769	0
Murukkamandai	30	192	126520	790370	0
Murukkambadi	30	376	120512	790796	0
Murukkambakkam	30	238	124779	799664	0
Murukkambattu	1	207	132464	791184	0
Murukkampatti	30	109	121753	783144	0
Murukkampatti	30	260	104773	785194	0
Murukkampattu	30	184	129790	789674	0
Murukkandal	30	192	125420	793072	0
Murukkangudi	30	254	109498	794536	0
Murukkangudi	30	254	108503	791772	0
Murukkangudi	30	255	113186	789906	0
Murukkanjeri	30	220	130963	799779	0
Murukkanjeri	30	238	125111	799400	0
Murukkankadu	30	227	109487	776467	0
Murukkankattuppudur	30	227	109433	776488	0
Murukkappatti	30	436	102733	785071	0
Murukkari	30	192	125886	795292	0
Murukkattampundi	30	192	126940	794667	0
Murukkeri	30	192	125538	796948	0
Murukkeri	30	197	122033	798381	0
Murukkur	30	260	108192	787807	0
Murukkurani	30	436	98737	786899	0
Murukmanai	14	454	244322	858344	0
Murukondapadu	1	212	159174	804131	0
Murukuchu	19	512	243325	803153	0
Murukukondiapalli	1	207	136777	790562	0
Murukungal	16	232	103842	763850	0
Murukur	30	260	111728	785696	0
Murulidanga	35	347	240403	877283	0
Murulya	15	55	126928	754096	0
Murum	20	64	180655	743056	0
Murum	6	490	216805	808658	0
Murum	14	541	234779	853463	0
Murum	14	276	225894	858926	0
Murumatu	14	732	240189	856344	0
Murumbura	14	276	224034	855334	0
Murumbura	14	276	224104	855550	0
Murumburu	14	276	228542	853204	0
Murumdag	14	379	242426	851530	0
Murumdih	14	628	228719	856580	0
Murumdih	14	628	226218	859972	0
Murumgara	14	541	234881	851639	0
Murumkel	25	478	213670	835359	0
Murumkela	14	310	230397	843684	0
Murumkela	14	310	230080	849243	0
Murumkela	14	310	229495	846599	0
Murumkheda	20	53	196948	763969	0
Murumsokra	14	310	231188	845192	0
Murumtara	6	627	203584	817728	0
Murunara	6	374	223278	828383	0
Murungai	30	158	129978	797240	0
Murungai	30	238	123373	797250	0
Murungai	30	260	110436	782131	0
Murungaikalattur	30	260	110574	782356	0
Murungapalaiyam	30	227	111167	773300	0
Murungapatti	30	260	113667	784914	0
Murungappakkam	26	191	119067	798067	0
Murungappatti	30	227	106795	772697	0
Murungappatti	30	223	114300	781817	0
Murungattoluvu	30	204	111651	776411	0
Murunna	34	179	304707	797047	0
Murup	14	541	230985	850270	0
Murup	14	678	238217	845976	0
Murup	14	628	227568	858919	0
Murupiri	14	541	236162	850580	0
Murupiri	14	541	235849	850886	0
Murupunutla	31	100	165778	788951	0
Murupunutla	31	100	165700	788959	0
Murur	15	59	144658	747616	0
Murur	15	59	144490	744778	0
Murureddivaripalem	1	6	149350	796879	0
Mururu	15	248	132736	749848	0
Mururu	15	248	138006	747357	0
Muruskasai	25	373	202588	842970	0
Murusupalle	1	190	137404	781227	0
Muruthdih	14	541	232249	857207	0
Muruttan	30	114	114616	767657	0
Murvalli	15	333	139294	748088	0
Murwa	33	659	272403	797692	0
Murwa	33	685	269309	810282	0
Murwa	33	532	263443	826823	0
Murwa	4	520	261466	848798	0
Murwa Basahiya	4	520	261517	848922	0
Murwa Khas	4	520	260482	847870	0
Murwadhoda	6	374	226992	824483	0
Murwadih	4	505	244806	864385	0
Murwahi	20	110	201128	796755	0
Murwahi	6	517	220398	810290	0
Murwai Kalan	14	678	237661	840928	0
Murwai Khurd	14	678	237702	840852	0
Murwaka	33	174	279075	776069	0
Murwal	33	444	255181	805579	0
Murwal	33	27	255696	834797	0
Murwala	4	632	258717	867401	0
Murwan	33	444	252958	804046	0
Murwan	4	363	252961	845201	0
Murwan	33	659	275224	802193	0
Murwapura	19	568	223794	778939	0
Murwar	4	615	261703	846334	0
Murwara	20	134	196791	806242	0
Murwara	19	638	251100	794248	0
Murwara	19	208	234602	778122	0
Murwara	19	638	251731	800405	0
Murwara	4	569	259052	860936	0
Murwari	19	512	243406	802893	0
Murwari	19	512	243321	802831	0
Murwaria	4	663	252053	859457	0
Murwariya	4	567	252352	861157	0
Murwas	19	208	240675	775084	0
Murwatri ki Bhagal	28	550	252038	737809	0
Murwe	14	541	235330	851304	0
Murwe	14	379	240282	849705	0
Muryari	33	516	259082	841701	0