Nagla Gabhwai	33	116	279246	791770	0
Nagla Gadaria	33	682	274280	782312	0
Nagla Gadaria	33	682	274429	782807	0
Nagla Gadaria	33	682	277000	786031	0
Nagla Gadaria	33	389	271363	786093	0
Nagla Gadaria	33	389	270072	787474	0
Nagla Gadaria	33	389	270021	786961	0
Nagla Gadaria	33	445	272095	789236	0
Nagla Gadaria	33	445	270579	787827	0
Nagla Gadaria	33	445	273063	790598	0
Nagla Gadaria	33	682	274574	788642	0
Nagla Gadaria	33	445	273773	789733	0
Nagla Gadaria	33	445	272950	789343	0
Nagla Gadaria	33	389	274565	786415	0
Nagla Gadaria	33	389	273162	785478	0
Nagla Gadaria	33	661	275268	793983	0
Nagla Gadarian	33	445	271173	792570	0
Nagla Gadarian	33	526	272810	780621	0
Nagla Gadarian	33	682	276033	785267	0
Nagla Gadarian	33	445	271376	789024	0
Nagla Gadarian	33	445	271507	788828	0
Nagla Gadarian	33	445	271434	788409	0
Nagla Gadarian	33	593	277276	787907	0
Nagla Gadarian	33	593	275988	789143	0
Nagla Gadarian	33	593	275922	788711	0
Nagla Gadarian	33	682	275302	788407	0
Nagla Gadarian	33	682	274463	790813	0
Nagla Gadarian	33	445	273799	790426	0
Nagla Gadarian	33	661	273742	792748	0
Nagla Gadarian	33	661	273528	792762	0
Nagla Gadarian	33	661	272570	793403	0
Nagla Gadarian	33	661	272592	793692	0
Nagla Gadarian	33	661	273046	794037	0
Nagla Gadarian	33	661	273351	794954	0
Nagla Gadarian	33	661	273614	794137	0
Nagla Gadarian	33	661	274291	793986	0
Nagla Gadarian	33	661	274476	794693	0
Nagla Gadarian	33	661	272420	795592	0
Nagla Gadarian	33	548	270810	795432	0
Nagla Gadarian	33	682	274876	789242	0
Nagla Gadarian	33	445	272689	787402	0
Nagla Gadarian	33	445	271083	790806	0
Nagla Gadarian	33	445	271732	791676	0
Nagla Gadariya	33	278	269113	790027	0
Nagla Gadariya	33	174	277334	777108	0
Nagla Gadariya	33	523	280171	785643	0
Nagla Gadariyan	33	445	272846	788166	0
Nagla Gadaryan	33	526	271752	778043	0
Nagla Gaderiyan	33	278	267663	791705	0
Nagla Gadh	33	661	273333	793125	0
Nagla Gadora	33	445	271485	788688	0
Nagla Gadria	33	644	275687	783718	0
Nagla Gadria	33	593	278996	787066	0
Nagla Gadrian	33	278	269087	789469	0
Nagla Gahiar	33	445	272084	790609	0
Nagla Gaj	33	389	271734	786587	0
Nagla Gajasingh	33	445	271793	791381	0
Nagla Gajia	33	682	273583	787214	0
Nagla Gajju	33	724	285824	776813	0
Nagla Gajju	33	174	274583	775677	0
Nagla Gajju	33	445	271904	788474	0
Nagla Gajju	33	389	273267	785867	0
Nagla Gajjupura	33	445	270337	788826	0
Nagla Gaju	33	445	271188	790316	0
Nagla Gajua	33	644	275887	779846	0
Nagla Galu	33	682	275146	786096	0
Nagla Galwa	33	682	274701	785552	0
Nagla Gandauli Khera	33	445	271150	789159	0
Nagla Gandi	33	644	277951	784647	0
Nagla Gandu	33	661	274036	793084	0
Nagla Ganesh	33	531	288735	791051	0
Nagla Ganesh	33	593	277169	789902	0
Nagla Ganesh	33	659	276627	799672	0
Nagla Ganeshi	33	566	281799	776099	0
Nagla Ganeshpur	33	389	270830	785859	0
Nagla Ganga	33	682	274330	782356	0
Nagla Ganga	33	682	274193	784504	0
Nagla Ganga	33	682	274004	783387	0
Nagla Ganga	33	174	276015	777844	0
Nagla Ganga Ram	33	682	276617	786432	0
Nagla Ganga Ram	33	445	270739	787945	0
Nagla Ganga Ram	33	445	270007	788946	0
Nagla Gangadhar	33	174	272912	778258	0
Nagla Gangapur	33	523	280201	776331	0
Nagla Gangapur	33	613	283093	782744	0
Nagla Gangaram	33	526	272289	781931	0
Nagla Gangaram	33	389	272768	782688	0
Nagla Gangaram	33	389	272607	786535	0
Nagla Gange	33	548	270736	794844	0
Nagla Gange	33	389	272344	786752	0
Nagla Gange	33	389	271804	786719	0
Nagla Gange	33	389	269899	787608	0
Nagla Gangi	33	389	274129	784853	0
Nagla Gangi	33	593	276356	789737	0
Nagla Gangi	33	682	274024	792228	0
Nagla Gangi	33	682	274315	787661	0
Nagla Gangi	33	278	269680	793050	0
Nagla Gangi Singh	33	116	278825	789591	0
Nagla Gangora	33	445	273004	791216	0
Nagla Ganja	33	593	278251	789051	0
Nagla Ganji	33	682	274417	792589	0
Nagla Ganna	33	553	293715	785097	0
Nagla Ganpat	33	593	278391	788380	0
Nagla Ganpat	33	593	276116	788422	0
Nagla Gansahai	33	661	272178	794574	0
Nagla Garan	33	682	274312	791290	0
Nagla Gararia	33	526	273765	781705	0
Nagla Garariya	33	644	273976	779283	0
Nagla Gardhari	33	445	273024	792662	0
Nagla Garha	33	682	273911	792193	0
Nagla Garha	33	686	265598	793059	0
Nagla Garhe	33	526	271225	781276	0
Nagla Garhi	33	445	271397	792636	0
Nagla Garhi	33	593	276475	787456	0
Nagla Garhi	33	682	276373	786872	0
Nagla Garhi	33	389	271013	787441	0
Nagla Garhi	33	445	272454	788380	0
Nagla Garhi	33	389	269791	788073	0
Nagla Garhi	33	593	276894	790967	0
Nagla Garhi	33	445	271162	790396	0
Nagla Garhi	33	445	271084	790992	0
Nagla Garhi	33	661	275051	793039	0
Nagla Garhi Asar	33	445	272337	789176	0
Nagla Garhi Lalpur	33	682	274351	789587	0
Nagla Garhia	33	389	271445	785803	0
Nagla Garhia	33	389	270590	785004	0
Nagla Garhia	33	523	279320	781994	0
Nagla Garhia	33	445	272288	788335	0
Nagla Garhia	33	445	272462	788844	0
Nagla Garhia	33	445	271427	789509	0
Nagla Garhia	33	661	273400	794530	0
Nagla Garhia	33	682	274862	789959	0
Nagla Garhia	33	445	272403	790726	0
Nagla Garhia	33	445	271852	790471	0
Nagla Garhiasipa	33	174	274435	775035	0
Nagla Garhiman	33	526	272369	776779	0
Nagla Garhiya	33	682	276370	789933	0
Nagla Garhu	33	445	271538	792632	0
Nagla Garhu	33	445	273412	790016	0
Nagla Garhua	33	523	276799	778845	0
Nagla Garhwa	33	389	273869	786642	0
Nagla Gariwar	33	445	271048	791698	0
Nagla Garnu	33	644	277063	780374	0
Nagla Gasain	33	445	273307	788893	0
Nagla Gathalia	33	526	270262	779153	0
Nagla Gathuli	28	113	270397	775439	0
Nagla Gaur	33	278	267295	789686	0
Nagla Gaur	33	593	276560	790704	0
Nagla Gaur	33	389	269704	787004	0
Nagla Gawardhan	33	526	273382	782321	0
Nagla Gawe	33	445	269885	793372	0
Nagla Gaya	33	526	272064	781604	0
Nagla Gehun	33	389	272193	785888	0
Nagla Ghag	33	661	274635	796996	0
Nagla Ghalami	33	389	272653	782808	0
Nagla Ghalli	33	445	272918	789144	0
Nagla Ghamaran	33	389	272830	786639	0
Nagla Ghan Sundarpur	33	445	272024	789257	0
Nagla Ghana	33	445	272235	788106	0
Nagla Ghani	33	389	272482	786606	0
Nagla Ghani	33	445	274120	788677	0
Nagla Ghansham	33	389	271754	785030	0
Nagla Ghanshiam	33	682	274960	783192	0
Nagla Ghanshiam	33	682	276122	786414	0
Nagla Ghanshyam	33	116	279982	787249	0
Nagla Ghanwa	33	526	271051	778777	0
Nagla Gharana	33	682	277673	785888	0
Nagla Gharib	33	682	274609	784514	0
Nagla Ghariba	33	644	274427	779571	0
Nagla Gharu	33	174	273714	775461	0
Nagla Ghasi	33	445	270185	792720	0
Nagla Ghasi	33	278	268021	791440	0
Nagla Ghasi	33	445	270177	788322	0
Nagla Ghasi	33	644	277765	784557	0
Nagla Ghata	28	113	275893	772831	0
Nagla Ghatampur	33	644	274667	779539	0
Nagla Ghauspur	33	389	270823	786004	0
Nagla Ghinauna	33	593	278713	785720	0
Nagla Ghisa	33	174	275054	775777	0
Nagla Ghorila	33	526	270329	778671	0
Nagla Ghosipura	33	389	274379	786117	0
Nagla Ghuasi	33	445	271111	791027	0
Nagla Ghure	33	174	276755	777153	0
Nagla Ghurwa	33	661	272969	793812	0
Nagla Gijrauli	33	644	274033	779711	0
Nagla Ginti	33	445	272278	791979	0
Nagla Girand	33	445	270940	789125	0
Nagla Girand	33	661	273711	792970	0
Nagla Girand	33	445	270835	791462	0
Nagla Girdhar	33	526	273803	782491	0
Nagla Girdhar	33	682	274076	791373	0
Nagla Girdhar	33	445	270151	790587	0
Nagla Girdhare	33	523	279158	784348	0
Nagla Girdhari	33	682	274069	782098	0
Nagla Girdhari	33	526	271748	780922	0
Nagla Girdhari	33	644	276111	779982	0
Nagla Girdhari	33	523	279550	781341	0
Nagla Girdhari	33	682	275809	789773	0
Nagla Girdhari	33	682	275860	788243	0
Nagla Girdhari	33	445	272774	792308	0
Nagla Girdhari	33	389	271508	783207	0
Nagla Girdhari	33	661	275941	792724	0
Nagla Girdharipur	33	686	265734	792938	0
Nagla Girwar	33	526	268613	775084	0
Nagla Girwar	33	389	273359	786935	0
Nagla Gobal	33	682	275122	789567	0
Nagla Gobar	33	682	276269	785076	0
Nagla Gobardhan	33	593	276381	789283	0
Nagla Gobind	33	682	274237	782910	0
Nagla Gobind	33	661	274344	792922	0
Nagla Gobindpur	33	613	283262	776936	0
Nagla Godam	33	682	274760	788229	0
Nagla Godam	33	661	275443	793863	0
Nagla Gode	33	278	267676	792058	0
Nagla Godhe	33	593	275964	789451	0
Nagla Godhu	33	593	278424	785825	0
Nagla Godi	33	682	276130	784758	0
Nagla Godi	33	682	275041	783141	0
Nagla Godi	33	593	278311	786328	0
Nagla Gokal	33	445	270777	793850	0
Nagla Gokal	33	682	275771	786592	0
Nagla Gokal	33	445	270126	788547	0
Nagla Gokal	33	389	273807	786621	0
Nagla Gokalpur	33	445	271859	789499	0
Nagla Gokul	33	682	274362	783015	0
Nagla Gokul	33	682	274369	783603	0
Nagla Gokul	33	389	271176	783964	0
Nagla Gola	33	174	273752	775445	0
Nagla Gola	33	526	271511	781361	0
Nagla Gola	33	389	271869	783600	0
Nagla Gola	33	686	268836	793810	0
Nagla Golu	33	682	275582	788264	0
Nagla Gonda	33	445	270664	792344	0
Nagla Gondela	33	445	272031	787439	0
Nagla Gopa	33	644	273847	779452	0
Nagla Gopal	28	113	271980	775461	0
Nagla Gopal	33	523	276850	779937	0
Nagla Gopal	33	445	272400	789187	0
Nagla Gopal	33	445	271042	788042	0
Nagla Gopal	33	445	270671	788994	0
Nagla Gopal	33	593	276976	789212	0
Nagla Gopal	33	682	275052	783931	0
Nagla Gopalpur	33	445	272072	788808	0
Nagla Gopalpur	33	644	277054	784822	0
Nagla Gopinath	28	113	276176	772345	0
Nagla Gopinath	33	389	270418	786787	0
Nagla Gosain	33	445	271446	790562	0
Nagla Gosain	33	661	275279	792561	0
Nagla Gosha	33	389	274436	785730	0
Nagla Goshain	33	672	290252	780060	0
Nagla Govindpur	33	174	274863	775813	0
Nagla Gudar	33	174	275740	777379	0
Nagla Gudar	33	389	272818	785352	0
Nagla Gudoriya	33	682	274495	785469	0
Nagla Gujar	33	-1	270238	776901	0
Nagla Gujar	33	492	285343	787020	0
Nagla Gujjar	33	593	278815	787220	0
Nagla Gujra	33	445	270271	793609	0
Nagla Gujran	11	741	283615	772672	0
Nagla Gul	33	445	270803	793164	0
Nagla Gulab	33	445	271777	792870	0
Nagla Gulab	33	661	273033	793559	0
Nagla Gulab	33	526	269168	776308	0
Nagla Gulab	33	445	272911	787348	0
Nagla Gulab	33	278	266824	792923	0
Nagla Gulabi	28	113	272427	776012	0
Nagla Gulabi	33	593	276376	789307	0
Nagla Gulabi	33	682	275593	788756	0
Nagla Gulabi	33	644	276926	783486	0
Nagla Gulabi	33	445	272267	791308	0
Nagla Gulabpur	33	445	271818	788517	0
Nagla Gulabpur	33	644	276793	784855	0
Nagla Gulabpur	33	644	276227	784889	0
Nagla Gulal	33	445	272456	788401	0
Nagla Gulal	33	445	271545	789300	0
Nagla Gulal	33	682	274456	792374	0
Nagla Gulal	33	389	269574	786573	0
Nagla Gulami	33	593	278097	786274	0
Nagla Gular	33	644	273803	779481	0
Nagla Gularia	33	661	272238	793603	0
Nagla Gularia	33	593	276647	787347	0
Nagla Gularia	33	682	275979	787288	0
Nagla Gularia	33	682	274110	791963	0
Nagla Gularia	33	644	275670	781298	0
Nagla Gularia	33	523	278771	784272	0
Nagla Gularia	33	593	278775	785477	0
Nagla Gularia	33	593	278410	785238	0
Nagla Gularia	33	389	273541	786559	0
Nagla Gulariya	33	389	274218	785915	0
Nagla Gulzari	33	389	270173	785686	0
Nagla Guman Singh	33	526	268138	785898	0
Nagla Gumani	33	645	266094	798537	0
Nagla Gumani	33	389	273862	783576	0
Nagla Gumani	33	389	273143	784538	0
Nagla Gumani	33	682	277367	786266	0
Nagla Gumani	33	523	278944	784253	0
Nagla Gumani	33	593	278795	786536	0
Nagla Gumani	33	523	278418	785069	0
Nagla Gumani	33	682	274799	785594	0
Nagla Gumani	33	445	271589	791998	0
Nagla Gundha	33	445	271736	793100	0
Nagla Gungha	33	451	276807	794092	0
Nagla Gunja	33	389	269990	785722	0
Nagla Gurdayal	33	661	274942	793639	0
Nagla Gurguri	33	593	278134	787367	0
Nagla Gurha	33	278	267817	791219	0
Nagla Gurhi	33	445	271937	788044	0
Nagla Gurjiaburj	33	174	272803	778112	0
Nagla Gusain	33	593	279376	786622	0
Nagla Gusain	33	686	268319	794985	0
Nagla Gwaliar	33	389	271189	787245	0
Nagla Gwaliara	33	526	273788	780862	0
Nagla Gwari	33	445	270882	789630	0
Nagla Gyan	33	682	274824	791150	0