Nagla Labhera	33	523	279361	785571	0
Nagla Lachhi	33	278	267516	791677	0
Nagla Lachhi	33	278	268318	791631	0
Nagla Lachhi	33	682	276403	785458	0
Nagla Lachhi	33	593	277922	789604	0
Nagla Lachhi	33	682	275440	788920	0
Nagla Lachhi	33	682	274930	792114	0
Nagla Lachhi	33	644	275578	780172	0
Nagla Lachhi	33	644	275023	781859	0
Nagla Lachhi	33	445	271148	790415	0
Nagla Lachhi	33	278	269496	792992	0
Nagla Lachhia	33	644	277525	781387	0
Nagla Lachhiram	33	548	271355	794946	0
Nagla Lachhman	33	526	272214	777013	0
Nagla Lachhman	33	644	273435	780672	0
Nagla Lachhman	33	682	274607	783809	0
Nagla Lachhman	33	445	270055	788483	0
Nagla Lachhman	33	593	277278	788888	0
Nagla Lachhman	33	593	276654	789790	0
Nagla Lachhman	33	682	275938	788393	0
Nagla Lachhman	33	445	273434	789591	0
Nagla Lachhu	33	682	273909	792391	0
Nagla Ladhupura	33	389	270374	787637	0
Nagla Ladpur	33	174	273818	777166	0
Nagla Lahauri	33	661	273975	793315	0
Nagla Lahngai	33	682	273922	791644	0
Nagla Lahori	33	389	274169	785593	0
Nagla Lahra	33	445	272502	790096	0
Nagla Lahu	33	445	272665	791120	0
Nagla Laia	33	682	275646	788575	0
Nagla Laia	33	445	272613	789147	0
Nagla Laikhi	33	278	268679	790288	0
Nagla Laili	33	686	267629	794282	0
Nagla Laio	33	389	272429	786885	0
Nagla Laiq	33	661	272721	793359	0
Nagla Lakhaira	33	682	277790	785411	0
Nagla Lakhanpur	33	686	265696	795669	0
Nagla Lakharia	33	682	274502	791177	0
Nagla Lakhmipur	33	593	277668	787220	0
Nagla Lakhra	33	389	274706	786059	0
Nagla Lakhrajpur	33	445	271817	789369	0
Nagla Lal	33	389	271998	782331	0
Nagla Lal	33	174	274876	778553	0
Nagla Lal Das	33	526	271791	778180	0
Nagla Lal Khan	33	661	272948	792979	0
Nagla Lal Singh	33	682	274160	782521	0
Nagla Lala	33	523	277521	781856	0
Nagla Lala	33	644	275911	780463	0
Nagla Lala	33	523	278254	783359	0
Nagla Lala	33	523	279900	785011	0
Nagla Lalbeg	33	389	271846	783255	0
Nagla Lale	33	278	269259	790232	0
Nagla Lale	33	526	272635	781303	0
Nagla Lale	33	526	269250	776792	0
Nagla Lale	33	593	279284	787157	0
Nagla Lali	28	599	268726	777608	0
Nagla Lalji	33	686	267927	793679	0
Nagla Laljit	33	682	274716	783619	0
Nagla Laljit	33	389	272126	786035	0
Nagla Laljit	33	445	270391	788444	0
Nagla Laljit	33	389	269804	787768	0
Nagla Laljit	33	445	274064	791078	0
Nagla Laljit	33	644	276511	783160	0
Nagla Laljit	33	661	275847	793239	0
Nagla Lalkhuria	33	445	270839	789151	0
Nagla Lallu	33	593	278504	787650	0
Nagla Lalman	33	445	271594	789484	0
Nagla Lalman	33	278	269627	792798	0
Nagla Lalmuni	33	445	271900	792339	0
Nagla Lalpur	33	445	271640	792979	0
Nagla Lalpur	33	445	272137	789811	0
Nagla Lalpur	33	445	271624	789714	0
Nagla Lalpur	33	682	275290	784953	0
Nagla Lalpur	33	445	272028	790548	0
Nagla Lalsi	33	116	278789	789871	0
Nagla Lambi	33	593	278430	786394	0
Nagla Latia	33	523	278744	780863	0
Nagla Lauhare	33	174	276792	777133	0
Nagla Lek	33	278	268218	791632	0
Nagla Lekha	33	174	273223	778485	0
Nagla Liladhar	33	593	277562	787865	0
Nagla Lita	33	548	271452	794637	0
Nagla Lochan	33	593	278009	787287	0
Nagla Lochan Singh	33	445	272850	792680	0
Nagla Lochhiya	33	593	276394	789415	0
Nagla Lodha	28	113	272310	775561	0
Nagla Lodha	28	113	272198	775194	0
Nagla Lodha	28	113	271902	776234	0
Nagla Lodha	33	526	271034	777309	0
Nagla Lodha	33	526	272553	780717	0
Nagla Lodha	33	593	278499	788633	0
Nagla Lodha	33	523	279910	782607	0
Nagla Lodha	33	523	279225	783969	0
Nagla Lodha	33	593	279609	786465	0
Nagla Lodhan	33	526	273380	781294	0
Nagla Lodhan	33	445	270194	789423	0
Nagla Lodhi	33	593	277310	789910	0
Nagla Lodhi	33	593	279179	785890	0
Nagla Lodhpura	33	613	286731	779335	0
Nagla Loharan	33	661	273871	794952	0
Nagla Lohare	28	599	268894	779551	0
Nagla Loka	33	174	274645	778239	0
Nagla Lokharpura	33	445	273921	789473	0
Nagla Loki	33	682	275426	787837	0
Nagla Lokman	33	389	270387	785831	0
Nagla Loya	33	526	270407	783346	0
Nagla Ludpura	33	445	270500	789497	0
Nagla Luhara	33	174	272665	776193	0