Nanded	20	138	191602	773150	550564
Nandyal	1	224	154780	784836	211424
Nangloi Jat	8	739	286796	770680	205596
Nandurbar	20	182	213667	742405	111037
Nani Daman	7	728	204143	728324	62000
Nanjangud	15	74	121176	766840	50598
Nangal	27	704	313897	763757	48497
Nanpara	33	282	278646	815004	46280
Nandikotkur	1	224	158567	782657	45343
Nandura	20	49	208342	764592	44419
Nannambra	16	148	109921	759080	40543
Nandigama	1	103	167717	802860	38219
Nangli Sakrawat	8	731	286217	769923	37706
Nanjikkottai	30	254	107293	791425	32689
Nanminda	16	252	114233	758231	27316
Nandgaon	20	54	203068	746550	24209
Nandri	28	331	263116	731009	20827
Nangli	27	214	316863	748875	20440
Nanauta	33	431	297122	774173	18738
Nangavaram	30	427	108692	785392	17629
Nandelav	10	149	217203	729960	13583
Nannilam	30	257	108793	796106	12618
Nangavalli	30	51	117619	778909	10809
Nandgaon	33	174	277110	773865	10449
Nanakwada	10	251	206029	729220	10172
Nanda	20	110	197722	791309	9378
Nandej	10	123	228956	726792	9176
Nandgad	15	77	155775	745690	8837
Nandambakkam	30	159	129780	800678	8540
Nangal Chaudhri	11	667	278928	761121	8538
Nandesari INA	10	157	224062	730952	8290
Nanguneri	30	186	84933	776581	6969
Nanhera	11	664	303192	768480	6035
Nanpur	19	153	222702	745271	5632
Nandkharki	14	387	237823	861922	4427
Nandgaon	20	110	199007	793064	3836
Nangilickondan	30	197	122554	794751	3000
Na Nanayagapuram	30	369	112881	791545	0
Nan	13	485	329933	743453	0
Nan	33	724	286726	777342	0
Nan	34	692	299259	797819	0
Nan Bigha	4	117	246024	848707	0
Nan Chauk	11	482	300434	768382	0
Nan Keri	13	485	329826	743898	0
Nana	28	263	249231	731355	0
Nana	12	514	309768	773508	0
Nana	12	39	321245	760665	0
Nana	28	22	246916	737969	0
Nana Borida	10	170	231511	740609	0
Nana Ghati	12	514	309718	773614	0
Nana Gura	19	153	224053	744910	0
Nana ka Bagh	19	208	235124	777939	0
Nana Kalia	10	170	230442	740149	0
Nanachiwadi	20	52	181665	737995	0
Nanad	20	67	198417	774234	0
Nanadeo Mota	10	140	231648	736906	0
Nanadevi	20	139	211828	793641	0
Nanadharakheri	19	311	229511	762644	0
Nanadigundi	15	333	142742	750570	0
Nanaganda	1	194	188822	837486	0
Nanagani Tanda	31	306	169351	782247	0
Nanagaon	19	16	239601	766795	0
Nanagar	20	17	186653	729900	0
Nanagheri	28	463	280260	768331	0
Nanagwas	28	463	281065	764081	0
Nanah	12	514	306025	773735	0
Nanahar	12	460	309967	774943	0
Nanahiwan	33	196	249607	827457	0
Nanahr	12	39	321202	765941	0
Nanahwat	13	119	344077	745374	0
Nanai	33	116	281329	793834	0
Nanai	4	117	244403	844601	0
Nanai	25	683	214604	849542	0
Nanai Kalan	14	379	243179	845946	0
Nanai Khurd	14	379	243277	845950	0
Nanai Lisra	33	464	285555	782372	0
Nanaikadu Pacheri	30	201	87535	778483	0
Nanaiyan	33	688	260274	816048	0
Nanaj	20	150	185963	753101	0
Nanaj	20	131	178371	758509	0
Nanajpur	31	62	172294	782892	0
Nanak Chak	13	559	325544	747998	0
Nanak Mata	34	617	289467	798111	0
Nanak Nagli	33	464	290411	785264	0
Nanak Pind	27	468	317170	752284	0
Nanakbari	33	492	288018	787267	0
Nanakbari	33	622	285170	789150	0
Nanakganj	33	282	274574	816874	0
Nanakganj	33	659	273727	801533	0
Nanakgarh	34	574	300878	778063	0
Nanakhera	33	116	279180	789418	0
Nanakheri	19	324	246661	773268	0
Nanakkalmedu	30	197	121492	798449	0
Nanakkalmedu	30	197	121488	798505	0
Nanakkonpatti	30	193	105672	785160	0
Nanakkudi	30	5	99191	788928	0
Nanakpali	6	393	212739	830721	0
Nanakpur	13	559	326917	748667	0
Nanakpur	33	431	297780	772160	0
Nanakpur	19	338	242438	789917	0
Nanakpur	33	316	295344	772128	0
Nanakpur	27	624	304559	764490	0
Nanakpur	27	704	309727	765439	0
Nanakpur	33	174	278998	775696	0
Nanakpur	19	395	247454	781665	0
Nanakpur	33	451	277873	798178	0
Nanakpur	19	326	229717	776066	0
Nanakpur	33	451	277246	794288	0
Nanakpur	33	488	272429	808907	0
Nanakpur	19	648	229243	767161	0
Nanakpur	33	686	268743	794562	0
Nanakpur	33	312	278245	804397	0
Nanakpura	27	545	307773	744627	0
Nanakpura	11	482	299436	766280	0
Nanakpuriya	28	339	254093	756661	0
Nanakramguda	31	62	174207	783509	0
Nanakrampet	31	386	179419	785310	0
Nanaksagar	6	393	212002	828613	0
Nanaksahi	33	584	256023	817540	0
Nanaksar	11	425	295213	753303	0
Nanakwadi	20	138	190898	772821	0
Nanakwali Chhanna	27	571	302967	760073	0
Nanal	13	477	323981	756059	0
Nanalkadu	30	201	87006	778441	0
Nanamadai	30	436	97019	787425	0
Nanamau	33	445	273563	790116	0
Nanamau	33	659	273589	801035	0
Nanamedu	30	197	122136	795427	0
Nanamedu	30	175	117789	797818	0
Nanan	4	495	250905	855031	0
Nanan	4	582	250373	871314	0
Nanan Bigha	4	507	250943	851772	0
Nanana	12	39	322088	760600	0
Nanand	20	156	181035	767149	0
Nanangur	30	369	109991	792021	0
Nanani	19	607	242955	825922	0
Nanania	4	602	255239	878742	0
Nanano	12	604	308676	771573	0
Nananpur	10	205	235086	729553	0
Nananpur	4	641	260679	873842	0
Nanaoti	13	690	326143	753025	0
Nanapalapalle	1	221	147352	787616	0
Nanappampalaiyam	30	204	112132	776872	0
Nanapparappu	30	427	110581	780209	0
Nanappattti	30	260	110116	782655	0
Nanapur	31	203	172394	775323	0
Nanapuri	6	517	221863	814920	0
Nanar	13	412	339317	750773	0
Nanar ki Dhani	28	288	283949	757995	0
Nanarkota	34	413	296538	792254	0
Nanarpur	8	662	287066	771166	0
Nanasa	19	311	226472	767957	0
Nanashukla ka Purwa	33	688	257574	815885	0
Nanasi	20	54	203407	736232	0
Nanatalao	28	22	245730	739828	0
Nanathidal	30	254	102738	792923	0
Nanattuparai	16	216	92822	770126	0
Nanau	28	467	290936	745824	0
Nanau	33	644	273353	779681	0
Nanau	33	526	272104	777828	0
Nanau	33	523	278135	782507	0
Nanau	19	338	239263	784478	0
Nanauli	33	431	302024	775241	0
Nanauli	34	489	296958	799612	0
Nanaun Khas	12	39	320370	764695	0
Nanaupara	33	31	271468	812994	0
Nanaura	33	591	251934	796997	0
Nanaura	33	370	248985	782462	0
Nanaura	4	106	248713	855687	0
Nanauri	4	106	248531	855648	0
Nanauri	4	581	254064	852117	0
Nanauti	33	33	255769	826930	0
Nanauti	33	479	260401	832187	0
Nanauti	33	688	260833	815645	0
Nanautipur	33	33	255313	826473	0
Nanavta	28	487	247708	765784	0
Nanawad	19	323	256297	765537	0
Nanawan	12	267	316869	768866	0
Nanawara	10	124	233957	734544	0
Nanbaitola	19	449	228280	813787	0
Nanbalwa	14	434	241969	862456	0
Nanbanka	6	374	224791	824788	0
Nanbardi	20	141	209085	786843	0
Nanchaniya	4	394	250733	842404	0
Nancharapuram	1	195	159666	795195	0
Nancharimadur	31	730	176119	796018	0
Nancharipeta	31	128	174733	790716	0
Nanchchapuram	30	192	125142	793081	0
Nancherikudiyiruppu	30	435	80822	775443	0
Nancherla	31	306	169217	778563	0
Nancherla	31	63	187248	790930	0
Nancherla	1	228	152286	773871	0
Nancheru	31	62	172911	780562	0
Nanchna	19	325	224471	790884	0
Nanchpahari	14	633	243048	877540	0
Nancowry	0	79	79759	935513	0
Nand	20	139	206532	792920	0
Nand	28	288	281568	752822	0
Nand	12	604	308545	771466	0
Nand	28	429	268179	767522	0
Nand	19	420	252432	782101	0
Nand	19	638	249797	799317	0
Nand	13	690	326218	752194	0
Nand	13	477	327220	755209	0
Nand	13	477	326698	755487	0
Nand	13	477	325455	756482	0
Nand	13	477	324690	756285	0
Nand	12	39	320139	759710	0
Nand	12	39	319871	762567	0
Nand	12	39	318334	762606	0
Nand	28	428	264789	744678	0
Nand	33	656	282630	798868	0
Nand Angani	33	329	281958	796230	0
Nand Bigha	4	117	250162	849195	0
Nand ka Bas	28	288	281466	752795	0
Nand ka Nagla	28	-1	269215	777479	0
Nand ka Pura	19	459	266475	784069	0
Nand Karan Majra	11	614	296558	764748	0
Nand Khas	33	417	256516	788451	0
Nand Kishor Purwa	33	654	262736	812227	0
Nand Kolka	12	604	311465	767320	0
Nand Kot	13	640	334289	747248	0
Nand Kuin	33	31	271897	811592	0
Nand Lal	33	539	267423	841763	0
Nand Lal Chhapra	33	539	269582	839949	0
Nand Lal Gor	4	382	266326	847476	0
Nand Lal Purwa	33	522	271385	817177	0
Nand Mahra	33	269	273661	823741	0
Nand Mubarak	33	27	255746	838932	0
Nand Pasiapur	33	656	285699	797252	0
Nand Purwa	33	685	268645	810483	0
Nand Rampur	34	617	291862	790163	0
Nand Singhwala	11	614	298192	762268	0
Nand Tilia	33	564	262470	837226	0
Nanda	28	339	253346	757441	0
Nanda	10	107	235586	711077	0
Nanda	20	139	214383	786073	0
Nanda	20	138	191205	778251	0
Nanda	20	139	212793	790768	0
Nanda	4	718	250805	834502	0
Nanda	19	443	218819	774956	0
Nanda	33	575	264553	819105	0
Nanda	19	449	228036	809341	0
Nanda	34	589	301389	789650	0
Nanda	1	194	186664	831421	0
Nanda	1	194	184338	831838	0
Nanda	20	112	205929	759890	0
Nanda	33	659	274336	801951	0
Nanda	33	659	273032	800475	0
Nanda Ahir	33	522	269197	817795	0
Nanda Bigha	4	495	253892	855095	0
Nanda Chak	4	581	254167	852053	0
Nanda Chak	4	495	251630	852909	0
Nanda Chaur	27	284	315635	757596	0
Nanda Chhul	13	1	338444	743722	0
Nanda Dih	33	280	271636	824595	0
Nanda Gaimukh	20	139	214188	787706	0
Nanda ka Pura	28	599	268740	779715	0
Nanda ka Pura	33	561	253667	824729	0
Nanda ka Pura	33	626	252945	815393	0
Nanda ka Purwa	33	584	256482	817680	0
Nanda ka Thora	12	604	308889	770018	0
Nanda Khera	33	444	250284	803746	0
Nanda Khera	33	654	261964	809099	0
Nanda Khera	33	685	266834	810725	0
Nanda Khera	33	654	263893	810667	0
Nanda Khurd	20	139	210615	789277	0
Nanda Khurd	20	138	192324	777777	0
Nanda ki Chauki	34	430	303459	779521	0
Nanda Mura	4	615	260131	843630	0
Nanda Purwa	33	282	276975	815982	0
Nanda Purwa	33	522	271986	817965	0
Nanda Purwa	33	31	268479	813725	0
Nanda Purwa	33	654	262597	812255	0
Nanda Purwa	33	522	272312	816908	0
Nanda Purwa	33	522	269984	820538	0
Nanda Purwa	33	522	269644	823494	0
Nanda Purwa	33	488	276464	808008	0
Nanda Purwa	33	282	279326	814174	0
Nanda Purwa	33	488	274785	812770	0
Nanda Purwa	33	659	274042	800692	0
Nanda Shukul	33	654	261471	815328	0
Nanda Sukul Purwa	33	522	271484	818498	0
Nanda Tola	4	615	260632	845343	0
Nandabadih	25	527	200193	848737	0
Nandabalaga	1	176	185436	834708	0
Nandabalaga	1	176	183950	836605	0
Nandabhar	33	496	272224	836057	0
Nandad	19	239	217751	751964	0
Nandadev	33	444	257788	803904	0
Nandagadu	25	527	203056	846731	0
Nandaganahalli	15	422	136033	777835	0
Nandaganhalli	15	422	135906	777880	0
Nandagaon	20	48	177456	763206	0
Nandagaru	25	372	205583	846711	0
Nandageri	15	80	168749	763906	0
Nandagiri	31	63	186518	790413	0
Nandagiripeta	1	453	183788	839011	0
Nandagol	25	292	205824	851799	0
Nandagondanahalli	15	652	130246	757724	0
Nandagondapalli	30	215	126823	781572	0
Nandaguda	25	499	192400	822250	0
Nandagudi	15	375	132039	779013	0
Nandagunaputtu	25	305	185889	826148	0
Nandaha	35	268	228312	882894	0
Nandaha	19	313	245031	807293	0
Nandahalli	15	93	126749	768008	0
Nandahandi	25	499	192175	826459	0
Nandahwa	33	196	247138	824794	0
Nandai ka Purwa	33	688	257655	819919	0
Nandaipur	33	688	258511	821376	0
Nandak	13	690	326825	750531	0
Nandakain	13	146	341177	752129	0
Nandakhera	19	311	228266	768482	0
Nandakhet	34	589	299067	790168	0
Nandakisorpur	25	292	204841	851223	0
Nandakota	1	258	182599	831071	0
Nandakumar	35	538	221898	879187	0
Nandal	12	267	314830	770010	0
Nandal	11	689	290664	764983	0
Nandal	6	681	218648	816260	0
Nandal	20	67	196544	775551	0
Nandal	15	248	132746	751001	0
Nandal	4	602	255829	879837	0
Nandalapadu	1	99	149086	779836	0
Nandalapalli	31	717	186877	795045	0
Nandalayalasa	1	194	185838	830905	0
Nandale Khurd	20	185	208910	749265	0
Nandale Khurd	20	185	206572	748194	0
Nandalgaon	20	34	191357	759625	0
Nandalike	15	248	131842	748934	0
Nandalike	15	248	131922	748911	0
Nandalnayakkanur	30	427	106446	779754	0
Nandalpalli	31	90	190568	796271	0
Nandalpar	20	168	212812	798939	0
Nandalur	1	190	142675	791188	0
Nandalvad	20	182	218536	741807	0
Nandam	1	176	181551	833380	0
Nandamallipadu	1	307	166215	813544	0
nandambakkam	30	238	130163	801899	0
Nandampalli	15	47	132464	784440	0
Nandampatti	30	193	106815	789007	0
Nandamunda	25	290	219853	843660	0
Nandamuru	1	307	168458	816466	0
Nandamuru	1	68	164526	808633	0
Nandan	31	346	191152	781378	0
Nandan	33	389	271176	783242	0
Nandan	13	485	333983	745133	0
Nandan	4	597	255329	841777	0
Nandan Bigha	4	507	251602	851696	0
Nandan Got	12	348	324611	761231	0
Nandan ka Purwa	33	698	256152	811146	0
Nandan Pande	33	152	268667	823180	0
Nandana	19	484	258587	785588	0
Nandana	33	102	247540	833615	0
Nandana	19	497	246802	814054	0
Nandana	33	196	247514	824327	0
Nandana	28	550	253977	738610	0
Nandana	20	185	210581	747401	0
Nandana	19	202	223567	766493	0
Nandana	4	410	260547	870834	0
Nandana Bhatan	28	263	254423	733553	0
Nandana Hosur	15	246	140230	763325	0
Nandana Jodhan	28	263	254414	733589	0
Nandana Kudru	15	248	134546	747505	0
Nandanahosahalli	15	422	135481	780174	0
Nandanam	30	199	130269	802406	0
Nandanam	31	61	178114	795367	0
Nandanam	31	128	174470	789232	0
Nandanam	1	45	133671	798319	0
Nandanamarella	1	195	154842	795097	0
Nandanapalle	1	228	157905	780915	0
Nandanapur	4	641	260460	871136	0
Nandanavana	15	422	135623	780265	0
Nandanavanam	1	195	154705	792743	0
Nandanbana	25	527	200099	851119	0
Nandand	19	338	233920	789550	0
Nandandera	4	597	255275	841633	0
Nandangadde	15	59	148337	741526	0
Nandangudi	16	-1	115893	763393	0
Nandanipur	19	497	247230	812268	0
Nandanipur Kalan	19	497	246946	812011	0
Nandankhera	28	113	277188	770751	0
Nandankod	16	211	85154	769578	0
Nandankottai	30	427	109487	783155	0
Nandannagar	4	136	258488	859945	0
Nandannagaripalli	15	422	137783	780269	0
Nandanpara	14	633	244768	877295	0
Nandanpatti	30	254	106830	789000	0
Nandanpur	19	462	249094	787694	0
Nandanpur	19	462	248566	787837	0
Nandanpur	19	638	249746	793737	0
Nandanpur	25	674	203735	865792	0
Nandanpur	19	497	246266	818283	0
Nandanpur	19	512	249698	803482	0
Nandanpur	33	488	272467	812089	0
Nandanpur	4	520	260264	848730	0
Nandanpur	4	602	256934	877575	0
Nandanpur	4	602	253844	875439	0
Nandanpura	33	417	254538	785393	0
Nandanpura	4	507	251014	849823	0
Nandansingh	33	659	274064	797450	0
Nandantalao	33	584	254041	818787	0
Nandantattai	30	186	87348	774990	0
Nandanur	30	427	108190	780316	0
Nandanur	30	436	97407	786216	0
Nandanuru	1	207	132577	791643	0
Nandanvan	20	138	188844	773121	0
Nandanwara	19	420	250055	781600	0
Nandanwari	19	325	223829	790160	0
Nandanwas	28	115	263270	765525	0
Nandaon	33	479	259595	829004	0
Nandaon	33	280	271115	828680	0
Nandapalli	25	349	194487	832413	0
Nandapanju	25	527	202111	846388	0
Nandapar	33	314	268926	833502	0
Nandapar	33	314	267057	832723	0
Nandapar	13	477	324714	757141	0
Nandapara	25	262	219217	849465	0
Nandapatti	4	569	260667	861496	0
Nandappadi	30	175	114434	792863	0
Nandaprayag	34	179	303314	793210	0
Nandapur	13	588	341067	748453	0
Nandapur	19	323	257504	766818	0
Nandapur	33	698	257057	810989	0
Nandapur	20	169	206687	772102	0
Nandapur	19	325	216008	785458	0
Nandapur	20	139	214450	789588	0
Nandapur	33	242	254046	828495	0
Nandapur	33	33	256984	823986	0
Nandapur	33	479	257359	829889	0
Nandapur	33	637	262659	817994	0
Nandapur	20	616	195973	772425	0
Nandapur	33	269	271133	824203	0
Nandapur	33	605	267467	821691	0
Nandapur	33	605	265730	822479	0
Nandapur	33	575	263648	820853	0
Nandapur	33	532	265571	825839	0
Nandapur	33	654	260543	812757	0
Nandapur	20	110	195520	792299	0
Nandapur	14	633	245555	877542	0
Nandapur	25	281	219221	857679	0
Nandapur	25	527	201021	851700	0
Nandapuram	31	241	174649	794106	0
Nandapuram	1	194	188210	834079	0
Nandapuri	20	139	213332	793289	0
Nandar	19	208	235813	780017	0
Nandar	25	262	218325	849005	0
Nandara	20	110	204360	793980	0
Nandarajatheta	1	212	159246	805021	0
Nandaram	31	306	169599	781708	0
Nandaram	31	447	180348	791282	0
Nandarampalli	31	90	190160	799059	0
Nandarda	20	182	215663	743614	0
Nandarda	20	182	215135	744589	0
Nandarda	20	185	214735	748618	0
Nandargi	15	71	173012	763123	0
Nandarhari	12	460	311195	775593	0
Nandari	20	78	211136	751860	0
Nandariapur	33	659	274886	798104	0
Nandarkha	20	182	213007	742312	0
Nandarkha Pada	20	182	213139	742266	0
Nandarkheda	20	182	214784	743869	0
Nandaru	27	624	305666	762684	0
Nandarwara	19	568	224504	775837	0
Nandasan	10	161	233791	724022	0
Nandasura	19	309	233796	766923	0
Nandatoli	14	416	229851	852039	0
Nandatoli	6	384	226968	841682	0
Nandatti	30	114	114975	764716	0
Nandauakonam	16	211	85370	769445	0
Nandaula	33	623	267853	830613	0
Nandaula Pande	33	152	268631	823202	0
Nandauli	28	402	246636	742008	0
Nandauli	33	444	250129	803852	0
Nandauli	28	599	268657	780777	0
Nandauli	33	685	265539	810830	0
Nandauli	33	575	264434	818922	0
Nandauli	33	479	263235	828886	0
Nandauli ka Pura	28	599	268770	780797	0
Nandaulia	33	282	272139	815596	0
Nandauna	33	605	264984	820018	0
Nandaur	33	637	263348	817972	0
Nandaur	33	522	269642	817499	0
Nandaur	33	623	269487	830717	0
Nandaura	19	420	256634	774189	0
Nandaura	19	326	229563	775318	0
Nandaura	28	550	249904	738140	0
Nandaut	33	584	256626	821375	0
Nandauti	28	429	267070	767167	0
Nandavad Chauki	20	-1	216101	748197	0
Nandavalli	25	373	199044	837434	0
Nandavanam	16	211	87484	768385	0
Nandavanampalaiyam	30	227	108472	773641	0
Nandavanampatti	30	183	103822	779898	0
Nandavanappatti	30	183	104627	775669	0
Nandavanappatti	30	254	107496	789601	0
Nandavanapudur	30	227	110270	775331	0
Nandavar	15	55	128668	750381	0
Nandavaram	1	224	154238	783189	0
Nandavaram	1	228	158533	774848	0
Nandavaram	1	6	147000	794643	0
Nandavarapuvanipalem	1	81	177791	831675	0
Nandawada	20	110	197612	791314	0
Nandawadgi	15	86	160164	762818	0
Nandawat	28	550	257519	740715	0
Nandbagh	33	659	274019	797858	0
Nandbalia	4	457	268359	845825	0
Nandbaru	6	393	213342	822402	0
Nandbatoli	14	476	225265	843041	0
Nandbel	28	22	245302	735008	0
Nandbel	28	22	246885	738827	0
Nandbel	28	22	245986	738828	0
Nandbohi	19	443	217958	784262	0
Nandchand	19	512	239974	800666	0
Nanddih	4	117	246214	851965	0
Nanddih	4	106	246123	853385	0
Nande ka Bas	28	519	284054	754166	0
Nande Kuan	33	152	267203	824847	0
Nande Nagur	15	167	181560	774851	0
Nande Purwa	33	548	271678	797247	0
Nande Purwa	33	685	266831	811920	0
Nanded	20	78	211427	752699	0
Nanded	20	34	186287	763292	0
Nanded Buzurg	20	132	209091	774770	0
Nanded Khurd	20	132	208949	774691	0
Nandekhera	20	139	208876	795824	0
Nandel	19	311	230646	761768	0
Nandeli	6	388	220221	829741	0
Nandeli	6	275	215069	813150	0
Nandeli	6	669	219096	823564	0
Nandeli	6	388	218779	828264	0
Nandeli	6	17	218884	832400	0
Nandeli	6	611	216334	831213	0
Nandeli	6	17	217609	833366	0
Nandemai	33	626	257377	812483	0
Nandepalli	15	72	166925	773843	0
Nandepera	20	67	201469	789236	0
Nander	19	303	234630	760389	0
Nander	20	390	207388	797791	0
Nander	20	110	204245	795983	0
Nander	19	635	225192	756548	0
Nandera	20	139	210902	788432	0
Nandera	28	113	277011	772705	0
Nandera	20	139	207432	791631	0
Nandera	25	349	193595	839399	0
Nanderabas	28	113	276900	772700	0
Nandewal	27	284	318357	755743	0
Nandewali Dhani	28	360	296664	739624	0
Nandewani	19	325	216873	786791	0
Nandgangoli	19	459	264492	777833	0
Nandganj	33	27	255432	833989	0
Nandgaon	19	202	219857	766435	0
Nandgaon	20	187	197600	726884	0
Nandgaon	20	17	183792	729298	0
Nandgaon	28	120	269151	756047	0
Nandgaon	19	638	249475	794304	0
Nandgaon	20	67	198609	789649	0
Nandgaon	11	415	286771	761120	0
Nandgaon	20	132	213583	782330	0
Nandgaon	33	553	293609	785449	0
Nandgaon	33	329	283444	790774	0
Nandgaon	20	151	196271	764665	0
Nandgaon	20	151	194024	767143	0
Nandgaon	20	34	186344	764483	0
Nandgaon	20	156	184959	767564	0
Nandgaon	20	138	190625	773992	0
Nandgaon	20	138	187442	774734	0
Nandgaon	20	138	186257	775162	0
Nandgaon	20	141	205902	782660	0
Nandgaon	20	141	205128	786097	0
Nandgaon	33	682	275894	787024	0
Nandgaon	20	139	213051	792082	0
Nandgaon	20	139	213051	794722	0
Nandgaon	20	139	211162	794590	0
Nandgaon	33	686	264112	795284	0
Nandgaon	19	648	227099	773227	0
Nandgaon	20	78	208981	760205	0
Nandgaon	20	127	201654	773273	0
Nandgaon	19	142	218164	799251	0
Nandgaon	20	110	206598	798529	0
Nandgaon	20	110	203767	796322	0
Nandgaon	20	138	193860	780597	0
Nandgaon	20	67	198400	789862	0
Nandgaon	33	522	270655	821555	0
Nandgaon	19	239	220654	748603	0
Nandgaon	20	54	200535	742457	0
Nandgaon	19	317	218982	754939	0
Nandgaon	20	78	210732	750688	0
Nandgaon	20	78	211280	754268	0
Nandgaon	19	317	218237	755202	0
Nandgaon	6	393	211293	820216	0
Nandgaon	25	572	201143	826979	0
Nandgaon	19	16	236737	769610	0
Nandgaon	19	317	221725	760293	0
Nandgaon	33	116	281609	791445	0
Nandgaon	33	329	283343	793321	0
Nandgaon	20	110	199129	797322	0
Nandgaon	20	110	197378	797462	0
Nandgaon	20	110	198427	791972	0
Nandgaon	19	239	219927	751525	0
Nandgaon	33	312	279097	804353	0
Nandgaon Budrukh	20	78	209369	752958	0
Nandgaon Chenpura	19	635	223828	756838	0
Nandgaon Khandeshwar	20	132	206847	778334	0
Nandgaon Khurd	20	78	209337	752977	0
Nandgaon Peth	20	132	210160	778262	0
Nandgaon Tanda	20	138	194035	780631	0
Nandgaontola	19	142	218149	799122	0
Nandgar	15	59	148226	748068	0
Nandgarh	27	680	298055	754159	0
Nandgarh	27	592	304220	743345	0
Nandgarh	11	88	302072	774162	0
Nandgarh	27	542	301020	747660	0
Nandgarh	27	571	303299	759775	0
Nandgarh	27	571	302286	760848	0
Nandgarh	11	614	300515	762994	0
Nandgarh	27	543	301087	764721	0
Nandgarh	27	543	304732	767141	0
Nandgarhi	33	682	274466	785421	0
Nandgaul	20	34	187728	765178	0
Nandgavhan	20	67	200717	776536	0
Nandgavhan	20	67	202734	776202	0
Nandgavhan	20	67	203358	779454	0
Nandgawan	19	638	246822	796014	0
Nandgawan	33	526	267925	786596	0
Nandgawhan	20	67	196957	777195	0
Nandghat	6	681	217710	818128	0
Nandghat	19	576	235483	800444	0
Nandgiram	33	605	266502	821346	0
Nandgirvadi	20	112	202399	752144	0
Nandgodlu	15	59	147762	742757	0
Nandgola	4	590	254646	871918	0
Nandgola	4	582	250551	871689	0
Nandgola	4	396	253354	872789	0
Nandgrampur	33	548	271343	794449	0
Nandgul Tanda	20	48	179295	762092	0
Nandgur	15	71	177004	767058	0
Nandgur	20	110	200226	795135	0
Nandh	13	477	326268	753967	0
Nandha	11	500	281920	764142	0
Nandha	11	747	284502	759410	0
Nandha ki Dhani	11	747	284440	759291	0
Nandhalli	15	652	127070	758365	0
Nandi	11	439	299205	771213	0
Nandi	12	267	316375	770760	0
Nandi	19	576	232159	798820	0
Nandi	19	311	226922	768307	0
Nandi	19	354	219815	798108	0
Nandi	19	142	216842	798125	0
Nandi	33	688	259788	821747	0
Nandi	33	619	253062	810191	0
Nandi	33	637	265818	816701	0
Nandi	13	477	325336	756705	0
Nandi	28	428	263657	745610	0
Nandi	15	97	136426	758564	0
Nandi	15	77	159770	746049	0
Nandi ka Nagla	33	174	277835	776660	0
Nandi Khundni	6	275	213938	813906	0
Nandi Kurmian	33	619	253471	811517	0
Nandi Musalaiguda	31	408	173616	784383	0
Nandi Nagla	33	116	278583	792426	0
Nandi Parsuram	4	136	255986	856392	0
Nandi Purwa	33	488	274849	810961	0
Nandia	28	330	252849	719666	0
Nandia	6	490	217027	811064	0
Nandia	19	568	223907	784433	0
Nandia	19	325	221996	791583	0
Nandia	19	317	214257	757039	0
Nandia	19	461	225495	803405	0
Nandia	19	461	225467	803330	0
Nandia	6	455	208440	807999	0
Nandia	6	455	209631	809021	0
Nandia	33	31	267848	815163	0
Nandia	28	163	234770	743963	0
Nandia	4	590	260632	877596	0
Nandia Khurd	6	455	209617	805494	0
Nandia Tola	19	354	223137	799298	0
Nandiajo	25	423	202100	848264	0
Nandiakhera	19	354	223781	798301	0
Nandiala	13	559	328323	744921	0
Nandiali	13	1	336829	742918	0
Nandiali	27	543	305541	766732	0
Nandianagar	4	535	263416	860701	0
Nandiaon	33	637	263357	817431	0
Nandiasai	14	276	225606	856982	0
Nandiatola	19	461	223825	803554	0
Nandibanda	15	352	151453	763168	0
Nandibanda	30	180	125439	784479	0
Nandibati	35	397	255188	879815	0
Nandibatlu	15	97	135955	757823	0
Nandibettu	15	248	132265	750755	0
Nandibevuru	15	352	149072	760511	0
Nandicheri	30	5	94367	784058	0
Nandiga	15	333	140319	751670	0
Nandiga	15	333	139439	750425	0
Nandigam	1	453	186542	843047	0
Nandigam	31	306	168427	781829	0
Nandigam	1	176	185148	834922	0
Nandigam	1	176	180240	835486	0
Nandigama	31	229	184636	800900	0
Nandigama	1	10	164020	801980	0
Nandigama	1	103	167243	806551	0
Nandigama	31	46	176313	811021	0
Nandigamalanka	1	25	165699	811287	0
Nandigampadu	1	87	169619	816765	0
Nandiganahalli	15	422	135567	775299	0
Nandiganahalli	15	422	134293	781603	0
Nandigaon	31	62	171195	782564	0
Nandigaon	31	32	175072	781997	0
Nandigaon	31	160	192111	798962	0
Nandigaon	20	134	188250	800243	0
Nandigaon	31	272	168059	777277	0
Nandigaon	31	271	195714	784164	0
Nandigaon	31	386	181241	785126	0
Nandigave	15	97	135919	755726	0
Nandigavi	15	352	149301	756889	0
Nandigavi	15	265	144713	757203	0
Nandigenahalli	15	265	143106	760408	0
Nandigere	15	333	141251	751033	0
Nandighor	25	527	200152	850276	0
Nandighoshpali	25	297	209177	840173	0
Nandighoshpur	25	527	201540	849988	0
Nandigod	15	333	137635	751716	0
Nandigokulam	31	386	181790	785284	0
Nandigram	35	538	220018	879594	0
Nandigram	35	347	244975	878927	0
Nandigram	35	347	240419	878087	0
Nandiguda	1	258	182524	828063	0
Nandiguda	25	108	181344	818171	0
Nandigudi	15	265	144140	756434	0
Nandigunda	15	375	133396	776463	0
Nandigunda	15	74	121971	768077	0
Nandigunda	15	188	126805	758909	0
Nandigundapura	15	74	122108	767974	0
Nandigunta	1	6	148453	795381	0
Nandiha	4	581	255334	848977	0
Nandiha	4	535	264664	861412	0
Nandihadlu	15	97	133360	753443	0
Nandihadlu	15	97	133253	753362	0
Nandihal	15	50	161765	763819	0
Nandihal	15	72	167270	768395	0
Nandihal	15	80	166409	761631	0
Nandihal	15	66	155340	767971	0
Nandihalli	15	72	165599	769121	0
Nandihalli	15	71	168455	766516	0
Nandihalli	15	91	149522	752820	0
Nandihalli	15	91	146525	754499	0
Nandihalli	15	333	142314	753716	0
Nandihalli	15	91	145046	756430	0
Nandihalli	15	333	140386	756651	0
Nandihalli	15	352	149897	759948	0
Nandihalli	15	92	135411	770541	0
Nandihalli	15	92	132834	770613	0
Nandihalli	15	92	132676	772045	0
Nandihalli	15	352	149992	762490	0
Nandihalli	15	246	144068	761797	0
Nandihalli	15	246	141502	760623	0
Nandihalli	15	246	140059	765244	0
Nandihalli	15	652	131423	762404	0
Nandihalli	15	246	139239	766739	0
Nandijalgaon	15	167	184244	773031	0
Nandijhari	25	399	213054	851105	0
Nandikale	15	333	141073	751277	0
Nandikamba	15	352	146021	760473	0
Nandikandi	31	32	176119	779919	0
Nandikaou	15	55	131371	753751	0
Nandikere	15	97	132469	757277	0
Nandikeshwar	15	86	159446	757598	0
Nandikhera	20	139	213618	788038	0
Nandikhera	20	390	207186	797184	0
Nandikop	15	91	148098	751675	0
Nandikoppa	15	333	139100	750235	0
Nandikota	1	258	182493	831162	0
Nandikovilpatti	30	183	104676	779762	0
Nandikundu	30	118	96225	780617	0
Nandikur	15	71	172727	768122	0
Nandikur	15	248	131407	748073	0
Nandikusum	25	373	201764	845779	0
Nandila	15	55	127671	751956	0
Nandilingampatti	30	260	111152	785439	0
Nandimala	1	45	137984	798625	0
Nandimalla	31	144	163527	777231	0
Nandimandalam	1	221	144052	785246	0
Nandimangalam	30	215	127898	778982	0
Nandimangalam	30	158	130579	794333	0
Nandimangalam	1	45	134106	795593	0
Nandimangalam	30	220	133146	798813	0
Nandimangalam	30	175	114389	792377	0
Nandimangalam	30	175	113376	796472	0
Nandimangalam Argaharam	30	215	124635	776449	0
Nandimantangal	30	238	126182	801251	0
Nandimedu	30	159	129255	798548	0
Nandimetta	1	258	183253	824814	0
Nandin	33	444	255871	808318	0
Nandinara	13	119	342398	746463	0
Nandini	15	97	134003	751834	0
NandiniLayout	15	43	130134	775361	0
Nandipad	31	272	169340	776372	0
Nandipada	25	281	211470	862655	0
Nandipadu	1	224	150372	781567	0
Nandipadu	1	6	148039	793425	0
Nandipadu	31	60	174551	811285	0
Nandipadu	1	195	156280	800452	0
Nandipalem	1	195	156679	792096	0
Nandipalem	1	195	155963	795818	0
Nandipalle	1	258	179942	827192	0
Nandipalle	1	224	154527	785473	0
Nandipalle	1	221	143795	784094	0
Nandipalli	31	62	171891	784026	0
Nandipalli	1	221	147167	790096	0
Nandipara	14	633	246277	878441	0
Nandipatti	33	688	257681	820301	0
Nandipet	31	306	165825	779019	0
Nandipet	31	448	164891	784126	0
Nandipeta	31	75	188776	781553	0
Nandipeth	20	169	210900	770670	0
Nandipulam	16	232	103990	763257	0
Nandipur	33	479	260179	830202	0
Nandipur	15	97	131742	757045	0
Nandipur	15	74	124296	761464	0
Nandipur	15	652	128861	758654	0
Nandipur	15	652	129483	758928	0
Nandipur	15	652	126840	758688	0
Nandipura	33	370	248289	784740	0
Nandipura	15	93	126705	763893	0
Nandipura	15	97	137864	760796	0
Nandipura	15	97	134681	760946	0
Nandipura	15	652	129192	764353	0
Nandipura	15	188	127907	758843	0
Nandipura	15	93	124168	772599	0
Nandipuram	15	44	156970	769401	0
Nandipuram	30	215	122942	776228	0
Nandipuram	30	197	124231	793046	0
Nandipuram	30	154	108032	772453	0
Nandipurwa	19	462	249638	793220	0
Nandiput	1	258	181990	827652	0
Nandiput	1	258	180758	827643	0
Nandirajupalem	1	10	164846	799895	0
Nandirayanahalli	1	426	137826	770415	0
Nandireddigaripalle	1	190	135969	784988	0
Nandireddipalle	1	195	154622	793252	0
Nandisal	15	59	142754	747926	0
Nandisar	15	59	149085	748267	0
Nandiswaramangalam	30	175	113921	795093	0
Nanditavare	15	265	144098	757837	0
Nanditola	19	354	219956	798009	0
Nanditola	19	354	219785	798050	0
Nanditoli	14	740	233871	846379	0
Nandivada	1	68	164976	809862	0
Nandivada	25	108	183170	816661	0
Nandivada	1	453	182985	837990	0
Nandivada	15	59	148295	741850	0
Nandivadi	30	197	120932	794665	0
Nandivadvalasa	1	194	187948	835020	0
Nandivalasa	1	258	183101	828174	0
Nandivalasa	1	258	183366	829422	0
Nandivalasa	25	305	185143	829128	0
Nandivampu	1	259	174050	825331	0
Nandivanam	30	254	109223	794005	0
Nandivanam	30	254	109486	794818	0
Nandivaya	1	6	144324	797332	0
Nandivedutangal	30	158	131278	795482	0
Nandivelugu	1	308	162921	806434	0
Nandivelugu Malepalle	1	308	162861	806390	0
Nandivolu	25	349	190041	833848	0
Nandiwada	31	58	182769	782140	0
Nandiwanparti	31	62	170440	786339	0
Nandiya	19	503	231503	789980	0
Nandiya	19	503	226899	787898	0
Nandiya	19	503	229307	794524	0
Nandiya	19	202	221961	768364	0
Nandiya	19	317	222721	760054	0
Nandiya Kalan	19	354	224504	794315	0
Nandiya Khurd	19	354	224285	794293	0
Nandiyakhera	19	648	226806	774059	0
Nandiyakheri	19	202	222001	763196	0
Nandiyalam	30	158	129318	792594	0
Nandiyalam	30	158	129237	792635	0
Nandiyambakkam	30	220	132710	802790	0
Nandiyanallur	30	198	112401	797093	0
Nandiyani	15	59	144534	747250	0
Nandkar	33	282	273065	818106	0
Nandkeshvar	20	78	209489	753378	0
Nandkhed	20	127	204434	772603	0
Nandkhed	20	53	200415	756035	0
Nandkhera	33	659	274971	798183	0
Nandkhera	33	659	273342	798637	0
Nandkhera	19	202	215710	761635	0
Nandkhera	19	202	215679	761762	0
Nandkhera	19	30	213293	763987	0
Nandkhera	19	202	221818	763545	0
Nandkhona	25	273	199066	832517	0
Nandkhurd Khurd	20	78	208538	752873	0
Nandkishorpura	28	120	265407	761075	0
Nandkonda	31	100	166000	793000	0
Nandkot	19	648	226028	772029	0
Nandkuar	33	522	272411	819101	0
Nandkudi	19	443	216575	780756	0
Nandla	12	460	312425	778218	0
Nandla	19	311	232234	761794	0
Nandla	28	428	262769	746963	0
Nandla Makta	20	138	192019	773557	0
Nandlai	19	547	233791	749998	0
Nandlai	19	635	225028	756954	0
Nandlal Bigha	4	112	250425	844500	0
Nandlal Bigha	4	112	249550	842957	0
Nandlal Bigha	4	106	248382	854354	0
Nandlal Bigha	4	106	248651	855499	0
Nandlal Chhapra	4	520	258465	847627	0
Nandlal Jot	33	496	271998	832353	0
Nandlal ka Purwa	33	688	259960	817918	0
Nandlal Singh Jungle	33	314	268239	833298	0
Nandlali	4	636	259334	865840	0
Nandlalpur	33	548	271874	794699	0
Nandlalpur	33	526	272481	780485	0
Nandlalpur	33	698	258415	807454	0
Nandlalpur	4	396	252593	873064	0
Nandlalpur	4	687	259457	851131	0
Nandlalpur	4	581	255942	851425	0
Nandlalpura	28	120	266327	760384	0
Nandlalpura	19	638	248003	798400	0
Nandlaltola	20	168	209523	804103	0
Nandlaltola	4	520	259537	847414	0
Nandlapur	33	312	279753	804112	0
Nandlapura	19	317	219637	754503	0
Nandlesara	19	142	217429	798509	0
Nandlu	12	39	319622	762296	0
Nandmarg	13	36	335622	749444	0
Nandmarg	13	529	333668	753413	0
Nandna	33	659	272228	798235	0
Nandna	19	568	228587	785745	0
Nandna	19	325	219791	791913	0
Nandna	19	420	253205	780691	0
Nandna	4	718	250307	834633	0
Nandna	33	102	246046	831334	0
Nandna	19	325	222185	784597	0
Nandna	19	325	226362	792556	0
Nandna	33	515	262813	837213	0
Nandna	19	334	239628	761316	0
Nandna	28	263	261729	741850	0
Nandna	4	507	251736	851283	0
Nandna Kalan	33	31	271566	811850	0
Nandna Khurd	33	31	271673	811809	0
Nandnagar	33	522	273884	819724	0
Nandnagar	33	522	273645	819956	0
Nandnagar	33	269	276238	821035	0
Nandnagar	33	269	277266	822352	0
Nandnagar	33	269	275831	822122	0
Nandnagar	33	269	273763	822347	0
Nandnagar	33	269	274087	823736	0
Nandnagar	33	152	269004	822546	0
Nandnagariya	33	174	276207	777499	0
Nandnan	33	496	269016	835428	0
Nandnaur	33	553	291430	781444	0
Nandnawan	4	567	250785	860960	0
Nandnee	20	131	174572	758507	0
Nandner	19	568	225607	782896	0
Nandner	19	503	228901	787048	0
Nandner	19	568	225996	779025	0
Nandni	13	559	327072	748130	0
Nandni	20	139	213736	783737	0
Nandni	19	16	238519	764067	0
Nandni	33	196	252395	823837	0
Nandni	33	196	250368	824125	0
Nandni	13	690	325687	750857	0
Nandni	6	517	220716	809100	0
Nandni	19	354	222513	794698	0
Nandnia	6	365	215415	823469	0
Nandnitola	6	517	220839	809131	0
Nandnora	11	466	290321	771348	0
Nandnur	15	86	161665	760041	0
Nando	19	313	241466	809912	0
Nandod	10	245	218701	735026	0
Nandoda	20	185	210159	748685	0
Nandodi	15	333	141430	748496	0
Nandodih	14	454	243330	857224	0
Nandokheri	19	202	217921	763268	0
Nandol	10	266	232104	728176	0
Nandola	28	113	276413	773163	0
Nandoli	34	589	299534	786976	0
Nandoli	28	550	250278	739289	0
Nandon	19	311	227674	768060	0
Nandondpura	13	76	340437	746676	0
Nandopali	25	290	217465	835222	0
Nandora	19	142	215153	806164	0
Nandora	20	141	212761	781000	0
Nandora	20	139	211657	786140	0
Nandora	20	141	210761	785244	0
Nandora	20	141	209357	782562	0
Nandora	20	141	206343	784377	0
Nandora	20	141	207145	786644	0
Nandora	19	142	217705	796968	0
Nandora	33	417	255182	793835	0
Nandora	19	354	219618	797930	0
Nandora	19	325	222358	790481	0
Nandora	20	390	211401	795664	0
Nandora	19	142	217140	804278	0
Nandora	19	354	223352	794464	0
Nandore Kalan	6	388	220406	828986	0
Nandore Khurd	6	388	220340	829129	0
Nandori	20	141	205151	789725	0
Nandori	6	275	212659	814572	0
Nandori	20	139	214501	789222	0
Nandori	19	325	222405	790625	0
Nandori Buzurg	20	110	201909	790363	0
Nandori Khurd	20	110	202083	790441	0
Nandosa	20	616	197751	772786	0
Nandoti	12	39	319665	763028	0
Nandotra Mota	10	133	243297	723133	0
Nandpa	31	160	193557	793740	0
Nandpali	4	615	262010	842774	0
Nandpatti	4	675	265294	841534	0
Nandpur	13	559	325137	748811	0
Nandpur	13	559	326472	747917	0
Nandpur	33	445	270707	792572	0
Nandpur	33	278	269745	790875	0
Nandpur	33	278	269156	790550	0
Nandpur	33	686	268755	795874	0
Nandpur	33	686	267993	796247	0
Nandpur	12	460	310868	777468	0
Nandpur	34	574	296797	780886	0
Nandpur	19	338	235828	788718	0
Nandpur	19	326	232131	785044	0
Nandpur	33	431	298260	774833	0
Nandpur	19	443	219019	781211	0
Nandpur	20	141	210010	781858	0
Nandpur	27	647	308414	759658	0
Nandpur	33	724	286267	776798	0
Nandpur	19	484	257614	783849	0
Nandpur	20	141	207072	783933	0
Nandpur	20	141	207038	788732	0
Nandpur	33	389	272393	785201	0
Nandpur	33	389	270718	786275	0
Nandpur	33	548	270161	795955	0
Nandpur	33	548	271751	796133	0
Nandpur	33	686	266714	795379	0
Nandpur	33	686	266689	795930	0
Nandpur	33	686	266291	795771	0
Nandpur	33	548	269498	797715	0
Nandpur	33	645	263662	797976	0
Nandpur	33	196	250694	831340	0
Nandpur	19	420	252718	780002	0
Nandpur	19	420	253059	782625	0
Nandpur	33	553	294531	782835	0
Nandpur	33	622	282349	785718	0
Nandpur	33	637	261910	817528	0
Nandpur	13	76	339554	746021	0
Nandpur	33	280	274394	827486	0
Nandpur	33	532	265468	825346	0
Nandpur	27	250	313313	749198	0
Nandpur	27	250	314135	751835	0
Nandpur	33	488	274392	809915	0
Nandpur	12	39	320106	761223	0
Nandpur	19	217	229029	815797	0
Nandpur	33	31	271543	810128	0
Nandpur	27	624	307031	765039	0
Nandpur	25	572	208464	824872	0
Nandpur	34	589	297712	784583	0
Nandpur	33	488	274960	812658	0
Nandpur	4	520	259401	845417	0
Nandpur	4	520	258633	845995	0
Nandpur	19	635	226652	761354	0
Nandpur	34	617	290810	792342	0
Nandpur	34	530	292378	794755	0
Nandpur	33	515	264035	840405	0
Nandpur	4	457	267584	844207	0
Nandpur	4	382	265011	847345	0
Nandpur	33	329	286810	794004	0
Nandpur	4	382	266776	849164	0
Nandpur	33	329	286099	795311	0
Nandpur	33	516	257326	842914	0
Nandpur	4	597	256196	842784	0
Nandpur	4	567	252685	862450	0
Nandpur	33	686	267641	794109	0
Nandpur	14	276	223769	852158	0
Nandpur	14	276	225117	854338	0
Nandpur	14	276	227028	855370	0
Nandpur	25	399	207330	850028	0
Nandpur Behta	33	622	287544	784707	0
Nandpur Bita	33	622	287463	784694	0
Nandpur Chamarua	4	106	249229	853837	0
Nandpur Gujran	13	559	327083	748042	0
Nandpur Iskuri	33	698	257957	810626	0
Nandpur Kesho	27	543	304562	764223	0
Nandpur Khondra	33	682	273791	787376	0
Nandpur Kunwal	34	530	293410	791600	0
Nandpur Mazra	33	613	284722	777015	0
Nandpura	28	339	256161	755308	0
Nandpura	28	115	264268	765866	0
Nandpura	28	429	268129	769517	0
Nandpura	34	574	299413	778405	0
Nandpura	33	672	289940	774788	0
Nandpura	19	502	233632	796443	0
Nandpura	28	599	269217	777698	0
Nandpura	28	599	268186	777844	0
Nandpura	28	599	267566	777579	0
Nandpura	33	417	256499	789680	0
Nandpura	33	152	267320	827917	0
Nandpura	19	635	225187	759172	0
Nandpura	27	214	317458	750236	0
Nandpura	28	402	251456	744443	0
Nandpurpala	33	523	279511	779696	0
Nandra	28	296	275155	729611	0
Nandra	19	317	222093	757612	0
Nandra	20	53	196493	762216	0
Nandra	20	141	206988	788070	0
Nandra	20	110	202889	789384	0
Nandra	19	446	224855	771074	0
Nandra	19	443	221044	775439	0
Nandra	19	443	217327	776727	0
Nandra	20	110	203935	791090	0
Nandra	20	49	198799	765769	0
Nandra	20	110	202413	791029	0
Nandra	20	78	207627	754298	0
Nandra	20	78	207657	755897	0
Nandra Budrukh	20	78	211169	754752	0
Nandra Haveli	20	78	207219	759379	0
Nandra Khurd	20	78	211117	755805	0
Nandrahi	4	535	265297	862675	0
Nandrai	28	298	253333	750167	0
Nandrai	19	502	238581	791603	0
Nandrajoli	25	373	197867	838910	0
Nandrajore	25	527	203992	849456	0
Nandralohegad	20	112	200468	755159	0
Nandram	19	461	225709	808350	0
Nandramdhana	19	325	224111	790170	0
Nandrampur Bas	11	500	281537	767818	0
Nandrampura	28	288	283325	754481	0
Nandrapuram	31	90	191721	788940	0
Nandrasi	33	31	271669	811732	0
Nandrauli	33	605	265735	821424	0
Nandre	20	185	208759	745027	0
Nandre	20	78	204829	748034	0
Nandrera	12	348	326306	761183	0
Nandres	25	273	195543	831086	0
Nandrevadi	20	57	159909	741439	0
Nandri	19	317	216450	756149	0
Nandri	28	679	269238	767545	0
Nandri	19	16	241364	763513	0
Nandri	20	49	206190	764272	0
Nandri	20	134	207824	804920	0
Nandri	15	333	140848	751270	0
Nandrok	19	354	217925	796616	0
Nandrukona	1	194	190061	835335	0
Nandrul	12	39	320844	762391	0
Nandrun	20	132	209125	772225	0
Nandsa	28	298	252635	742708	0
Nandsavangi	20	132	206734	777568	0
Nandsha	28	298	253558	742049	0
Nandsi	28	428	259296	748987	0
Nandsia	33	417	256288	788413	0
Nandsuri	4	602	254704	877483	0
Nandtola	4	457	270050	844788	0
Nandu	28	463	272643	764779	0
Nandu	29	85	271508	883015	0
Nandu	19	443	220303	779831	0
Nandu	33	605	268186	816458	0
Nandu Dih	33	269	273282	823064	0
Nandu ka Pura	19	459	262445	775417	0
Nandu ka Purwa	33	444	254099	803870	0
Nandu Purwa	33	522	269502	819458	0
Nandua	25	368	224609	859883	0
Nanduapur Narautha	33	659	272925	797402	0
Nanduatola	4	117	246701	850720	0
Nanduburu	25	368	220066	857512	0
Nandudhana	19	325	217781	788032	0
Nandudih	4	117	245914	851702	0
Nandudih	14	454	247286	857904	0
Nandukan Moti	10	170	232316	739994	0
Nandukan Nan	10	170	232207	739908	0
Nandukkalamvalavu	30	227	112718	774003	0
Nandukkuli	30	175	116286	794593	0
Nandul	25	273	199317	830066	0
Nandula	33	584	255471	822561	0
Nandulia	33	445	271077	793744	0
Nandupala	25	380	208374	828676	0
Nandupatti	30	5	95420	785340	0
Nandupur	33	444	255900	810145	0
Nandupur	33	637	263143	817530	0
Nandupur	33	605	265956	820583	0
Nandupur	33	532	265479	824553	0
Nandupur	33	314	269559	833038	0
Nandupura	33	196	251998	828893	0
Nandur	20	34	191132	757333	0
Nandur	20	34	186759	758360	0
Nandur	20	138	186408	776917	0
Nandur	20	132	207468	776845	0
Nandur	20	132	209602	773710	0
Nandur	20	54	200906	744817	0
Nandur	20	54	203589	745564	0
Nandur	15	59	142520	746115	0
Nandur Buzurg	20	67	205791	781558	0
Nandur Buzurg	20	132	210383	777496	0
Nandur Khurd	20	54	202099	741052	0
Nandur Madmeshwar	20	54	200126	741540	0
Nandur Shingote	20	54	197207	741362	0
Nandura	20	34	191508	761771	0
Nandura	20	616	198088	770471	0
Nandura	28	298	253552	740905	0
Nandura	20	67	199488	774049	0
Nandura Khurd	20	67	205031	782458	0
Nandura Khurd	19	30	212931	764839	0
Nandura Khurd	20	49	208282	764582	0
Nandura Lashkarpur	20	132	210778	778007	0
Nandura Pinglai	20	132	211352	779512	0
Nandurabad	20	132	206335	779522	0
Nandurdi	20	54	201358	741030	0
Nandurga	20	48	180899	762574	0
Nandurga	20	156	180584	764656	0
Nanduri	20	48	178668	760877	0
Nanduri	20	132	214956	770926	0
Nandurkheda	20	78	212028	760380	0
Nandusa	20	138	192460	772989	0
Nandusiarha	4	394	248734	837798	0
Nandutola	6	620	203643	808437	0
Nanduwali	11	664	303516	771112	0
Nanduwan	33	301	266724	807553	0
Nandvade	20	57	159011	742252	0
Nandvalgadde	15	59	145593	746690	0
Nandvalli	15	59	149089	747061	0
Nandvan	20	182	216809	741083	0
Nandvan	20	182	216762	740936	0
Nandvel	20	78	210380	761701	0
Nandwa	33	479	258273	833319	0
Nandwa	28	550	254592	739800	0
Nandwa Purwa	33	659	274306	801953	0
Nandwa Purwa	33	659	274310	801915	0
Nandwai	28	402	250040	749457	0
Nandwai	6	275	215055	813245	0
Nandwal	13	559	326642	747656	0
Nandwal	33	564	261112	835670	0
Nandwal	33	282	273725	814637	0
Nandwan	33	488	272658	807784	0
Nandwara	19	568	227105	784312	0
Nandwara	19	503	229741	791562	0
Nandwara	28	428	260281	744781	0
Nandwaram	31	203	170250	775910	0
Nandwardhan	20	110	196152	797587	0
Nandwel	28	-1	237989	749589	0
Nandyal	15	167	182740	775152	0
Nandyal Tank	1	224	154892	785027	0
Nandyala	15	352	146753	758027	0
Nandyalampeta	1	221	147218	788083	0
Nandyalapalle	1	221	146607	781730	0
Nandyani	33	584	255703	819613	0
Nandyappagaripalli	15	422	138131	779776	0
Nanebhogatoli	14	541	236080	851526	0
Nanegaon	20	112	204930	755614	0
Nanehra	27	543	300338	761704	0
Naneli	9	24	155821	741486	0
Nanemahulpali	25	478	215147	838222	0
Nanemau	33	389	270131	786133	0
Nanemau	33	575	262018	822422	0
Nanenahalli	15	422	135399	776662	0
Naneola	11	664	302550	765726	0
Nanera	28	321	243707	766797	0
Nanesera	14	476	226824	843901	0
Nanetar	13	690	325996	751849	0
Nanevadi	20	57	159985	741361	0
Nanga	13	690	324672	749574	0
Nanga	28	463	279386	764917	0
Nanga	28	22	241502	740807	0
Nanga Bawa Dhussa	33	605	267876	820942	0
Nanga ka Khera	28	402	251279	746025	0
Nanga Purwa	33	659	272269	798785	0
Nanga Purwa	33	548	271072	797174	0
Nanga Purwa	33	282	274333	814685	0
Nanga Thathal	27	284	317278	757973	0
Nangada	1	194	186948	838061	0
Nangaimoli	30	201	84717	779785	0
Nangaipatti	30	436	101573	787641	0
Nangajori	25	281	215489	853767	0
Nangal	28	463	273548	762226	0
Nangal	13	485	332227	743199	0
Nangal	13	640	329596	749322	0
Nangal	11	415	285523	756626	0
Nangal	11	606	282656	768146	0
Nangal	28	467	291450	752157	0
Nangal	11	415	287291	762028	0
Nangal	28	463	273775	767117	0
Nangal	28	463	277854	767944	0
Nangal	11	524	278008	769884	0
Nangal	28	463	276460	768020	0
Nangal	28	679	265182	763270	0
Nangal	28	302	264984	760373	0
Nangal	28	429	267970	768660	0
Nangal	27	700	306644	748570	0
Nangal	27	480	306137	753112	0
Nangal	27	696	304253	756481	0
Nangal	8	691	286066	771161	0
Nangal	28	120	270622	755645	0
Nangal	11	667	282834	762791	0
Nangal	11	500	283378	764080	0
Nangal	11	466	290173	770878	0
Nangal	27	742	304836	760358	0
Nangal	28	113	275455	771486	0
Nangal	28	463	279450	762519	0
Nangal	28	463	278297	763842	0
Nangal	33	458	292574	771628	0
Nangal	13	690	326311	751100	0
Nangal	13	477	323936	754056	0
Nangal	27	665	322477	754888	0
Nangal	27	284	320073	756440	0
Nangal	12	39	321870	756472	0
Nangal	12	39	320524	758516	0
Nangal	12	39	321582	759431	0
Nangal	27	468	319101	751436	0
Nangal	27	214	316515	752443	0
Nangal	27	545	310916	750490	0
Nangal	27	468	319606	753696	0
Nangal	27	468	319887	754597	0
Nangal	27	355	311644	754927	0
Nangal	27	284	319136	757142	0
Nangal	27	284	318367	756370	0
Nangal	27	284	316556	755412	0
Nangal	27	355	315412	756654	0
Nangal	27	284	316962	756821	0
Nangal	27	544	311956	757637	0
Nangal	27	355	310217	757785	0
Nangal	12	348	324537	765683	0
Nangal	12	39	319883	760291	0
Nangal	12	39	319277	761100	0
Nangal	12	39	319215	760964	0
Nangal	12	39	318898	760190	0
Nangal	12	39	318624	761737	0
Nangal	27	284	312002	762068	0
Nangal	27	283	310165	761726	0
Nangal	27	704	310937	765569	0
Nangal	12	604	310736	766996	0
Nangal	27	704	310613	766024	0
Nangal	11	722	280746	773822	0
Nangal	28	120	272250	757629	0
Nangal	28	120	270023	758960	0
Nangal	28	113	278030	770563	0
Nangal	27	284	317594	757007	0
Nangal Alaf	28	463	275421	768412	0
Nangal Amli	27	214	319164	747694	0
Nangal Badla	28	463	277837	765492	0
Nangal Baghanan	27	468	318240	753120	0
Nangal Baghanan	27	468	318082	753808	0
Nangal Chawar	27	468	317545	754247	0
Nangal Chhanga	27	283	310316	759538	0
Nangal Dam	12	-1	314000	763667	0
Nangal Dewat	8	691	285522	770984	0
Nangal Dhakka	12	604	311826	766350	0
Nangal Dial Singh	27	214	316240	750082	0
Nangal Farid	27	284	316049	756936	0
Nangal Farida	27	665	321964	754745	0
Nangal Gali	13	1	336639	741056	0
Nangal Ghorewah	27	284	317290	757978	0
Nangal Guru	27	214	315368	750095	0
Nangal Hira	28	463	276941	767141	0
Nangal Ishar	27	284	316433	757879	0
Nangal Jaisanbohran	28	120	269670	757407	0
Nangal Jamal	27	284	316055	756994	0
Nangal Janalpur	28	-1	281772	763278	0
Nangal Jarial	12	315	317329	759869	0
Nangal Jat	11	722	279435	772822	0
Nangal Kalan	28	519	288343	754609	0
Nangal Kalan	11	466	289004	771349	0
Nangal Kalan	27	284	316028	757563	0
Nangal Kalan	27	355	310694	753610	0
Nangal Kalan	27	284	313331	759839	0
Nangal Kanungoan	27	284	316403	758221	0
Nangal Khanauran	27	284	318569	759433	0
Nangal Khurd	28	519	288178	754964	0
Nangal Khurd	27	680	299364	753780	0
Nangal Khurd	27	355	310585	753622	0
Nangal Khurd	27	355	315497	756624	0
Nangal Kuhl	12	604	311589	766771	0
Nangal Labuna	27	544	316128	754701	0
Nangal Lalchand	27	680	299225	753945	0
Nangal Maruf	27	284	315597	758050	0
Nangal Maujia	28	463	278088	766690	0
Nangal Mubarikpur	11	524	278871	769608	0
Nangal Narayan	27	544	313252	754061	0
Nangal Ogra	11	500	280191	765690	0
Nangal Pandatpura	28	120	276572	762111	0
Nangal Pathani	11	500	283602	764977	0
Nangal Pind	27	284	316641	758711	0
Nangal Plot Fourteen	11	482	300536	765310	0
Nangal Punuan	27	214	317431	749401	0
Nangal Rajawatan	28	679	267514	763348	0
Nangal Raya	8	691	286094	771118	0
Nangal Rupa	28	463	272963	769303	0
Nangal Sabha	11	722	278973	772536	0
Nangal Sahaul	27	214	319826	748656	0
Nangal Salia	28	463	279370	766465	0
Nangal Santokhara	28	463	278263	766184	0
Nangal Shahid	27	284	314942	759596	0
Nangal Shahpur	11	524	279766	770474	0
Nangal Sia	28	463	279593	765485	0
Nangal Sultanpura	28	429	268552	768736	0
Nangal Tappa	28	463	274294	767813	0
Nangal Teju	11	500	280182	765628	0
Nangal Thakuran	8	737	288081	770072	0
Nangal Thandal	27	284	313231	758861	0
Nangal Tola	27	214	317264	747640	0
Nangala	15	188	121499	758290	0
Nangalabada	25	349	197846	835924	0
Nangalakata	25	527	204068	850735	0
Nangalbahali	25	273	198458	832855	0
Nangalbaria	35	4	223795	884022	0
Nangalbeda	25	273	197524	834123	0
Nangalbor	25	572	200812	824537	0
Nangaldala	27	468	321046	752829	0
Nangaleju	25	373	203758	844206	0
Nangalepcha	29	85	271447	882959	0
Nangaleswar	25	405	216186	871904	0
Nangalheri	28	463	274527	763914	0
Nangalia Ranmokh	11	500	283195	766296	0
Nangalichamakanahalli	1	-1	131858	785446	0
Nangaliya	28	288	280476	759721	0
Nangalkata	25	262	220796	850881	0
Nangalkhola	25	423	201127	847030	0
Nangalwalia	28	463	275824	767907	0
Nangam	13	119	344775	746572	0
Nangama	19	335	229813	745894	0
Nangamangalam	1	207	130503	791707	0
Nangamangalam	30	158	127508	793203	0
Nangamangalam	30	158	129203	795464	0
Nangamangalam	30	260	109095	787218	0
Nangamangalam	30	260	109056	787095	0
Nanganallur	30	238	129805	801881	0
Nanganayakkanur	30	204	114445	775921	0
Nangandoh	20	168	207456	802918	0
Nanganwan	11	586	285385	764254	0
Nangaon	20	141	205250	788182	0
Nangapallam	30	220	133991	801355	0
Nangapur	33	312	279990	804008	0
Nangar	4	491	263134	879592	0
Nangarai	30	257	107746	795956	0
Nangarain	27	284	314748	759337	0
Nangarbahra	6	285	205473	822888	0
Nangardabri	6	627	205781	816118	0
Nangarecha	10	107	230210	692127	0
Nangarkota	25	262	218475	851014	0
Nangarmuda	6	374	225303	824794	0
Nangarwan	12	39	321885	757468	0
Nangathur	30	197	121160	794142	0
Nangattiri	16	253	107902	761764	0
Nangaun	12	267	319202	767527	0
Nangayarkulangara	16	234	92532	764554	0
Nangchula	34	413	296221	792193	0
Nangekavundanpalaiyam	30	204	114570	775106	0
Nangel	1	258	183815	828368	0
Nangel	6	578	188628	818772	0
Nangha Kagher	34	430	301895	782089	0
Nanghati	19	217	228359	816919	0
Nanghawali Dhani	11	606	283168	768299	0
Nangi	35	4	225083	882153	0
Nangi	13	1	337556	743278	0
Nangi Hauli	33	584	254515	817702	0
Nangi Jinjar	13	0	343030	740459	0
Nangi ka Badh	28	120	270138	759613	0
Nangii	27	284	318985	758918	0
Nangiyanandal	30	197	123027	795028	0
Nangjhari	25	349	198706	834590	0
Nangla	11	425	296137	758889	0
Nangla	11	500	282079	764524	0
Nangla	28	463	276132	766258	0
Nangla	33	523	278858	779109	0
Nangla	11	415	286290	759957	0
Nangla	11	667	283772	759073	0
Nangla Firozpur	28	113	277205	770624	0
Nangla Jamalpur	33	672	289670	776024	0
Nangla Ojha	28	463	277921	765895	0
Nangladara	25	499	194321	822359	0
Nangli	15	47	131995	785153	0
Nangli	11	500	280432	766153	0
Nangli	11	425	296026	759045	0
Nangli	28	463	281322	764536	0
Nangli	28	463	278515	765946	0
Nangli	28	463	278588	767930	0
Nangli	28	463	275015	767673	0
Nangli	28	463	273460	769278	0
Nangli	28	472	280928	751047	0
Nangli	28	519	286447	753086	0
Nangli	33	672	291454	776990	0
Nangli	8	755	285977	772798	0
Nangli	19	648	230828	769533	0
Nangli Bhawana	28	463	273332	769466	0
Nangli Bhawana Ka Bas	28	463	273332	769621	0
Nangli Godha	11	500	281666	765505	0
Nangli Gujaran	28	288	280203	755910	0
Nangli Jalib	8	739	286326	770882	0
Nangli ki Dhani	28	463	281284	764403	0
Nangli Puna	8	737	287727	771477	0
Nangli Sakraoti	8	731	286243	770182	0
Nangli Sakraoti	8	731	286196	770018	0
Nanglia	28	463	282080	768374	0
Nanglia	28	463	278717	767125	0
Nanglia	28	22	245224	740721	0
Nanglia	28	120	267570	758286	0
Nanglia	28	22	245583	738082	0
Nanglidadar	19	217	229946	814497	0
Nangloi Saiyea	8	739	286612	770843	0
Nangnal	12	39	320413	765208	0
Nangnia Purwa	33	488	274340	808784	0
Nangola	4	581	255823	852509	0
Nangolwa	4	136	255474	856763	0
Nangopahari	6	723	221029	815464	0
Nangor	10	107	232936	697246	0
Nangor	35	347	244269	879617	0
Nangpura	19	326	232867	786447	0
Nangpura	28	402	251058	746408	0
Nangpura	6	299	213071	818362	0
Nangra	4	382	267440	847564	0
Nangraur	12	460	312436	774700	0
Nangri Dogri	12	83	315694	783768	0
Nangriwas	28	120	276288	762321	0
Nangsila	34	413	297095	797202	0
Nangtalai	28	115	265480	766406	0
Nangtanar	6	17	219173	832809	0
Nangte Chak	13	559	325729	749296	0
Nangthala	11	327	293264	757086	0
Nangtola	6	725	229016	820055	0
Nangudi	30	230	107862	797497	0
Nangudi	30	175	114075	795203	0
Nanguli	15	55	125253	753184	0
Nangundikop	15	77	156553	749776	0
Nanguppatti	30	193	105620	786940	0
Nangur	6	578	189425	820408	0
Nangur	30	118	97627	782117	0
Nangur	30	118	96970	781696	0
Nangur	30	198	111772	797787	0
Nangur	30	175	114603	789755	0
Nanguri	15	55	130411	753458	0
Nangutola	6	642	207757	808833	0
Nangutola	6	642	207390	809596	0
Nanha	20	139	210828	793604	0
Nanha	4	727	256174	866764	0
Nanha Ghat	4	727	256116	866644	0
Nanhaganj	33	516	259098	841244	0
Nanhah Dih	33	269	273276	823610	0
Nanhaipur	33	31	271418	810662	0
Nanhak Bigha	4	112	248553	843900	0
Nanhakhera	19	576	230895	798370	0
Nanhaktola	4	507	252269	849902	0
Nanhan	12	348	325627	761441	0
Nanhari	11	88	304516	772809	0
Nanhari	20	390	209898	798866	0
Nanhaura	33	645	263533	796553	0
Nanhe	33	659	274829	801715	0
Nanhegaon	20	131	176780	761746	0
Nanheora	33	451	278573	795547	0
Nanhera	11	439	298753	770894	0
Nanhera	11	664	304392	771572	0
Nanhera	33	525	295368	778310	0
Nanhera	27	543	304630	767062	0
Nanhera	33	-1	293559	771180	0
Nanhera	33	553	292337	783944	0
Nanhera	33	464	288028	785473	0
Nanhera Allahyarpur	33	464	289240	786009	0
Nanheri	11	425	296666	756892	0
Nanheri	27	608	308076	766088	0
Nanheri	27	543	303790	766938	0
Nanhi	19	576	231738	797546	0
Nanhi	20	134	206347	801890	0
Nanhi Bandhi	19	638	249085	793662	0
Nanhi Bijwar	19	512	241340	797968	0
Nanhi Bikor	19	338	242282	786317	0
Nanhi Deori	19	338	233747	789714	0
Nanhi Mau	19	638	250205	794531	0
Nanhi Padrai	19	338	234867	789194	0
Nanhi Tehri	19	462	246825	790696	0
Nanhi Tembha	19	317	218452	758135	0
Nanhia	4	505	245689	863425	0
Nanhia Jot	33	623	265477	830112	0
Nanhia Naik	33	623	265435	830118	0
Nanhikanhar	19	354	220188	796204	0
Nanhipur	33	548	269656	797257	0
Nanhipur	33	31	269160	815488	0
Nanhitola	20	134	206168	801883	0
Nanhku	33	31	268733	816045	0
Nanhopur	33	688	259855	817092	0
Nanhora Buzurg	33	417	252752	784001	0
Nanhora Khurd	33	417	252619	784148	0
Nanhori	20	110	206690	798179	0
Nanhu	33	659	275576	799817	0
Nanhu	4	394	251246	842636	0
Nanhu Bigha	4	112	250852	844494	0
Nanhu Bigha	4	112	249497	846967	0
Nanhu Bigha	4	117	245123	849374	0
Nanhu ka Pura	33	33	256231	821960	0
Nanhua	33	282	273886	815962	0
Nanhuanpur	33	645	262983	797705	0
Nanhuapur	33	269	275351	821992	0
Nanhuin	33	575	262956	821277	0
Nanhun	33	282	275339	815790	0
Nanhun Pura	33	522	272595	819253	0
Nanhupur	33	33	254999	827158	0
Nanhupur	33	196	251406	827429	0
Nanhupur	33	479	260999	830317	0
Nanhwanpur	33	152	266511	827250	0
Nanhwara	19	576	232341	797089	0
Nanhwara	19	337	237021	805231	0
Nanhwara Kalan	19	337	240076	805607	0
Nanhwara Kalan	19	337	238371	805330	0
Nanhwara Khurd	19	337	238539	805359	0
Nani	12	460	312154	774134	0
Nani	34	413	295537	799053	0
Nani Chandur	10	231	235778	716258	0
Nani Dadheli	10	170	231614	740614	0
Nani Goga	28	288	283090	759088	0
Nani Jeher	10	164	231635	731279	0
Nani Khara	33	525	292379	778784	0
Nani Kulori	34	413	295818	799097	0
Nani Makrai	19	446	220834	770819	0
Nani Nivali	19	239	216880	749065	0
Nani Purwa	33	488	275686	807651	0
Nania	4	457	270494	843013	0
Nania	33	539	267872	842370	0
Nania	4	491	263026	877395	0
Nania Chhapra	33	516	257923	841216	0
Nanian	13	559	329939	744521	0
Naniari	33	637	262273	814905	0
Naniatoli	4	457	271398	844879	0
Naniccheri	16	256	120112	754023	0
Nanidih	35	347	240795	875302	0
Nanigunda	25	373	203394	844374	0
Nanika	10	170	231104	739578	0
Nanikasat	28	163	231793	743695	0
Nanikyanahallikoppal	15	93	126277	766687	0
Nanine	13	358	331136	757812	0
Naningkhet	34	692	298731	795675	0
Nanippalaiyam	30	204	112030	776472	0
Nanipur	33	31	270066	812654	0
Nanising Gunta	30	197	122822	793968	0
Naniyakheri	19	338	240573	781501	0
Naniyur	16	256	119771	754090	0
Naniyur	30	436	97553	788181	0
Naniyurnambram	16	256	119913	754108	0
Nanj	12	267	313432	773450	0
Nanja	20	53	202198	757276	0
Nanjah	12	460	313443	774676	0
Nanjai Gopichettipalaiyam	30	204	114726	774691	0
Nanjai Idaiyar	30	223	110984	780351	0
Nanjai Kilabadi	30	204	112016	778602	0
Nanjai Kondalam	30	223	110733	779351	0
Nanjai Puliampatti	30	204	114955	774113	0
Nanjaigaudandoddi	15	69	121141	773479	0
Nanjaikalipalaiyam	30	227	108347	778349	0
Nanjaikavundanpalaiyam	30	223	111776	778713	0
Nanjaimagattuvalkkai	30	175	114630	797348	0
Nanjaimagattuvalkkai	30	175	114597	797502	0
Nanjaina Kottige	15	246	139313	766106	0
Nanjaipallivadi	30	260	108930	787298	0
Nanjaittalaiyur	30	227	108594	778022	0
Nanjaittamaraikkulam	30	227	112745	772826	0
Nanjakavundanpalaiyam	30	204	114662	774432	0
Nanjakkad	16	234	92490	765919	0
Nanjakkavundanpudur	30	154	110610	769234	0
Nanjakod	15	333	138865	750404	0
Nanjalur	30	175	113673	796563	0
Nanjampeta	1	207	128252	784424	0
Nanjanad	30	114	113669	766415	0
Nanjanakoppalu	15	97	135224	760450	0
Nanjanapuram	30	204	117061	768939	0
Nanjanapuram	30	204	113133	776531	0
Nanjanayakanahalli	15	74	121492	762866	0
Nanjanayakkanur	30	204	113725	775040	0
Nanjandpura	15	47	130371	779348	0
Nanjangaudanadoddi	15	93	123858	771426	0
Nanjankulam	30	186	88156	776816	0
Nanjanpalya	15	43	130158	774149	0
Nanjappakavundanpudur	30	227	108502	773002	0
Nanjappakavundanvalasu	30	204	113232	777051	0
Nanjappakavundanvalasu	30	227	110880	776494	0
Nanjappanahalli	15	97	134894	761303	0
Nanjappanpalaiyam	15	-1	126747	776696	0
Nanjapur	15	652	128596	759350	0
Nanjapur	15	93	124099	772187	0
Nanjapura	15	92	136248	773154	0
Nanjapura	15	652	132405	760420	0
Nanjapura	15	74	120143	765010	0
Nanjapura	15	603	126306	772898	0
Nanjapuram	1	99	145331	769629	0
Nanjapuram	30	215	126895	780144	0
Nanjaraipura	15	93	122603	770830	0
Nanjarapalli	1	207	132961	791325	0
Nanjareddipalle	1	426	139041	777755	0
Nanjarkulangara	16	234	92585	764772	0
Nanjavalli	15	333	140029	751983	0
Nanjayapalaiyam	30	215	125351	777527	0
Nanjedevanpur	15	69	119236	768462	0
Nanjegaudanahundi	15	74	122729	768555	0
Nanjegowdanpalya	15	92	129227	770380	0
Nanjekavundanpudur	30	154	110594	769593	0
Nanjekavundanpudur	30	154	106400	769648	0
Nanjekavundanpudur	30	154	107199	770160	0
Nanjekavundanur	30	227	107377	771526	0
Nanjenahalli	15	93	126740	767724	0
Nanjha	20	67	203447	783674	0
Nanjhalli	15	69	119822	768261	0
Nanjikod	15	333	139204	750757	0
Nanjipuram	30	159	125737	797796	0
Nanjireddipalli	15	422	138484	778287	0
Nanjivayal	30	436	99887	789207	0
Nanjiyampalaiyam	30	227	107698	775114	0
Nanjundapuram	30	154	110857	768726	0
Nanjundapuram	30	154	111173	770488	0
Nanjundapuram	30	154	109766	769952	0
Nanjundapuram	30	204	111578	775188	0
Nanjundapuram	30	227	107429	774130	0
Nanjundayahalli	15	93	123563	770012	0
Nanjundesvara Gudi	15	74	121161	766950	0
Nanjundiahanapalya	15	92	129996	770815	0
Nanjundpur	15	74	123444	760055	0
Nanjundpura	15	43	128794	774077	0
Nanjur	30	193	105789	788078	0
Nanka Tola	33	314	265237	835000	0
Nankadih	14	434	245432	860786	0
Nankalattur	30	238	123358	799607	0
Nankandicheri	30	435	82488	774418	0
Nankar	33	531	288198	790489	0
Nankar	33	595	277326	817331	0
Nankar	33	595	276219	817611	0
Nankar	33	595	275149	817749	0
Nankar	33	531	286662	789992	0
Nankar	4	457	270511	843964	0
Nankar	4	457	269293	843419	0
Nankar	4	382	265980	846105	0
Nankar	4	382	265818	846811	0
Nankar	4	382	263807	848810	0
Nankar	4	382	263763	849578	0
Nankar	33	329	286687	795609	0
Nankar	4	569	261041	862675	0
Nankar	4	396	254070	869960	0
Nankar	4	396	252978	869939	0
Nankar	4	641	261024	873408	0
Nankar Bhaira	3	726	264868	915027	0
Nankar Chapra Bali	4	382	263997	849576	0
Nankar Parsauni Bajid	4	382	264668	849121	0
Nankar Rani	33	531	290754	791095	0
Nankarain	33	531	288787	791765	0
Nankari	4	457	270945	845510	0
Nankatanr	14	434	241861	862022	0
Nankatoli	14	416	227690	850279	0
Nankatti	6	275	213500	813167	0
Nankeldanga	35	4	222631	884300	0
Nankhara	33	242	253344	827793	0
Nankhari	12	460	313047	775838	0
Nankhatoli	14	476	225894	844215	0
Nankhowri	19	317	216908	759909	0
Nanki Nandauli	28	22	246563	741979	0
Nankitanrtoli	14	678	236170	848351	0
Nankitappu	4	410	262466	870469	0
Nankolli	30	220	131276	794718	0
Nankot	34	589	301422	787626	0
Nanku	33	282	278255	813323	0
Nanku Gauri	33	282	279964	812463	0
Nanku Purwa	33	595	276505	819208	0
Nanku Purwa	33	282	272301	816375	0
Nanku Purwa	33	522	270051	824262	0
Nanku Purwa	33	654	262125	813483	0
Nanku Raitola	4	597	254394	841940	0
Nankumandar	4	727	254579	864796	0
Nankunam	30	197	122979	797446	0
Nankund	19	317	220328	757752	0
Nankutola	4	567	251558	862690	0
Nanmai	33	445	269996	789561	0
Nanmai	33	626	256388	813938	0
Nanmangalam	30	238	129381	801753	0
Nanmanthnal	15	86	161149	761859	0
Nanmau	33	488	273532	811085	0
Nanmau	33	31	268733	812195	0
Nanna	33	496	271444	836327	0
Nanna Jirpudi	1	25	172819	813305	0
Nannadih	33	479	263256	829931	0
Nannadu	30	197	119379	794581	0
Nannai	30	255	113270	790549	0
Nannaj	20	150	196945	742523	0
Nannaj	20	34	188505	766040	0
Nannamukku	16	148	107102	760300	0
Nannapanenivaripalem	1	308	161496	803782	0
Nannapur	33	532	263386	827382	0
Nannaram	30	376	117895	792828	0
Nannarimangalam	30	257	107986	796570	0
Nannattampalaiyam	30	197	119061	795373	0
Nannattukavu	16	211	86163	769159	0
Nanneri	30	180	126602	787023	0
Nanni Nagla	33	644	277386	781674	0
Nanni Tehri Ugad	19	462	246821	790505	0
Nanniacharipatti	30	183	104404	781204	0
Nannial	31	90	190667	796333	0
Nannikkuppam	30	175	117084	794380	0
Nannikulam	30	186	84202	778428	0
Nannimangalam	30	260	108686	788280	0
Nannivalu	15	246	143192	765784	0
Nanniyavur	30	436	96103	787695	0
Nanniyodu	16	253	106465	767814	0
Nanniyur	30	427	110742	780852	0
Nanniyur	30	369	112713	791763	0
Nannu Nagla	33	523	276745	779817	0
Nannurupadu	1	212	157476	799334	0
Nano	12	460	310278	773790	0
Nano Bhukia	28	163	233890	740255	0
Nano Mazra	27	608	306720	766997	0
Nano Nangal	27	468	320898	754905	0
Nanod	19	635	227416	757766	0
Nanod	19	635	227316	757752	0
Nanoda	19	129	221832	748431	0
Nanodem	9	24	155794	742075	0
Nanodra	10	123	228248	722049	0
Nanog Pura	33	33	255462	824772	0
Nanog Pura	33	33	255301	824906	0
Nanohan	12	653	314578	775265	0
Nanoke	27	214	318927	748660	0
Nanoki	27	543	304884	762217	0
Nanon	19	395	246079	780238	0
Nanon	12	514	307714	775117	0
Nanonangal	27	468	320949	755022	0
Nanoni	19	338	240926	786423	0
Nanopur	11	565	307572	769891	0
Nanor	12	348	328474	760872	0
Nanor	4	495	252736	857067	0
Nanora	19	420	255820	773665	0
Nanora	19	638	246991	795401	0
Nanori	19	503	228645	791335	0
Nanori	20	132	212637	777608	0
Nanori	19	16	238911	766549	0
Nanosar	28	120	269268	756595	0
Nanot Got	12	348	330897	764250	0
Nanoti	19	395	242492	780108	0
Nanowal	27	543	304993	762508	0
Nanowal	12	604	310072	767019	0
Nanowal Bora	27	624	308566	763099	0
Nanowal Chhota	27	624	308496	763102	0
Nanowal Kala	27	468	318539	755017	0
Nanowal Khurd	27	468	318459	754988	0
Nanowal Khurd	27	468	318672	755057	0
Nanowaparan	33	575	263125	822164	0
Nanpalia	33	516	260561	838268	0
Nanpara Muwara	10	124	231000	732418	0
Nanphalia	14	678	237164	847235	0
Nanphara	4	136	257819	859073	0
Nanpi	33	389	270549	784889	0
Nanpon	19	326	229361	780518	0
Nanpulali	6	374	223785	822829	0
Nanpur	25	292	203683	861066	0
Nanpur	28	429	261502	769264	0
Nanpur	33	526	271267	780801	0
Nanpur	33	526	271619	778823	0
Nanpur	33	686	265722	795129	0
Nanpur	33	492	287699	787750	0
Nanpur	4	117	244544	850112	0
Nanpur	4	560	264408	856653	0
Nanri	12	604	309056	769562	0
Nanron	34	413	296997	792173	0
Nanrukatchi	30	436	96807	782974	0
Nansa	33	605	265288	822950	0
Nansagar	4	363	254471	847656	0
Nansahra	4	507	251269	851034	0
Nansal	13	529	332473	751774	0
Nansalai	10	170	230635	741601	0
Nansalai	10	170	226023	740631	0
Nansalai	10	140	230905	737047	0
Nansalai Muwara	10	140	232453	734732	0
Nansi	20	53	195853	763282	0
Nansian	6	17	218739	833547	0
Nansu	13	359	327286	754497	0
Nansu	34	589	300144	787917	0
Nansu Bigha	4	495	250561	853644	0
Nansuralla	1	228	154486	776851	0
Nansyun	34	589	299710	790113	0
Nanta	28	357	252072	758074	0
Nanth	13	35	335100	758956	0
Nantha	20	185	212188	750548	0
Nanthal	13	35	333641	756392	0
Nanthankulam	30	186	83331	778442	0
Nanthavanapalli	15	422	137463	777697	0
Nanthiattukunnam	16	173	101320	762360	0
Nanthiyangod	16	253	107617	761237	0
Nanthu	33	645	263767	797827	0
Nanti	12	460	311718	770621	0
Nanti	12	460	316144	777291	0
Nantori	28	115	264488	762204	0
Nantur	15	333	135436	751615	0
Nanu	12	514	307859	773080	0
Nanu	33	697	288252	772755	0
Nanu Bigha	4	112	250268	845638	0
Nanu Hari	27	468	319605	751821	0
Nanu Kalan	11	606	282712	767408	0
Nanu Khurd	11	606	282849	767190	0
Nanu Mazara	27	355	311722	758608	0
Nanu Purwa	33	488	276453	812350	0
Nanu Shah	33	479	262042	828870	0
Nanua Chak	4	582	250921	870052	0
Nanuan	33	116	281689	790994	0
Nanuapatti	33	584	254587	821182	0
Nanudiya	28	298	254851	746442	0
Nanuhin	33	488	277783	811259	0
Nanui Purwa	33	659	271632	801437	0
Nanujharia	14	678	238480	842456	0
Nanuka	11	524	281587	769342	0
Nanukhera	19	303	232485	760693	0
Nanukhera	19	311	228553	764403	0
Nanukheri	28	487	245999	769083	0
Nanukheri	19	208	237142	780297	0
Nanukheri	19	334	236591	761328	0
Nanukheri	19	311	231673	760982	0
Nanun Fatehpur	33	672	289268	774805	0
Nanunpura	33	553	292694	782330	0
Nanunwala	27	624	307450	764850	0
Nanupatti	4	410	260515	865351	0
Nanupur	33	525	296904	779225	0
Nanupura	19	568	225668	778569	0
Nanur	35	347	237031	878657	0
Nanur Khera	34	430	303322	780811	0
Nanura Shanklapur	33	661	272282	796188	0
Nanuwa ka Rajpur	33	566	283708	775655	0
Nanuwala	33	492	291353	788857	0
Nanuz	9	24	155076	741331	0
Nanvanya	19	239	217331	747254	0
Nanwa Kheri	33	431	299790	774417	0
Nanwa Khil	12	514	307823	775065	0
Nanwagpur	33	196	252127	825152	0
Nanwalkor	12	39	319838	764570	0
Nanwan	11	667	283778	760119	0
Nanwan	4	117	247034	850697	0
Nanwara	33	591	252187	796590	0
Nanwas	28	288	282487	759628	0
Nanwell	20	17	182724	729470	0
Nanyakheri	19	334	236697	761445	0
Nanyakheri ka Chak	19	334	237463	761446	0
Nanyakherigujar	19	334	237356	761474	0
Nanyari	33	431	301791	774945	0
Nanyera	12	460	311029	773514	0
Nanyibug	13	36	336823	750422	0
Nanyil	13	146	337819	751410	0
Nanyil	13	146	337729	751763	0
Nanzal	13	35	334470	756843	0