Navi Mumbai	20	237	190368	730158	2600000
Navsari	10	213	209424	729247	171109
Navadwip	35	508	234067	883686	111123
Navapur	20	182	211616	737940	34207
Navalgund	15	655	155588	753531	24613
Navalpattu	30	260	107505	787763	16788
Navelim	9	24	155333	739833	12469
Navelim	9	101	152589	739664	12323
Navalur	30	238	128448	802265	7610
Navkawada	20	110	199199	791077	5634
Navoor	15	55	128910	750848	5365
Nava Bhildi	10	133	241907	720059	4994
Nav	34	589	298289	787186	0
Nav Kadal	13	588	340958	748000	0
Nav Nagla	28	599	268772	777411	0
Nava	28	550	250080	738501	0
Nava	10	205	239097	730260	0
Nava	10	205	238218	731410	0
Nava Khera	28	550	252563	740105	0
Nava Pada	20	185	211605	741786	0
Nava Padars	10	133	241449	729238	0
Navabukota	1	190	136892	781245	0
Navada	25	349	190130	838634	0
Navada	25	243	188292	839717	0
Navadgi	15	80	165091	764144	0
Navadra	10	130	219497	692584	0
Navagam	25	305	185806	830005	0
Navagam	1	194	186393	836792	0
Navagam	28	493	234892	737788	0
Navagam	10	205	237788	730984	0
Navagam	10	124	233833	735781	0
Navagam	10	140	233578	736050	0
Navagam	10	140	234012	736740	0
Navagam Ghed	10	143	224968	700823	0
Navagama	19	313	244163	807982	0
Navagaon	15	71	173760	770490	0
Navagaon	20	182	215921	742450	0
Navagudi	30	260	104899	785386	0
Navaikulam	16	211	87794	767869	0
Navajigodethanda	15	603	126173	773756	0
Navajipettai	30	159	128036	797748	0
Navakani	30	183	105787	777410	0
Navakanniyanattam	30	436	99058	786938	0
Navakanpalya	15	92	133451	772773	0
Navakkadu	30	227	112686	774237	0
Navakkadu	30	223	113846	783410	0
Navakkal	30	192	120510	788833	0
Navakkarai	30	154	108571	768692	0
Navakkinattuppatti	30	260	106597	783538	0
Navakkollaikkadu	30	254	103495	792588	0
Navakkurichchi	30	51	116084	787571	0
Navakuva	10	124	233556	735075	0
Naval	30	192	126267	794838	0
Navaladi	30	186	82579	778287	0
Navaladippatti	30	223	111560	783684	0
Navalai	30	109	121721	783634	0
Navalakkapatti	30	427	107145	785205	0
Navalam	30	192	120167	787932	0
Navalamaranahalli	15	93	126351	765730	0
Navalangan	30	193	101323	789658	0
Navalantodu	16	253	106265	768029	0
Navalar Nedunchezian Nagar	30	199	130431	802208	0
Navale	15	93	127640	770004	0
Navaledi	15	333	139632	750357	0
Navalehalu	15	265	142174	759062	0
Navalgadh	10	29	229225	715192	0
Navalgatti	15	77	158093	746953	0
Navalguhalli	15	47	128012	782341	0
Navalhalli	15	92	133666	771342	0
Navalhalli	15	652	128866	759265	0
Navali	19	558	246243	757293	0
Navali	15	352	150484	758926	0
Navalikad	30	435	82465	774295	0
Navallagudem	31	100	169088	789397	0
Navalli	15	655	155483	754779	0
Navalpakkam	30	192	126158	794017	0
Navalpakkam	30	192	124508	795919	0
Navalpatti	30	193	105052	786350	0
Navalpatti	30	223	115706	783645	0
Navalpundi	30	257	107210	794004	0
Navalpur	20	182	215997	744937	0
Navalpur	30	158	129340	793351	0
Navalpura	19	322	264960	789588	0
Navalpura	19	322	264577	789955	0
Navalpura	19	317	218894	756368	0
Navalpura	28	298	253931	744049	0
Navalpura	28	402	250126	743182	0
Navalur	30	238	125939	800429	0
Navalur	15	655	154304	750437	0
Navalur	15	74	123812	759970	0
Navalur	15	74	123722	759932	0
Navalur	30	159	129436	799809	0
Navalur	30	159	128595	799914	0
Navalur	30	159	128543	799984	0
Navalur	30	257	108300	794669	0
Navalur	30	260	107741	785881	0
Navalur	30	254	107521	788806	0
Navalur	30	175	114500	791757	0
Navalur	30	51	118429	786811	0
Navalur	30	51	115226	787409	0
Navalur	30	255	112692	787733	0
Navaluru	15	74	120405	766435	0
Navaluru	15	69	121458	768618	0
Navalyal	20	-1	167500	749000	0
Navamal Kapper	30	197	119019	797087	0
Navamal Marudur	26	-1	119029	796860	0
Navamarattuppatti	30	183	105608	780134	0
Navamarattuppatti	30	183	105072	778638	0
Navamudalur	30	201	84171	779460	0
Navamulai	30	154	104539	770005	0
Navanagar	10	133	241525	728268	0
Navanakere	15	246	138711	761159	0
Navanampeta	1	453	184143	839322	0
Navanari	30	227	107711	773423	0
Navanchanarabari	32	702	231561	917117	0
Navangeri	15	59	145704	749541	0
Navani	30	223	113709	781380	0
Navanitakrishnapuram	30	236	90099	775149	0
Navanitakrishnapuram	30	236	89556	775643	0
Navapara	6	577	186280	816251	0
Navapatti	30	193	104763	785939	0
Navapet	30	159	128225	796961	0
Navapeta	31	63	186469	789198	0
Navapeta	1	258	183487	824837	0
Navappalaiyam	30	204	110774	778640	0
Navappatti	30	51	117393	777836	0
Navappatti	30	193	106060	788524	0
Navappettai	30	175	114487	797268	0
Navapur	20	185	207288	746993	0
Navapura	19	635	224722	756546	0
Navapura	19	129	226414	754993	0
Navara	1	259	170585	822284	0
Navarasapuram	1	307	164533	817215	0
Navarasapuram	1	307	164486	817391	0
Navargaon	20	138	198278	782124	0
Navarkkadu	30	223	113935	783544	0
Navarvalli	15	91	147857	751224	0
Navasari	0	98	122549	928141	0
Navattadi	30	175	116788	794421	0
Navavas	10	133	241262	727445	0
Navavas	10	133	240263	726301	0
Navavas	10	161	240073	727781	0
Navda	20	132	209635	775125	0
Navda Kheri	19	311	227500	760978	0
Navdali	20	78	211720	751480	0
Navdharwadi	20	138	189103	771885	0
Navdi	20	64	173375	740379	0
Navdi	20	226	171713	735378	0
Nave Bavnur	15	583	151415	756869	0
Navedar	20	17	187142	728667	0
Navegaon	20	139	209878	787956	0
Navegaon	20	139	208464	789202	0
Navegaon	20	139	208915	791452	0
Navegaon	20	182	218049	742233	0
Navegaon	20	182	217140	744096	0
Navela	33	280	272488	829383	0
Navele	15	333	139555	755755	0
Navele	15	333	138981	756533	0
Navetti	30	436	97831	787141	0
Navettikulam	30	159	128640	798716	0
Navgai	19	610	240593	811386	0
Navgam	10	245	218533	737094	0
Navgarhwa	33	196	250613	826677	0
Navgarhwa	33	102	248093	827271	0
Navgawan Nandlal	33	102	247627	827619	0
Navge	15	77	157952	744265	0
Navha	20	151	189609	768871	0
Navi Dhrewad	10	130	221453	690709	0
Navi Peth	15	77	159433	752140	0
Navi Primpri	20	67	200675	783188	0
Navi Torli	12	514	305472	777194	0
Navi Uparli	12	514	305505	777215	0
Navibandar	10	711	214508	697866	0
Navidabhadi	20	78	208555	759011	0
Navidanpudur	30	227	108324	773399	0
Navilagam	30	230	107250	797589	0
Navilahalli	15	652	131333	758115	0
Navilare	15	333	137951	753591	0
Navilgar	15	59	145728	747130	0
Navilgon	15	59	143610	744368	0
Navilkurki	15	92	134877	772170	0
Navilodaku	15	92	136132	773487	0
Navin  New Sama	10	157	223398	731916	0
Navin Avli	20	390	207013	799444	0
Navin Chinchmandal	20	67	202310	788048	0
Navin Jiwnapur	20	139	209209	796067	0
Navin Ladaj	20	134	206549	799711	0
Navin Place	8	731	286262	769674	0
Navin Shahdara	8	666	286757	772837	0
Navin Waghdara	20	67	200347	789612	0
Navinagar	33	525	292996	777707	0
Navinal	10	107	228319	695998	0
Navindgi	20	131	174047	761398	0
Navinipatti	30	264	100439	783557	0
Navinippatti	30	436	100796	784743	0
Navinthanpatti	30	215	123649	785095	0
Navipet	31	75	187733	780136	0
Navire	1	194	187919	834936	0
Navisna	10	133	240308	724771	0
Navkhar	20	17	185199	729942	0
Navkhed	20	169	207965	771465	0
Navkhera	19	338	233941	786968	0
Navkhi	20	127	203864	774831	0
Navkli	20	151	192417	769947	0
Navlakha	19	635	226985	758731	0
Navlakhi	10	145	229602	704465	0
Navlapura	28	429	267896	772708	0
Navle ka Pura	28	599	267765	775756	0
Navle ka Pura	28	599	267783	779395	0
Navli	19	322	264310	783913	0
Navli	15	50	161590	762964	0
Navli	19	459	266070	781048	0
Navli	20	182	212670	741048	0
Navora	25	349	194718	834146	0
Navpura	33	645	265571	796883	0
Navpurwa Barend	33	688	259998	817476	0
Navra	20	78	206111	750848	0
Navra	20	78	211874	756420	0
Navrangabad	33	682	275265	784318	0
Navrangpur	33	553	295416	782020	0
Navsal	20	169	207604	775459	0
Navsari	20	132	209631	777374	0
Navsari	20	54	203380	744997	0
Navta	28	288	281183	759509	0
Navthal	20	132	209713	775828	0
Navthal Buzurg	20	132	209459	775777	0
Navtoliya	33	102	244329	830868	0
Navtoria	19	324	247368	772965	0
Navudi	30	215	127010	778221	0
Navuluru	1	308	164492	805537	0
Navunda	15	248	137488	746409	0
Navur	15	55	128989	750782	0
Navurpalli	1	6	144809	796893	0
Navuru	1	6	144823	796747	0
Navuru	15	55	130630	753224	0
Navutala	1	453	187009	840318	0
Navvalkudi	30	5	97411	789943	0
Navvaluttu	30	183	105292	778706	0
Navvappatti	30	183	103768	778384	0
Navvattavu	30	436	100870	789030	0
Navvattavu	30	436	97037	784718	0
Navvattavu	30	436	97770	785763	0
Navwala	33	464	290205	781030	0