Nib Khera	33	682	274098	783596	0
Nib Kheria	33	389	270886	785629	0
Nib Sai	33	278	269346	791061	0
Niba	33	269	275696	820445	0
Niba	33	532	264309	828679	0
Niba	33	488	272972	813352	0
Niba Bhari	33	595	277119	818044	0
Niba Horil	33	623	266638	830513	0
Niba Khera	33	312	279812	804315	0
Nibadandi	33	656	282643	798063	0
Nibah	33	242	254133	828687	0
Nibaheri	28	463	280918	768747	0
Nibahi	33	515	265069	835739	0
Nibahi Dandi	33	515	264749	835745	0
Nibahna	33	645	262952	796118	0
Nibahna	33	710	261766	796331	0
Nibaho	33	370	245870	784178	0
Nibai	33	370	245830	784264	0
Nibaiya	33	584	252289	821168	0
Nibaiya	33	584	253876	819623	0
Nibala	33	174	273650	778066	0
Nibali	13	559	327333	749014	0
Nibali	28	463	276159	768190	0
Nibali	33	458	289814	772918	0
Nibalibas	28	463	276134	768284	0
Nibalpur	33	593	276131	790406	0
Nibalpur	33	661	274034	796040	0
Nibalpur	33	661	275359	794019	0
Nibani	12	348	323588	760828	0
Nibani	28	274	256567	707341	0
Nibania	33	496	269891	836582	0
Nibar Purwa	33	522	270298	824480	0
Nibar Singh	33	522	269112	818642	0
Nibarni	12	348	323796	761028	0
Nibau Nagla	33	451	275199	796884	0
Nibaua	33	593	275970	789043	0
Nibauli Buzuarg	33	645	264206	799695	0
Nibauri	33	488	277427	809300	0
Nibauria	33	522	271119	820373	0
Nibauwa	33	370	245369	783972	0
Nibawar	19	503	230020	784999	0
Nibawar	33	698	259533	805502	0
Nibbarwind	27	214	316840	751277	0
Nibdari	33	451	279379	795608	0
Nibe	13	35	332592	757586	0
Nibera	28	263	260822	739104	0
Niberhra	33	116	282871	788580	0
Nibgaon	33	174	275196	774539	0
Nibgaon	33	174	276577	778245	0
Nibgur	15	265	144398	763116	0
Nibha	33	496	270372	834932	0
Nibha	33	488	273092	806212	0
Nibha Khargpur	33	623	265624	829245	0
Nibha Khera	33	659	272192	805151	0
Nibha Purwa	33	654	260180	814801	0
Nibhaira	28	463	274484	769097	0
Nibhamau	33	659	270611	800773	0
Nibhanupudi	1	68	162773	809923	0
Nibhapur	33	33	256166	822381	0
Nibhapur	33	31	270147	812882	0
Nibhar	33	686	267996	796581	0
Nibhar	33	314	268072	831380	0
Nibhara Purwa	33	282	276596	815383	0
Nibhari	33	301	266630	807802	0
Nibhaur	33	444	256446	806962	0
Nibhaura	33	444	253555	804362	0
Nibhera	28	429	261872	768904	0
Nibhera	28	113	269937	774475	0
Nibhera	19	465	259020	783755	0
Nibhera	33	613	283618	779767	0
Nibheri	19	324	248154	769956	0
Nibhewa	33	496	270839	835092	0
Nibhi	19	638	252420	803282	0
Nibhi	33	314	265620	835979	0
Nibhia	33	595	277423	821252	0
Nibhia	33	152	267800	823674	0
Nibhia Khera	33	444	250383	803657	0
Nibhia Shiu Bakhsh	33	522	272518	820718	0
Nibhora	19	568	228982	784986	0
Nibhora	19	326	232754	787596	0
Nibhora	19	568	226624	781566	0
Nibhora	19	503	227706	789821	0
Nibhora	20	132	212612	776864	0
Nibhora	19	576	232891	800190	0
Nibhori	19	576	232782	800413	0
Nibhsada	20	141	205662	786372	0
Nibi	19	465	259705	784404	0
Nibi	33	196	250987	830050	0
Nibi	4	718	250605	833859	0
Nibi	4	718	251686	835088	0
Nibi	4	718	250053	835795	0
Nibi	33	102	247517	833580	0
Nibi	33	417	256163	788066	0
Nibi	19	497	247274	816142	0
Nibi	19	497	247133	816180	0
Nibi	19	497	245711	815982	0
Nibi	33	584	249954	819505	0
Nibi	33	196	251700	826026	0
Nibi	33	654	261186	807848	0
Nibi	33	619	252222	813286	0
Nibi	33	314	268580	831660	0
Nibi	33	479	260381	831461	0
Nibi	33	539	267779	838950	0
Nibi	33	584	252541	819771	0
Nibi	33	584	253904	819372	0
Nibi	33	444	251485	805488	0
Nibi	33	278	265140	792346	0
Nibi Buzurg	33	479	260662	832396	0
Nibi Dube	33	314	262965	834179	0
Nibi Kalan	4	718	251416	836039	0
Nibi Khurd	33	694	251227	832006	0
Nibi Khurd	4	718	251449	836007	0
Nibi Khurd	33	479	260715	832318	0
Nibi Khurd	33	584	253383	818668	0
Nibi Seni	33	314	263017	834176	0
Nibi Tila	33	314	262952	834180	0
Nibia	-1	-1	280167	816167	0
Nibia	33	593	277693	790931	0
Nibia	33	661	274463	796767	0
Nibia	33	196	248608	829347	0
Nibia	33	522	271482	819067	0
Nibia	33	152	268971	827289	0
Nibia Husain	33	282	276836	816455	0
Nibia Juhi	33	584	251167	816922	0
Nibia Nagla	33	451	276323	794815	0
Nibia Raibojha	33	282	279719	814515	0
Nibia Shah Muhammad	33	282	279146	814928	0
Nibiatanr	14	673	239227	842399	0
Nibiha	33	444	255206	806245	0
Nibiha	33	522	270477	819051	0
Nibiha	33	282	273596	817856	0
Nibiha	33	282	274743	819883	0
Nibiha	33	522	272728	819962	0
Nibiha	33	488	272508	807559	0
Nibiha Purwa	33	659	274856	800792	0
Nibihwa	33	623	268746	830005	0
Nibkarori	33	661	273184	793635	0
Nibkauni	33	269	274220	821789	0
Nibkhera	33	613	283574	778651	0
Nibkhera Bajhera	33	622	286383	785748	0
Nibli	28	210	261723	708473	0
Nibnutvadi	20	65	174641	747200	0
Niboda	19	420	252936	776088	0
Niboda	19	324	243599	775979	0
Niboda	19	338	242878	782044	0
Nibodiya	19	338	240694	781575	0
Nibodiya	19	338	237185	782714	0
Nibodiyatola	19	338	237052	782715	0
Nibohra	33	526	269584	782576	0
Nibola	33	622	287617	785297	0
Nibora	19	502	234801	795402	0
Nibora	19	462	251259	791111	0
Nibora	19	502	240163	792979	0
Nibora	19	502	241373	794783	0
Nibora	19	509	252680	786549	0
Nibora	33	622	285035	785213	0
Nibri	33	278	264672	792466	0
Nibri	33	526	270444	781816	0
Nibria	35	340	226087	882441	0
Nibsai	19	322	263952	788502	0
Nibsani	33	523	279434	777342	0
Nibu Kabirpur	33	516	258491	838072	0
Nibua ka Pura	19	322	264770	788058	0
Nibua Raiganj	33	539	270720	838939	0
Nibuha	19	646	241030	816268	0
Nibuha	19	646	243343	818930	0
Nibuiya	33	280	272447	831053	0
Nibuja	33	417	256727	790508	0
Nibupur	33	694	252990	830638	0
Nibwa	11	-1	306024	769123	0
Nibwa	33	314	269130	832669	0
Nibwala	12	-1	306285	771697	0