Obuladevarapalle	1	224	152666	777482	0
Obuladevarcheruvu	1	426	140254	780002	0
Obuladrigudem	31	241	173910	797364	0
Obulakkapalle	1	195	159038	793161	0
Obulakkapalle	1	195	156053	795532	0
Obulam	1	221	145143	791971	0
Obulam	1	221	145195	791998	0
Obulampalle	1	426	142693	777310	0
Obulanayanipalle	1	426	143763	777835	0
Obulapalle	1	426	139998	775395	0
Obulapuram	1	99	149852	775470	0
Obulapuram	1	99	148320	776377	0
Obulapuram	1	99	149749	776735	0
Obulapuram	1	99	146770	776935	0
Obulapuram	1	99	147856	779077	0
Obulapuram	1	426	144554	778483	0
Obulapuram	1	228	155557	776102	0
Obulapuram	1	224	153394	777942	0
Obulapuram	1	224	153472	777945	0
Obulapuram	1	99	150938	778904	0
Obularajukhandrika	1	45	133622	797881	0
Obularazukhandrika	1	45	134971	798772	0
Obulareddigaripalle	1	190	142256	787422	0
Obulareddipalle	1	426	141887	782899	0
Obulareddipalle	1	195	154507	790053	0
Obulareddipalle	1	195	155947	794447	0
Obulesunipalle	1	10	164217	795578	0
Obulrajukhandigai	1	207	133502	796689	0
Obulrawkhandika	1	45	135327	795122	0
Obulureddigaripalle	1	190	136907	782956	0