Pammal	30	238	129750	801347	75870
Pamban	30	5	92790	792109	30926
Pampur	13	412	340152	749190	21680
Pamuru	1	195	150963	794117	20000
Pama	34	589	299780	784538	0
Pama	4	636	258122	868474	0
Pama Dhani	28	360	298115	741114	0
Pama Purwa	33	659	274949	802098	0
Pamachandrapuram	1	219	174869	829624	0
Pamad	28	22	244628	739589	0
Pamak Purwa	33	645	267354	797384	0
Pamakheri	19	202	223379	766054	0
Pamakheri	28	357	246794	760255	0
Pamakheri	19	208	241361	777014	0
Pamakheri	19	338	238149	788487	0
Pamakheri	19	648	228301	765954	0
Pamal	27	647	308384	757402	0
Pamala	11	586	286928	769443	0
Pamalawada	31	160	193300	789746	0
Pamali	27	647	308266	757468	0
Pamalparti	31	447	177718	786961	0
Paman	4	636	256815	867996	0
Pamana	31	62	172743	781223	0
Pamandapalaiyam	30	223	112281	779452	0
Pamandapatti	30	109	121804	783313	0
Pamangundla	31	100	171790	792559	0
Pamani	30	257	106900	794515	0
Pamani	30	257	105251	796744	0
Pamanji	1	45	140661	801183	0
Pamankallur	15	50	161009	766780	0
Pamar	19	497	247731	816194	0
Pamarahalli	15	246	143887	762436	0
Pamarganj	4	117	246046	846932	0
Pamari	33	329	282324	792757	0
Pamariya	19	208	236865	782515	0
Pamariya	19	646	245405	821734	0
Pamarkheria	33	661	273237	792776	0
Pamarpur	33	444	256312	804028	0
Pamarru	1	68	163254	809599	0
Pamatampalli	15	47	134369	783626	0
Pamati	12	460	312335	770149	0
Pamauli	33	532	264210	822644	0
Pamaur	27	624	306846	765585	0
Pamba Kavundanpalaiyam	30	204	112136	778580	0
Pambadi	16	261	95667	766667	0
Pambadi	30	192	126618	793252	0
Pambadottu	15	55	131053	751492	0
Pambai	13	36	336478	749378	0
Pambakkavundanvalasu	30	204	111154	777186	0
Pambakuttai	30	180	124425	785936	0
Pambala	16	233	115820	762428	0
Pambalapalli	1	207	132694	792742	0
Pambalaseri	16	528	89371	766222	0
Pambalupatti	30	183	106648	780131	0
Pambanar	16	249	95742	770115	0
Pambandapalle	15	352	147796	765853	0
Pambankulam	30	186	83384	775923	0
Pambanpatti	30	427	108596	783545	0
Pambanur	30	427	108624	783879	0
Pambappadaividu	30	254	109286	793621	0
Pambapur	31	160	192733	797444	0
Pambapuram	31	229	184765	800380	0
Pambar	16	249	103277	772166	0
Pambarampatti	30	193	101393	789253	0
Pambaramsutti	30	260	108710	787850	0
Pambaramuttampatti	30	427	108277	782346	0
Pambaramuttanayakkanpatti	30	427	108378	781846	0
Pambarattu	16	528	88181	767441	0
Pambarwan	13	559	329054	747593	0
Pambati	30	114	115906	763926	0
Pambatti	30	118	96559	780640	0
Pambattipoatti	30	260	105613	783562	0
Pambattippatti	30	260	106180	782667	0
Pambettadi	15	55	126579	754677	0
Pambi	25	305	186796	825028	0
Pambi	25	305	186722	825108	0
Pambi	25	305	185498	828088	0
Pambipur	33	698	257651	810794	0
Pambirutti	16	256	119622	753820	0
Pambra	16	233	117676	762062	0
Pambriew	22	714	254247	913624	0
Pambulunayakkanpatti	30	183	104172	780304	0
Pambur	30	5	94648	785676	0
Pamburpatti	30	5	94508	785852	0
Pambuvilundan	30	5	93348	784400	0
Pambuvilundan	30	5	95397	785759	0
Pamdaha	14	570	247925	872418	0
Pamdkhar	22	162	257333	923767	0
Pamea	14	628	230453	858580	0
Pamenahalli	15	265	144173	759493	0
Pamer	6	80	181976	808983	0
Pamera	28	23	246997	726537	0
Pamgal	6	80	187086	805973	0
Pamgarh	6	669	218754	824503	0
Pamidi	1	99	149462	775927	0
Pamidimukkala	1	68	162803	808673	0
Pamidipadu	1	10	163084	800438	0
Pamidipadu	1	10	161261	800203	0
Pamidipadu	1	10	159361	797022	0
Pamidivaripalem	1	308	160908	804186	0
Paminivallavuru	1	207	132218	790051	0
Pamireddipalle	1	224	150785	781866	0
Pamkunta	31	128	177618	789069	0
Pamlahi	12	460	313156	774925	0
Pamli	19	568	227869	781157	0
Pamman	33	710	261360	792555	0
Pamman	27	544	312850	751884	0
Pammanendal	30	5	92894	783635	0
Pammanendal Karisalkulam	30	5	92856	783518	0
Pammayampattu	30	238	125565	797884	0
Pammubail	15	55	128434	750274	0
Pamna	4	505	249210	864764	0
Pamnauli	33	525	292271	778269	0
Pamo	12	409	323627	779280	0
Pampad	31	32	179068	777648	0
Pampadi	25	305	184274	830114	0
Pampadi	16	232	107451	764460	0
Pampalli	31	386	178947	782300	0
Pampanuru	1	99	146569	774156	0
Pampapathippettai	30	197	120236	794565	0
Pampapur	33	242	253225	828026	0
Pampapur	33	522	272107	819470	0
Pampapur	33	654	260034	811795	0
Pampapur	33	269	275512	821889	0
Pampapur	33	522	273183	821388	0
Pampapur	33	522	271245	821025	0
Pampapur	19	309	234290	764864	0
Pampapuri	34	589	299740	790298	0
Pampara	14	276	225215	858490	0
Pampasar	25	399	206959	849474	0
Pampi	33	102	246678	830277	0
Pampira	16	528	89152	768868	0
Pampra	14	628	226845	858997	0
Pampundi	30	197	122781	796044	0
Pampuni	25	499	193946	822466	0
Pampur	33	548	270044	795992	0
Pampur Kunwar	33	686	266629	794396	0
Pamra	6	80	188722	810693	0
Pamra	4	602	257142	879035	0
Pamra	4	602	257224	879065	0
Pamrauli	33	698	258331	807333	0
Pamreddipalli	31	144	164565	780753	0
Pamregadi	31	448	163309	790480	0
Pamrelu	1	258	181210	826377	0
Pamsanngul	22	328	254053	916557	0
Pamta	12	514	306005	776954	0
Pamti	33	694	251596	832522	0
Pamudurti	1	426	142697	779727	0
Pamugandi	1	258	173948	817308	0
Pamuganipalli	1	207	129493	784976	0
Pamugatta	25	108	181830	815699	0
Pamulabanda	1	219	178847	827214	0
Pamulakuntapalle	1	426	141478	779690	0
Pamulapadu	1	68	164602	809450	0
Pamulapadu	1	224	158394	784897	0
Pamulapadu	1	195	157125	796295	0
Pamulapalle	31	60	178999	808774	0
Pamulaparru	1	307	166204	814580	0
Pamulavaka	1	219	175719	826036	0
Pamulavalasa	1	176	184817	835705	0
Pamulavarigudem	1	25	171768	812278	0
Pamulavaripalem	1	6	144569	800849	0
Pamuleru	1	258	176610	816892	0
Pamulpad	31	100	170698	795496	0
Pamululanka	1	68	163313	807736	0
Pamuluru	1	221	144032	784246	0
Pamunuru	31	218	183657	805909	0
Pamunuru	1	-1	183892	806295	0
Pamurapalle	1	195	152214	790048	0
Pamurayi	1	99	147377	776042	0
Pamurivandlapalle	1	190	136611	783742	0
Pamurupalle	1	6	150931	793031	0
Pamuwala	11	88	304453	772721	0
Pamwal	13	477	323382	754049	0
Pamwanpur Pande	33	152	267478	823403	0