Pandit Deen Dayal Upadhyaya Nagar	33	694	252831	831197	109650
Pandharpur	20	131	176792	753310	98923
Pandhurna	19	325	215956	785263	45479
Pandharkawada	20	67	200211	785463	31094
Pandua	35	268	230749	882864	28205
Pandaria	6	517	222250	814099	16165
Pandavarmangalam	30	201	91533	778818	14954
Pandhana	19	202	216982	762249	13694
Pandatarai	6	517	221871	813281	11000
Pandamangalam	30	223	111033	779670	7259
Pandoh	12	267	316690	770536	4351
Pan Diharia	4	718	251840	837159	0
Pand	34	589	296117	789728	0
Pand	6	279	220804	820684	0
Pand	12	460	309844	777097	0
Pand Dahal	12	267	316447	771864	0
Pand Purwa	33	686	267548	796017	0
Panda	19	502	238801	796646	0
Panda	19	311	226271	769504	0
Panda	19	311	231792	762086	0
Panda	19	16	237519	765625	0
Panda Bigha	4	117	250485	848988	0
Panda Bigha	4	117	248556	847708	0
Panda Bigha	4	507	250990	850554	0
Panda Jagir	19	311	229153	762567	0
Panda Jot	33	522	270660	821946	0
Panda Khap	14	379	242774	850232	0
Panda Ki Dhani	28	463	279840	767416	0
Panda Pimpri	20	182	217026	740079	0
Panda Purwa	33	152	267839	822855	0
Panda Tola	19	142	222028	804619	0
Panda Tola	19	142	219166	802254	0
Pandabhila	25	368	219290	858502	0
Pandachh	13	573	341906	748063	0
Pandacholanallur	30	-1	118570	796440	0
Pandada	6	365	214068	823878	0
Pandadah	6	490	213997	809036	0
Pandadhar	12	460	313598	776000	0
Pandadih	14	541	231719	858232	0
Pandadihi	25	290	219392	842373	0
Pandadoh	19	648	227732	776126	0
Pandadu	30	197	122612	798315	0
Pandagaon	19	648	226352	771893	0
Pandagappadi	30	255	113915	788617	0
Pandah	12	348	325895	762162	0
Pandah	4	381	260955	849920	0
Pandah Chak	33	516	260123	840474	0
Pandaha	33	479	258519	830390	0
Pandaha	33	479	260140	830940	0
Pandaho	19	338	243208	783040	0
Pandai	34	430	304549	780018	0
Pandai Purwa	33	31	272790	813947	0
Pandail	15	55	130454	751586	0
Pandain	6	723	219831	818881	0
Pandaiya	33	33	260858	825448	0
Pandajhir	19	638	244253	792419	0
Pandajhiri	19	443	221598	776328	0
Pandajhor	19	354	224842	799323	0
Pandakamari	25	349	192293	830002	0
Pandakandal	30	5	95236	789071	0
Pandakapa	6	279	222347	819472	0
Pandakapadar	25	305	190059	831762	0
Pandakata	14	628	227650	857105	0
Pandakhallu	25	349	192180	833699	0
Pandakheda	20	132	212545	771727	0
Pandakhera	33	370	245057	789141	0
Pandakkal	16	256	117479	755543	0
Pandal	13	358	330842	756486	0
Pandala	11	606	283422	769943	0
Pandalam	30	376	118950	789283	0
Pandalaparru	1	87	168960	817135	0
Pandalkudi	30	118	93947	781051	0
Pandalpur	19	338	236281	790564	0
Pandalur	30	114	114908	763392	0
Pandamangalam	30	192	124827	794504	0
Pandamangalam	30	197	121789	796053	0
Pandamangalam	30	260	108338	786536	0
Pandamangalam	30	5	95569	788863	0
Pandamelipalle	1	426	145176	779443	0
Pandampalaiyam	30	227	112387	772391	0
Pandampatti	30	436	102448	786336	0
Pandan Kuian	33	152	270552	825962	0
Pandanallur	30	254	111332	795131	0
Pandanar	6	578	192099	820312	0
Pandanendal	30	118	95912	781307	0
Pandanepalli	31	100	172448	793243	0
Pandangudi	30	264	102034	783790	0
Pandani	30	193	102227	786720	0
Pandankari	16	234	93515	764817	0
Pandantoli	14	310	228649	844102	0
Pandanwantanr	14	379	240182	848949	0
Pandaobare	13	35	332610	756898	0
Pandaori	27	284	318909	756517	0
Pandapada	25	281	214669	856970	0
Pandapali	25	290	217041	837381	0
Pandapalle	1	228	155240	777178	0
Pandapara	6	393	212226	829510	0
Pandapata	35	639	221483	869424	0
Pandapauni	20	110	200499	792992	0
Pandappanendal	30	5	95124	787510	0
Pandappilavu	16	211	85746	769455	0
Pandappuli	30	236	93216	775665	0
Pandapur	33	27	255240	833160	0
Pandapur	13	76	339657	746037	0
Pandapur	19	497	250379	816845	0
Pandapura	19	309	235353	761943	0
Pandaputtu	25	305	185716	826545	0
Pandar	13	485	332759	740640	0
Pandar	12	267	314304	770554	0
Pandar	6	275	210443	815188	0
Pandar	33	102	247925	830280	0
Pandar	33	102	246244	831654	0
Pandar	33	584	252775	817501	0
Pandara	33	445	269920	790305	0
Pandara	20	138	196503	780794	0
Pandara Turai	30	189	96649	773027	0
Pandarakkottai	30	175	118004	795206	0
Pandarakkudi	30	201	91261	781858	0
Pandarakulam	30	186	87966	777337	0
Pandarakulam	30	186	83883	776351	0
Pandarapuram	30	435	82202	774873	0
Pandarapuram	30	201	83512	779204	0
Pandarapuram	30	186	84048	778387	0
Pandarathur	30	260	106635	784410	0
Pandarattuppatti	30	189	99256	775883	0
Pandaravadai	30	254	109995	794158	0
Pandaravadai	30	254	109164	792399	0
Pandaravadai	30	257	109588	796661	0
Pandaravadai	26	437	109320	797435	0
Pandaravadai	30	198	110420	795282	0
Pandaravadai Mappadugai	30	198	111043	796272	0
Pandaravalli	15	97	134173	756915	0
Pandaravilai	30	201	86564	779956	0
Pandaravilai	30	201	85058	779742	0
Pandarbharnia	25	399	208737	852504	0
Pandarbhata	6	723	219564	817279	0
Pandarbhata	19	326	235164	786385	0
Pandarbhata	6	681	217797	815639	0
Pandarbhata	6	723	219642	817359	0
Pandarbhata	6	299	214635	816496	0
Pandarbhata	19	337	236619	803615	0
Pandardih	14	434	241934	863267	0
Pandare	20	52	181373	744634	0
Pandargaon	20	151	188794	767839	0
Pandarha	33	522	270987	817063	0
Pandarhalli	15	246	141586	763248	0
Pandarhar	13	477	324790	754540	0
Pandari	28	487	249986	766973	0
Pandari	33	694	250915	832043	0
Pandari	33	688	259392	821619	0
Pandari	33	522	270952	821608	0
Pandari	4	457	269423	843932	0
Pandaria	33	445	273052	788751	0
Pandaria	33	584	249931	820786	0
Pandaria	33	196	246449	824003	0
Pandaria	33	605	267038	816680	0
Pandaria	33	623	267331	831049	0
Pandaria	19	576	232602	800034	0
Pandaria	19	461	230517	802912	0
Pandaria	19	449	231509	809681	0
Pandaria	19	461	226824	803524	0
Pandaria	19	449	229360	806862	0
Pandaria	6	725	227459	820734	0
Pandaria	6	517	218824	808497	0
Pandaria	6	669	221033	824235	0
Pandaria	6	365	217089	823369	0
Pandaria	6	669	217744	825032	0
Pandaria	19	449	228394	811059	0
Pandaria	6	279	221590	818828	0
Pandaria	6	517	219925	813825	0
Pandaria	14	732	244094	853142	0
Pandaria	4	632	257729	869655	0
Pandaria	4	590	258027	871204	0
Pandaria	14	740	233368	848678	0
Pandaria	14	434	246687	858530	0
Pandaria	14	434	244470	859245	0
Pandaria	6	490	215871	811075	0
Pandaria	6	490	216633	810825	0
Pandaria Sukhwara	33	626	254004	814752	0
Pandariajap	6	723	220137	819539	0
Pandariatola	19	449	229331	806764	0
Pandariatola	6	725	227587	820722	0
Pandariatola	19	217	228060	816402	0
Pandarikhol	25	399	206532	846270	0
Pandarikota	25	546	218108	843554	0
Pandarimamidivalasa	1	194	186314	831996	0
Pandaripathar	25	399	209489	844660	0
Pandariya	6	388	219611	828614	0
Pandariya	19	503	231276	789820	0
Pandariya	14	712	244088	835715	0
Pandarkha	19	568	228176	784500	0
Pandarkola	14	379	243436	848956	0
Pandarni Kalan	14	310	232544	848812	0
Pandarpani	19	461	230309	804672	0
Pandarpuri	6	676	202912	810535	0
Pandarsara	20	134	202008	801944	0
Pandartarai	6	681	217824	815983	0
Pandarvada	10	140	233656	736308	0
Pandarvadi	20	54	203805	742166	0
Pandarwa	33	659	276565	802418	0
Pandarwadi	20	34	192746	760008	0
Pandarwadi	20	151	188277	768366	0
Pandarwahi	6	676	203382	814319	0
Pandarwani	19	354	218801	798020	0
Pandarwani	19	142	216144	798454	0
Pandarwani	19	142	216285	798450	0
Pandarwanitola	19	354	218872	798114	0
Pandasi	28	288	283495	753376	0
Pandatola	19	142	220404	808289	0
Pandatola	19	142	215820	804582	0
Pandatola	19	142	218774	805429	0
Pandatola	19	142	217843	805781	0
Pandatoli	14	541	231280	849130	0
Pandatoli	14	310	229956	845129	0
Pandatoli	14	310	228817	847986	0
Pandatoli	14	310	228242	848557	0
Pandatoli	14	476	226494	848322	0
Pandaul	4	535	262517	860747	0
Pandaul	4	507	251219	848743	0
Pandaul	4	117	246647	848453	0
Pandauli	33	479	263159	830003	0
Pandauli	33	479	262845	831135	0
Pandauli	33	314	263832	832927	0
Pandauli	33	329	283235	796256	0
Pandaulia	33	595	277452	820479	0
Pandaupat	13	35	335507	757843	0
Pandaura	33	316	296026	772895	0
Pandaura	33	637	265753	813781	0
Pandav Umra	20	127	201907	772148	0
Pandav Van	33	370	242779	786550	0
Pandavagallu	1	228	157193	772317	0
Pandavagere	15	265	140264	758980	0
Pandavakkam	30	159	126672	798137	0
Pandavamatti	15	265	139663	759750	0
Pandaveswar	35	618	237279	872709	0
Pandavnagar	8	755	286174	772859	0
Pandavulapalem	1	259	173203	822552	0
Pandavur	16	148	109187	759804	0
Pandawal	33	152	266782	827353	0
Pandayer	19	354	218941	797097	0
Pande	20	131	183756	752317	0
Pande	33	196	249395	823552	0
Pande	33	522	271155	816419	0
Pande	33	522	271148	817132	0
Pande	33	522	270760	817374	0
Pande	33	539	267303	840294	0
Pande	33	539	266237	842443	0
Pande	33	539	266509	842455	0
Pande	33	515	263750	841016	0
Pande	33	515	262657	840130	0
Pande	33	539	266619	842974	0
Pande	33	539	266526	843832	0
Pande	4	675	265821	842786	0
Pande	4	382	265879	845578	0
Pande Atarkosa	33	479	257272	831710	0
Pande Bagicha	4	495	253842	854902	0
Pande Bari	33	312	278590	801772	0
Pande Bigha	4	112	249612	844226	0
Pande Bigha	4	106	248532	855350	0
Pande Chak	4	495	252648	854272	0
Pande Chaur	33	479	261487	831819	0
Pande Chaura	33	522	270831	817258	0
Pande Chhapra	33	539	269290	837572	0
Pande Chhapra	33	539	268588	838456	0
Pande Gangaur	4	106	248651	857833	0
Pande Jot	33	479	263527	832185	0
Pande ka Pura	33	688	259798	821153	0
Pande ka Pura	33	654	258850	812393	0
Pande ka Pura	33	688	256707	815056	0
Pande ka Pura	33	688	259665	819199	0
Pande ka Purwa	33	27	256034	838941	0
Pande ka Purwa	33	688	258602	816959	0
Pande ka Purwa	33	688	258267	817341	0
Pande ka Purwa	33	584	256149	816106	0
Pande ka Purwa	33	688	256691	816395	0
Pande ka Purwa	33	619	252062	807201	0
Pande ka Purwa	33	619	252012	807067	0
Pande Karma	4	112	247011	841671	0
Pande Kuli	14	732	239104	851260	0
Pande Manjha Rajdhar	33	515	264221	835493	0
Pande Nawar	34	530	291845	794651	0
Pande Paikauli	33	532	265533	823500	0
Pande Patti	33	575	262426	822206	0
Pande Patti	33	575	263933	822549	0
Pande Patti	33	479	263029	830299	0
Pande Patti	33	479	262753	830167	0
Pande Pipra	4	718	251964	836978	0
Pande Pokhar	33	102	247761	829103	0
Pande Pokhar	33	102	247761	829244	0
Pande Pokhra	33	479	261262	831623	0
Pande Pokhri	20	53	194167	761743	0
Pande Pura	33	584	251715	820125	0
Pande Purwa	33	659	273592	797868	0
Pande Purwa	33	548	267922	797931	0
Pande Purwa	19	638	250274	801399	0
Pande Purwa	33	488	275643	811522	0
Pande Purwa	33	282	276809	815265	0
Pande Purwa	33	282	276327	815771	0
Pande Purwa	33	282	275364	816813	0
Pande Purwa	33	595	276185	819915	0
Pande Purwa	33	522	271813	817514	0
Pande Purwa	33	522	271949	818400	0
Pande Purwa	33	522	270532	818312	0
Pande Purwa	33	522	270351	819203	0
Pande Purwa	33	522	270326	819035	0
Pande Purwa	33	522	270621	819499	0
Pande Purwa	33	522	272456	819971	0
Pande Purwa	33	522	270346	819827	0
Pande Purwa	33	685	267269	811021	0
Pande Purwa	33	654	265535	812478	0
Pande Purwa	33	654	264933	812892	0
Pande Purwa	33	637	264542	813872	0
Pande Purwa	33	637	263142	814442	0
Pande Purwa	33	575	264393	818110	0
Pande Purwa	33	575	264270	818507	0
Pande Purwa	33	575	263236	819778	0
Pande Purwa	33	619	254008	810439	0
Pande Purwa	33	31	272204	809945	0
Pande Purwa	33	282	272318	815403	0
Pande Purwa	33	522	271477	816637	0
Pande Purwa	33	522	272154	817134	0
Pande Purwa	33	522	271946	817284	0
Pande Purwa	33	522	271740	817427	0
Pande Purwa	33	522	271613	816710	0
Pande Purwa	33	522	271461	817160	0
Pande Purwa	33	522	271315	817396	0
Pande Purwa	33	522	270640	817262	0
Pande Purwa	33	522	270485	817396	0
Pande Purwa	33	522	270463	817125	0
Pande Purwa	33	522	271803	816648	0
Pande Purwa	33	282	274998	818292	0
Pande Purwa	33	282	273906	818183	0
Pande Purwa	33	595	276604	820098	0
Pande Purwa	33	269	276512	821841	0
Pande Purwa	33	605	265465	820396	0
Pande Purwa	33	575	262162	820191	0
Pande Purwa	33	575	262253	820289	0
Pande Purwa	33	637	261254	820221	0
Pande Purwa	33	575	261764	821159	0
Pande Purwa	33	575	262375	821776	0
Pande Purwa	33	575	261625	822047	0
Pande Purwa	19	497	250168	814207	0
Pande Purwa	33	522	269857	824463	0
Pande Purwa	33	575	261624	822929	0
Pande Purwa	33	575	261991	823681	0
Pande Purwa	33	575	261730	823375	0
Pande Purwa	33	575	261431	823931	0
Pande Purwa	33	33	261306	824602	0
Pande Purwa	33	152	269907	826355	0
Pande Purwa	33	314	264652	831067	0
Pande Purwa	33	314	264166	831773	0
Pande Purwa	33	314	264117	831762	0
Pande Purwa	33	488	276776	807877	0
Pande Purwa	33	282	275104	813635	0
Pande Purwa	33	282	274277	814699	0
Pande Purwa	33	654	262392	813156	0
Pande Purwa	33	654	261441	812916	0
Pande Purwa	33	654	260902	813733	0
Pande Purwa	33	654	261064	814390	0
Pande Purwa	33	654	260585	814741	0
Pande Purwa	33	654	260053	814188	0
Pande Purwa	33	31	269268	816601	0
Pande Sarai	33	488	276681	809708	0
Pande Tara	33	688	258006	821374	0
Pandeban Dera	33	444	257552	804565	0
Pandebhita	14	434	245583	860145	0
Pandebigha	4	112	247045	840805	0
Pandebigha	4	112	246340	843947	0
Pandebigha	4	112	246930	843545	0
Pandedih	14	712	244192	838426	0
Pandedih	33	152	267781	827579	0
Pandedih	14	379	242918	850076	0
Pandedih	4	106	246245	853904	0
Pandedih	14	434	246225	858778	0
Pandedih	14	434	244120	859963	0
Pandedih	14	434	243292	858716	0
Pandedih	14	434	240733	858058	0
Pandedih	14	434	245214	862384	0
Pandedih	14	434	240779	861888	0
Pandedih	4	505	247996	863386	0
Pandedih	4	505	245436	864767	0
Pandedih	14	434	244611	862715	0
Pandedih	4	505	244639	862971	0
Pandedih	14	434	243795	863259	0
Pandedih	14	434	242182	863956	0
Pandedih	14	434	241348	863960	0
Pandedih	14	434	241228	864710	0
Pandedih	14	387	240285	864434	0
Pandegaon	20	139	210334	794096	0
Pandegaon	34	530	294112	793218	0
Pandegaon	34	530	293658	793342	0
Pandegaon	34	530	293429	795797	0
Pandeguda	6	578	189417	819149	0
Pandehar	33	645	266381	799938	0
Pandejor	14	434	244514	859744	0
Pandeka	28	113	276841	770614	0
Pandekhera	33	488	274470	806691	0
Pandekhola	34	413	296244	796538	0
Pandekota	34	413	296158	794269	0
Pandel	6	642	206186	811666	0
Pandel	13	35	332881	761829	0
Pandela	33	575	261529	823916	0
Pandela	31	717	184696	794973	0
Pandeli	33	116	281147	794122	0
Pandemau	33	626	255305	815139	0
Panden	13	485	331799	741277	0
Pandeni Bedo	14	442	250013	876469	0
Pandeola	33	659	272192	799039	0
Pandepar	33	314	265191	834192	0
Pandepar	33	314	263935	833356	0
Pandepar	33	314	264214	833757	0
Pandepara	6	80	189903	810557	0
Pandepara	6	578	189404	816262	0
Pandepatti	33	33	257061	827482	0
Pandepatti	33	196	251782	825337	0
Pandepatti	4	457	270560	843471	0
Pandepatti	33	539	267718	840738	0
Pandepatti	33	539	267808	842030	0
Pandepatti	33	539	267150	840087	0
Pandepatti	33	539	267098	841162	0
Pandepatti	33	539	266886	840100	0
Pandephal	20	112	201063	748408	0
Pandepur	33	659	274708	797972	0
Pandepur	33	686	264081	795469	0
Pandepur	33	710	260226	796565	0
Pandepur	33	33	256200	821481	0
Pandepur	33	27	256087	832147	0
Pandepur	33	27	255971	831937	0
Pandepur	33	242	254463	830309	0
Pandepur	33	242	254013	831339	0
Pandepur	33	242	254975	831468	0
Pandepur	33	694	252050	831421	0
Pandepur	33	27	258283	835296	0
Pandepur	4	718	252569	837138	0
Pandepur	14	673	243250	838733	0
Pandepur	33	688	259982	820353	0
Pandepur	33	688	258900	820004	0
Pandepur	33	33	258611	823158	0
Pandepur	33	33	257755	827054	0
Pandepur	33	33	257011	825452	0
Pandepur	33	33	255262	826633	0
Pandepur	33	561	254971	823153	0
Pandepur	33	196	251023	824705	0
Pandepur	33	561	252372	824495	0
Pandepur	33	33	254204	825747	0
Pandepur	33	242	253725	828691	0
Pandepur	33	242	253934	828703	0
Pandepur	33	242	254043	828372	0
Pandepur	33	242	253493	829942	0
Pandepur	33	196	252196	827850	0
Pandepur	33	584	249541	821806	0
Pandepur	33	196	249471	823585	0
Pandepur	33	33	257475	829125	0
Pandepur	33	33	255843	829901	0
Pandepur	33	654	261351	809236	0
Pandepur	33	516	258601	837912	0
Pandepur	33	516	258726	839098	0
Pandepur	33	516	259551	838598	0
Pandepur	33	516	259050	839472	0
Pandepur	33	516	258145	839195	0
Pandepur	33	637	263133	817615	0
Pandepur	33	637	263071	818122	0
Pandepur	33	637	261844	817628	0
Pandepur	33	637	260772	818058	0
Pandepur	33	522	272729	822251	0
Pandepur	33	269	272970	822468	0
Pandepur	33	522	272350	821339	0
Pandepur	33	575	262781	821720	0
Pandepur	33	575	262485	822064	0
Pandepur	33	575	261493	821961	0
Pandepur	33	532	264597	822823	0
Pandepur	33	623	266129	830019	0
Pandepur	33	314	263688	833578	0
Pandepur	33	688	256506	816815	0
Pandepur	33	688	256319	817247	0
Pandepur	33	515	262472	839504	0
Pandepur	33	685	270442	806650	0
Pandepur	33	539	266718	842387	0
Pandepur	33	515	263016	841029	0
Pandepur	33	539	267042	842570	0
Pandepur	33	516	257444	842329	0
Pandepur	4	394	248992	840000	0
Pandepur	4	112	245821	840854	0
Pandepur	4	112	246611	842031	0
Pandepur	33	516	257608	844413	0
Pandepur	4	597	256544	843345	0
Pandepur	4	597	256217	842985	0
Pandepur	4	363	256238	844181	0
Pandepur	14	379	243970	846955	0
Pandepur	4	112	247388	844111	0
Pandepur	4	117	248358	848081	0
Pandepur	14	678	237633	845412	0
Pandepur	33	688	259912	819903	0
Pandepur Chak	33	33	256653	830239	0
Pandepur Jagdispur	33	314	265045	832396	0
Pandepur Kalan	33	196	250530	824728	0
Pandepur Kalan	33	301	263838	809816	0
Pandepur Khurd	33	301	263836	809770	0
Pandepur Milki	33	694	254116	833066	0
Pandepur Radhe	33	27	257513	835271	0
Pandepura	33	196	251358	823835	0
Pandepura	33	575	262623	822426	0
Pandepura	33	584	251180	816332	0
Pandepura	33	584	253779	819662	0
Pandepura	14	673	241198	842007	0
Pandepura	4	117	244097	846208	0
Pandepura Kalan	14	732	238925	851682	0
Pandepura Khurd	14	732	238899	851679	0
Pandepurpara	6	279	222134	822604	0
Pandepurwa	19	512	249824	803919	0
Pandepurwa	33	282	277940	813834	0
Pander	19	462	246536	787834	0
Pander	28	298	256450	751899	0
Pandera	33	282	274719	818135	0
Panderi	33	626	254749	814130	0
Panderipatna	25	527	201301	851850	0
Pandermal	25	262	219751	840746	0
Panderpad	31	346	192172	778617	0
Panderpara	6	392	187941	815576	0
Panderponi	20	110	197476	792747	0
Pandervani	20	110	196409	790284	0
Pandervani	20	110	196389	790899	0
Pandeshvara	15	248	134702	747240	0
Pandesingi	1	194	187981	836757	0
Pandetara	33	659	276071	800331	0
Pandetola	6	642	205720	811436	0
Pandetola	19	497	245731	812245	0
Pandetola	6	455	209705	806954	0
Pandetola	6	455	209590	808602	0
Pandetoli	14	476	225994	844580	0
Pandetoli	14	476	223987	843433	0
Pandetoli	14	434	241852	858898	0
Pandevarugudem	31	46	176540	810365	0
Pandewar	6	392	188751	812691	0
Pandewara	19	142	220800	801160	0
Pandewara	19	142	220945	801198	0
Pandewara	19	142	218745	800363	0
Pandey Khap	14	379	243424	851525	0
Pandeya	4	106	246741	854245	0
Pandeyan ka Purwa	33	444	252402	806010	0
Pandgaon	20	78	206894	750880	0
Pandh Pura	33	522	273077	819146	0
Pandhaijori	25	281	211801	855176	0
Pandhan	12	604	308533	771639	0
Pandhana	19	202	221538	764339	0
Pandhania	19	317	219386	755332	0
Pandhaniya	19	446	222066	769845	0
Pandhaniya	19	446	222027	769903	0
Pandhar	13	359	326824	754575	0
Pandhar	34	413	296495	793632	0
Pandhar	4	663	251100	858517	0
Pandhardhakni	20	139	212790	784595	0
Pandharghati	20	132	214598	781043	0
Pandhargota	20	139	209252	795598	0
Pandhari	19	443	217504	783886	0
Pandhari	19	443	215921	783266	0
Pandhari	20	132	215417	783729	0
Pandhari	20	132	215456	783821	0
Pandhari	20	132	211902	773459	0
Pandhari	20	132	213034	776610	0
Pandhari	20	132	213661	775469	0
Pandhari	20	78	212685	754630	0
Pandharia	19	142	218418	808023	0
Pandharka	20	182	216075	742611	0
Pandharkavad	20	67	198491	787941	0
Pandharkawada	20	67	201548	788370	0
Pandharkawada	20	139	210733	792021	0
Pandharkawada	20	110	199328	791634	0
Pandharpani	20	110	203670	793012	0
Pandharpur	20	132	210484	778823	0
Pandharpur	20	168	211980	803945	0
Pandharsarad	20	110	201287	798012	0
Pandhartal	20	139	208219	792272	0
Pandhartola	20	110	203889	790514	0
Pandharwadi	20	156	183434	768759	0
Pandharwani	19	354	220415	795977	0
Pandharwani	19	354	220909	798710	0
Pandharwani	20	67	199275	787051	0
Pandharwani	20	139	206950	794383	0
Pandharwani	20	110	204628	794617	0
Pandharwani	20	110	202718	795270	0
Pandharwani	19	142	219514	800522	0
Pandharwani	19	142	219616	800267	0
Pandharwani	20	168	210996	801874	0
Pandharwani	20	168	211411	802741	0
Pandharwani	20	168	210161	803387	0
Pandharwani	20	168	211837	804831	0
Pandharwani	20	168	209469	800998	0
Pandharwani	6	620	206158	805800	0
Pandharwani	6	620	205285	808064	0
Pandharwanitola	6	620	205159	808001	0
Pandharwara	31	271	198048	785955	0
Pandher	27	468	320060	754337	0
Pandherwahi	6	455	210567	808671	0
Pandhi	6	299	211804	819850	0
Pandhi	20	390	211106	796003	0
Pandhi	6	279	221074	822545	0
Pandhori	33	621	256619	801839	0
Pandhori Dera	33	621	256619	801689	0
Pandhrabodi	20	168	215175	801671	0
Pandhrabori	20	390	213111	795635	0
Pandhrabori	20	390	212072	796411	0
Pandhrakheri	20	139	213537	789729	0
Pandhrapani	19	142	219631	800038	0
Pandhrapani	19	142	220931	807790	0
Pandhri	20	139	214888	784607	0
Pandhri	20	67	203126	781511	0
Pandhri	20	151	191603	768704	0
Pandhri	20	48	179138	763778	0
Pandhri	20	48	178182	763793	0
Pandhri	20	67	205244	777314	0
Pandhri	20	139	214355	788353	0
Pandhri	19	142	214336	806031	0
Pandhri	20	168	213586	805256	0
Pandhri	6	490	216755	807904	0
Pandhri	33	621	258111	801822	0
Pandhripani	6	627	202778	821312	0
Pandhripani	6	285	204918	821068	0
Pandhripani	25	572	201857	824928	0
Pandhripat	19	142	216635	805104	0
Pandhrun	20	54	205648	743570	0
Pandhu	12	39	321514	761451	0
Pandhuran	20	67	200109	779015	0
Pandhurli	20	54	198298	738544	0
Pandhurna	20	67	205083	779996	0
Pandhurna	19	443	216683	778518	0
Pandhurna	20	67	203134	778939	0
Pandhurna	20	67	199942	779062	0
Pandhurna buzruk	20	67	198947	773153	0
Pandhurna Buzurg	20	67	201420	782082	0
Pandhurna Khurd	20	67	201455	782393	0
Pandhurra khurd	20	67	199868	773867	0
Pandhyan	15	50	163208	768785	0
Pandi	33	329	283365	792410	0
Pandi	33	694	250073	831394	0
Pandi	33	31	268135	812431	0
Pandi	19	311	230479	762445	0
Pandi	16	294	124711	751218	0
Pandi	30	254	108770	794401	0
Pandi	30	257	104886	796293	0
Pandi Kadavu	16	233	117946	759963	0
Pandia	25	423	195135	848323	0
Pandia	33	553	291801	784850	0
Pandia	33	492	286997	787710	0
Pandia	33	280	272494	826007	0
Pandia	33	280	271274	826895	0
Pandia	33	152	269578	828944	0
Pandia Mota	10	140	232365	736304	0
Pandiaghatkheri	19	317	222041	758436	0
Pandiam	31	730	177447	802120	0
Pandiana	34	589	301699	789388	0
Pandiapali	25	546	215779	840855	0
Pandiapali	25	297	208718	840001	0
Pandiapali	25	297	208632	840159	0
Pandiapathara	25	423	196785	847080	0
Pandiattukadakarippadam	16	234	97483	762866	0
Pandiawara	28	22	239542	737832	0
Pandibahal	25	546	215581	842632	0
Pandibalu	16	294	125288	752073	0
Pandibore Penta	31	448	160833	788112	0
Pandicheri	30	186	84005	777342	0
Pandida	14	628	228175	858514	0
Pandidanallur	30	257	108675	794173	0
Pandidanpatti	30	118	94900	776751	0
Pandiganikuntapalle	1	426	140781	780122	0
Pandiguda	25	305	186640	824076	0
Pandiguda	25	305	185488	828604	0
Pandiguda	25	349	193089	839419	0
Pandigunta	1	176	181818	831157	0
Pandiguriki	30	215	126515	781844	0
Pandikkad	16	148	110964	762241	0
Pandikkott	16	252	115567	757817	0
Pandikkudi	30	193	102587	790704	0
Pandikona	1	228	154397	775674	0
Pandikonda	25	-1	178553	814007	0
Pandikumbapatti	30	114	115681	767872	0
Pandikunta	31	557	185679	790346	0
Pandikunta	1	190	141234	785348	0
Pandikunta	1	99	149705	773930	0
Pandikuntapalle	1	190	139133	783789	0
Pandikuppam	30	220	131312	793985	0
Pandikuppam	30	220	131967	796018	0
Pandila	1	293	163169	817254	0
Pandila Khas	33	584	255499	819005	0
Pandila Mahadeo	33	584	255467	818947	0
Pandilivaripalem	1	10	164611	798170	0
Pandillapalle	1	224	152950	786137	0
Pandillapalle	1	207	134262	787242	0
Pandillapalle	1	190	141423	786084	0
Pandillapalle	1	195	154631	790825	0
Pandillapalle	1	195	151594	792257	0
Pandimadagu	31	75	185405	785371	0
Pandimagarandai	30	436	97143	786865	0
Pandimamidigudeni	1	25	173011	812921	0
Pandimetla	25	108	181144	817443	0
Pandin	33	444	256160	808385	0
Pandinagapalle	1	190	141405	786705	0
Pandinjarttumkara	16	528	90194	765778	0
Pandipadu	1	228	157934	780170	0
Pandipalaiyam	30	204	111871	777930	0
Pandipalaiyam	30	204	111789	777962	0
Pandipampula	31	229	184215	801535	0
Pandipara	6	676	203774	812755	0
Pandiparti	1	426	139776	775851	0
Pandipur	33	488	274543	810385	0
Pandipur	4	363	256512	847274	0
Pandirajupalle	31	46	176138	812508	0
Pandiralapalle	1	228	154665	776821	0
Pandirappalli	16	211	85486	769490	0
Pandireddigudem	1	87	169067	813846	0
Pandirimamidi	1	258	174343	817990	0
Pandirimamidikota	1	258	176376	817574	0
Pandirimamidivalasa	1	258	182358	831124	0
Pandiripallegudem	1	25	166249	813071	0
Pandirivalasa	25	305	187704	832463	0
Pandirivalasa	1	258	183060	831519	0
Pandirmamidi	1	258	180864	829333	0
Pandirpanasa	1	194	184182	831370	0
Pandit	33	522	270916	816006	0
Pandit	33	522	270632	816593	0
Pandit	33	522	270766	817200	0
Pandit	33	282	274063	817723	0
Pandit	33	532	265285	827502	0
Pandit	33	282	275042	814164	0
Pandit	33	31	272961	812694	0
Pandit	33	515	263576	840481	0
Pandit Bazar	33	605	266211	823463	0
Pandit Bigha	4	507	251965	848374	0
Pandit Bigha	4	112	248814	842347	0
Pandit Bigha	4	117	245451	847515	0
Pandit Debi	33	282	275067	814838	0
Pandit Dih	33	280	271663	825130	0
Pandit Jotia	33	314	270833	833157	0
Pandit ka Pura	33	33	256489	821462	0
Pandit ka Pura	19	459	267549	784404	0
Pandit ka Pura	33	584	256376	817991	0
Pandit ka Pura	33	584	251910	817845	0
Pandit ka Pura	33	584	251671	817800	0
Pandit ka Pura	33	584	251519	818151	0
Pandit Ka Pura	19	324	243519	768896	0
Pandit Ka Pura	19	459	267518	782915	0
Pandit Ka Pura	19	459	267819	782678	0
Pandit ka Purwa	33	444	254866	803677	0
Pandit ka Purwa	33	619	251512	813967	0
Pandit ka Purwa	33	688	258021	816269	0
Pandit ka Purwa	33	584	256223	816367	0
Pandit ka Purwa	33	688	256036	815951	0
Pandit ka Purwa	33	688	256635	816469	0
Pandit ka Purwa	33	688	257365	816467	0
Pandit Khera	33	654	264112	810618	0
Pandit Nagla	33	492	287161	786911	0
Pandit Nagla	33	492	288016	787760	0
Pandit Purwa	33	645	264480	797129	0
Pandit Purwa	33	312	279483	811818	0
Pandit Purwa	33	488	277171	810917	0
Pandit Purwa	33	282	276685	815376	0
Pandit Purwa	33	282	275191	815744	0
Pandit Purwa	33	282	277266	815909	0
Pandit Purwa	33	282	275054	815961	0
Pandit Purwa	33	282	273900	815330	0
Pandit Purwa	33	595	275899	817865	0
Pandit Purwa	33	595	275281	818300	0
Pandit Purwa	33	595	275277	818988	0
Pandit Purwa	33	595	275921	819315	0
Pandit Purwa	33	595	276916	818701	0
Pandit Purwa	33	595	275099	819764	0
Pandit Purwa	33	522	272298	817571	0
Pandit Purwa	33	522	272261	818365	0
Pandit Purwa	33	522	271916	817964	0
Pandit Purwa	33	522	271198	818309	0
Pandit Purwa	33	522	270993	818118	0
Pandit Purwa	33	522	270621	818590	0
Pandit Purwa	33	522	270064	818959	0
Pandit Purwa	33	522	270767	819399	0
Pandit Purwa	33	522	270721	819784	0
Pandit Purwa	33	522	271815	819011	0
Pandit Purwa	33	522	271943	818981	0
Pandit Purwa	33	522	272290	819465	0
Pandit Purwa	33	522	272390	818795	0
Pandit Purwa	33	522	270371	819968	0
Pandit Purwa	33	522	270295	819935	0
Pandit Purwa	33	522	270756	819089	0
Pandit Purwa	33	522	271356	819860	0
Pandit Purwa	33	522	271884	819784	0
Pandit Purwa	33	685	267465	810209	0
Pandit Purwa	33	31	268916	814584	0
Pandit Purwa	33	654	263012	810972	0
Pandit Purwa	33	654	263188	812709	0
Pandit Purwa	33	654	263643	813342	0
Pandit Purwa	33	575	264862	818256	0
Pandit Purwa	33	637	264587	817840	0
Pandit Purwa	33	575	264584	819546	0
Pandit Purwa	33	575	263866	819696	0
Pandit Purwa	33	282	271802	815276	0
Pandit Purwa	33	282	271929	815835	0
Pandit Purwa	33	282	271622	816200	0
Pandit Purwa	33	522	271363	816216	0
Pandit Purwa	33	522	271625	816473	0
Pandit Purwa	33	522	272457	816987	0
Pandit Purwa	33	522	271884	816749	0
Pandit Purwa	33	522	272102	817392	0
Pandit Purwa	33	522	271582	817157	0
Pandit Purwa	33	522	270501	816822	0
Pandit Purwa	33	522	270594	817427	0
Pandit Purwa	33	282	274401	817640	0
Pandit Purwa	33	282	274063	818219	0
Pandit Purwa	33	282	273548	818078	0
Pandit Purwa	33	605	268392	818124	0
Pandit Purwa	33	522	269835	818980	0
Pandit Purwa	33	522	269805	819635	0
Pandit Purwa	33	522	269464	819887	0
Pandit Purwa	33	522	269029	819764	0
Pandit Purwa	33	522	268779	819827	0
Pandit Purwa	33	522	268427	819769	0
Pandit Purwa	33	595	277382	821144	0
Pandit Purwa	33	269	276791	821788	0
Pandit Purwa	33	595	274843	820535	0
Pandit Purwa	33	269	274824	822451	0
Pandit Purwa	33	522	271895	821381	0
Pandit Purwa	33	522	271241	821100	0
Pandit Purwa	33	269	274724	822996	0
Pandit Purwa	33	269	274828	823686	0
Pandit Purwa	33	269	271764	823371	0
Pandit Purwa	33	522	269076	820309	0
Pandit Purwa	33	522	268936	820344	0
Pandit Purwa	33	522	269033	820499	0
Pandit Purwa	33	522	269082	820563	0
Pandit Purwa	33	522	269152	820651	0
Pandit Purwa	33	575	262161	820336	0
Pandit Purwa	33	688	260142	822242	0
Pandit Purwa	33	575	261152	822430	0
Pandit Purwa	33	522	269646	823350	0
Pandit Purwa	33	152	268882	823139	0
Pandit Purwa	33	152	268671	823066	0
Pandit Purwa	33	152	268280	823272	0
Pandit Purwa	33	152	268876	823629	0
Pandit Purwa	33	575	261599	822730	0
Pandit Purwa	33	575	261305	822805	0
Pandit Purwa	33	688	260125	823750	0
Pandit Purwa	33	152	268965	826713	0
Pandit Purwa	33	532	263782	830617	0
Pandit Purwa	33	584	250999	818499	0
Pandit Purwa	33	488	273130	808525	0
Pandit Purwa	33	31	270139	811804	0
Pandit Purwa	33	282	278054	814326	0
Pandit Purwa	33	282	278122	813565	0
Pandit Purwa	33	282	278536	813989	0
Pandit Purwa	33	488	276113	812523	0
Pandit Purwa	33	488	275139	812718	0
Pandit Purwa	33	282	276646	813488	0
Pandit Purwa	33	282	276300	813991	0
Pandit Purwa	33	282	276128	813695	0
Pandit Purwa	33	488	274153	812760	0
Pandit Purwa	33	488	273942	813135	0
Pandit Purwa	33	282	274812	813543	0
Pandit Purwa	33	31	272773	813827	0
Pandit Purwa	33	282	274343	813871	0
Pandit Purwa	33	282	274594	814397	0
Pandit Purwa	33	282	274208	814339	0
Pandit Purwa	33	31	272452	814153	0
Pandit Purwa	33	654	260903	814021	0
Pandit Purwa	33	654	261025	814300	0
Pandit Purwa	33	654	260254	813029	0
Pandit Purwa	33	31	267621	815164	0
Pandit Purwa	33	659	272828	800454	0
Pandit Purwa	33	659	273426	801381	0
Pandit Purwa	33	659	273341	801577	0
Pandit Purwa	33	659	274565	802446	0
Pandit Purwa	33	282	276674	814886	0
Pandit Purwa	33	282	274366	814685	0
Pandit Ramautar Purwa	33	282	274614	814652	0
Panditakaranpudur	30	427	110463	780566	0
Panditakkudi	30	257	106992	795265	0
Panditampattu	30	192	122119	790108	0
Panditan	27	543	303768	765285	0
Panditan Agrahar	15	43	128822	778270	0
Panditanahalli	15	652	131670	759869	0
Panditankurichi	30	186	85364	775500	0
Panditapur	15	375	132460	775802	0
Panditganj	4	581	253201	851065	0
Pandithakaranpatti	30	260	106330	785256	0
Pandithalli	15	93	123211	770924	0
Pandithanahalli	15	92	132962	771810	0
Pandithitta	16	528	90448	768243	0
Panditia Muwara	10	140	232345	734829	0
Pandition Ka Bas	28	463	274787	767938	0
Panditke	19	313	245790	808666	0
Panditpur	13	0	343612	743260	0
Panditpur	33	710	263180	794119	0
Panditpur	33	694	253940	832241	0
Panditpur	33	444	254570	808945	0
Panditpur	33	688	259208	821123	0
Panditpur	33	242	252655	829046	0
Panditpur	33	492	291193	788447	0
Panditpur	33	637	263348	817808	0
Panditpur	33	637	261572	817851	0
Panditpur	33	522	270691	822035	0
Panditpur	33	605	267270	820023	0
Panditpur	33	152	268258	827206	0
Panditpur	33	152	268316	827335	0
Panditpur	33	152	266557	828339	0
Panditpur	33	532	263421	828522	0
Panditpur	33	280	272214	830972	0
Panditpur	33	496	271899	833830	0
Panditpur	33	496	271286	833927	0
Panditpur	13	36	337088	750014	0
Panditpur	33	314	266185	835663	0
Panditpur	33	31	271662	810515	0
Panditpur	33	31	270774	811745	0
Panditpur	33	637	260709	816986	0
Panditpur	4	382	266820	846370	0
Panditpur	4	675	263236	846062	0
Panditpur	4	382	265495	849013	0
Panditpur	4	597	255550	840172	0
Panditpur	4	597	255173	840883	0
Panditpur	4	495	250416	854218	0
Panditpur Kalan	33	196	248854	822253	0
Panditpura	28	120	275991	760485	0
Panditpura	33	694	253181	834882	0
Panditpura	4	394	252969	838712	0
Panditpura	33	196	252162	823672	0
Panditpura	33	584	251346	817232	0
Panditpura	4	615	262410	842225	0
Panditpura	4	394	252512	840336	0
Panditpuri	34	574	296728	780913	0
Panditpurwa	19	497	245818	816864	0
Panditpurwa	19	497	246486	818077	0
Panditpurwa	33	522	271163	820539	0
Panditpurwa	33	282	278987	813621	0
Panditpurwa	4	394	250653	842369	0
Pandittakaranur	30	51	116012	779547	0
Pandittola	4	136	256684	859022	0
Panditwa Diara	4	457	266475	844343	0
Panditwari	34	430	303890	780546	0
Pandivalasa	25	305	184929	830425	0
Pandivalasai	30	5	94566	786449	0
Pandivanipalle	1	195	160509	792843	0
Pandivar	6	577	186698	816289	0
Pandivarapalli	15	47	134354	783442	0
Pandivaripalle	1	190	134798	784554	0
Pandividu	1	221	148261	789891	0
Pandiwara	19	354	221891	799767	0
Pandiwara	19	354	225376	798131	0
Pandiwara	19	461	227843	800642	0
Pandiwara	19	461	223811	802965	0
Pandiwara	19	354	223492	794888	0
Pandiya	33	584	256009	818837	0
Pandiyadeh	19	202	222641	766325	0
Pandiyal	16	294	124229	750594	0
Pandiyal	16	294	124282	750596	0
Pandiyal Kote	16	294	124264	750475	0
Pandiyambakkam	30	192	127074	796178	0
Pandiyampalaiyam	30	204	114023	775074	0
Pandiyampalaiyam	30	427	110605	778152	0
Pandiyampuram	30	260	109015	786339	0
Pandiyanellur	30	158	131102	794384	0
Pandiyankottai	30	436	97800	788168	0
Pandiyankuppam	30	376	116574	788375	0
Pandiyanur	30	183	104030	781580	0
Pandiyapalaiyam	30	427	110276	779954	0
Pandiyapuram	30	201	88554	779375	0
Pandiyapuram	30	201	87431	779852	0
Pandiyapuram	30	236	90284	774522	0
Pandiyur	30	5	94798	787284	0
Pandka	33	464	286341	783751	0
Pandkala	19	461	227040	806990	0
Pandkhuri	6	725	228994	818959	0
Pandki	28	321	243922	762676	0
Pandki	33	464	286390	783770	0
Pandki	6	620	206869	806470	0
Pandki	6	517	221783	814276	0
Pandki	6	723	221266	815308	0
Pandki	19	335	227257	746501	0
Pandki	14	310	232047	848902	0
Pandkia	33	575	262058	819826	0
Pandkimal	25	546	211225	842196	0
Pandkimal	25	290	218458	842633	0
Pandkipali	6	393	213789	828742	0
Pandkipali	6	393	212433	831538	0
Pandkipali	25	478	215280	834857	0
Pandkipali	25	478	213220	832762	0
Pandkipali	25	478	211080	832628	0
Pandkipali	25	478	212324	838492	0
Pandkipali	25	290	217756	842128	0
Pandkital	25	297	210935	836620	0
Pandla	33	553	294717	782593	0
Pandlapuram	31	222	183576	789653	0
Pandlavarigudem	31	60	173315	811888	0
Pandli	12	267	316731	770903	0
Pandli	12	460	311125	775382	0
Pandligundlapalli	1	207	133117	790047	0
Pandloi	25	546	216917	840441	0
Pandltwari	34	430	303314	779914	0
Pandluru	1	45	139811	798948	0
Pandna	33	515	262987	840111	0
Pandna	14	732	242384	856328	0
Pandna	14	434	240863	864204	0
Pandna Kalan	14	434	242494	858695	0
Pandna Khurd	14	434	242306	859022	0
Pandnadih	14	434	245789	861313	0
Pandnatanr	14	732	242357	857219	0
Pandnatanr	14	434	245766	860468	0
Pandnatanr	14	434	242149	861364	0
Pandnatanr	14	434	240453	862320	0
Pandnatanr	14	434	242529	864520	0
Pandnatanr	14	434	241640	863990	0
Pandnipur	4	507	251320	848794	0
Pando	28	163	232207	746755	0
Pando	4	569	258289	862878	0
Pando	14	434	244033	863131	0
Pando Khar	4	734	250649	847490	0
Pando ki Dhani	28	120	268937	756779	0
Pandoa	12	460	312744	773093	0
Pandochattan	33	102	243175	833226	0
Pandodus Forest	13	0	345366	744980	0
Pandohia	33	152	266032	828395	0
Pandohia	33	282	276702	813991	0
Pandokhar	19	484	258843	787895	0
Pandol	19	443	216035	778282	0
Pandola	19	323	255475	766444	0
Pandolai	28	550	250603	739634	0
Pandolai	28	428	259100	748776	0
Pandoli	19	323	255345	766274	0
Pandoli	10	124	235908	736359	0
Pandoli	10	124	236194	736396	0
Pandoliju	25	373	197670	838967	0
Pandon ka Gudha	28	263	256844	738168	0
Pandon ka Nangal	28	120	270549	757271	0
Pandora	33	710	259744	798265	0
Pandora	13	477	326507	756736	0
Pandora	12	39	321683	758681	0
Pandora ni Mordi	10	124	235435	736146	0
Pandore	28	23	245338	728253	0
Pandori	13	485	330792	743361	0
Pandori	27	647	308297	756417	0
Pandori	27	284	317360	757943	0
Pandori	27	284	317021	757925	0
Pandori	33	710	259715	790601	0
Pandori	33	417	257327	787915	0
Pandori	13	477	323409	754019	0
Pandori	27	284	320676	756371	0
Pandori	27	468	318203	754275	0
Pandori	27	284	317977	756257	0
Pandori	27	284	316618	756719	0
Pandori	27	284	314924	758502	0
Pandori Arian	27	544	315177	755050	0
Pandori Baghel Singh	27	284	320433	756045	0
Pandori Bavadas	27	284	316095	757705	0
Pandori Bhawa	27	284	315555	758177	0
Pandori Bibi	27	284	314429	758758	0
Pandori Ganga Singh	27	284	312941	759280	0
Pandori Jagir	27	355	310893	755397	0
Pandori Kad	27	284	313857	758678	0
Pandori Khajur	27	284	315737	758244	0
Pandori Khanguran	27	284	315289	757549	0
Pandori Khas	27	355	310995	754427	0
Pandori Ladha Singh	27	284	312815	759918	0
Pandori Mail	27	284	315850	758035	0
Pandori Malhian	27	284	316961	757223	0
Pandori Masharu Koti	27	355	311643	756489	0
Pandori Mehtawan	27	284	314976	757763	0
Pandori Mindomind	27	284	315548	758171	0
Pandori Nangal	27	468	316989	753740	0
Pandori Rajputan	27	355	312092	755980	0
Pandorian	13	559	328069	747736	0
Pandorj Rajputan	27	544	315231	755056	0
Pandoruvukhandrika	1	6	144284	801329	0
Pandoshan	13	651	336587	748837	0
Pandpathri	13	119	344405	748066	0
Pandra	33	451	276849	795274	0
Pandra	19	443	221217	780383	0
Pandra	33	621	255355	796199	0
Pandra	20	78	206386	751772	0
Pandra	1	194	187618	837655	0
Pandra	33	329	288183	796312	0
Pandra	33	329	285868	795869	0
Pandra	33	656	285090	799453	0
Pandra	33	659	271173	801059	0
Pandra	14	541	233899	851522	0
Pandra	14	416	232397	851304	0
Pandra	14	416	230429	851576	0
Pandra	14	541	233912	852823	0
Pandra	14	678	235311	842863	0
Pandra	14	740	235296	848514	0
Pandra	14	541	232431	849998	0
Pandra	14	628	227182	859230	0
Pandra Hanuman	33	196	251160	825757	0
Pandra Kangal	33	196	251066	825809	0
Pandra Khark	20	132	212455	771738	0
Pandra Kishan Das	33	656	288391	797478	0
Pandra Maunas	33	196	251053	825784	0
Pandra Rabinath	33	196	251063	825775	0
Pandra Ram Das	33	656	288234	797490	0
Pandra Sikandarpur	33	451	278120	800442	0
Pandrabaji	20	139	211403	790591	0
Pandrachua	6	393	209823	824467	0
Pandraguda	25	108	185037	822619	0
Pandrain	33	242	254831	828047	0
Pandrain	6	393	212407	827292	0
Pandrajoli	25	349	191230	837796	0
Pandrakheri	19	325	216259	786810	0
Pandrakhol	25	546	212927	845320	0
Pandramunda	25	349	198247	835567	0
Pandrangipeta	1	176	184134	834985	0
Pandranguda	1	258	183061	829049	0
Pandrani	14	310	232255	847258	0
Pandrapada	25	349	194611	832643	0
Pandrapadu	1	308	160936	804676	0
Pandrapali	34	692	298955	797692	0
Pandrapani	19	325	221629	788274	0
Pandrapani	19	354	221024	799345	0
Pandrapani	19	354	222085	799265	0
Pandrapani	19	142	221099	801644	0
Pandrapani	6	455	209992	804736	0
Pandrapani	20	134	207007	804950	0
Pandrapani	14	740	236030	846662	0
Pandrapani	14	476	227391	849300	0
Pandrapanitola	14	712	238277	837130	0
Pandrapat	6	384	230946	836848	0
Pandrapath	6	393	212832	828599	0
Pandrapathar	25	572	205771	826560	0
Pandrapathra	6	374	223438	822701	0
Pandrapolu	1	258	175243	819227	0
Pandrapottipalem	1	258	174175	819214	0
Pandrasali	14	276	226293	857917	0
Pandrasali	14	276	223095	859903	0
Pandrasinga	25	527	203883	850923	0
Pandratala	25	349	191823	836064	0
Pandratanrtoli	14	377	237162	855511	0
Pandratola	19	142	220591	800736	0
Pandratoli	14	541	235208	854951	0
Pandratoli	14	310	229660	847579	0
Pandravedu	30	220	132874	795137	0
Pandrawal	27	283	310244	759581	0
Pandrawan	33	637	264930	814281	0
Pandrethan	13	588	340484	748683	0
Pandri	20	151	192468	764888	0
Pandri	28	113	270182	776430	0
Pandri	6	676	201622	810094	0
Pandri	33	710	261795	796763	0
Pandri	19	512	250188	803960	0
Pandri	33	-1	251908	804207	0
Pandri	33	698	255985	811936	0
Pandri	19	568	225648	778523	0
Pandri	33	27	256231	834222	0
Pandri	20	132	213998	773047	0
Pandri	33	102	246192	831507	0
Pandri	33	694	249209	833379	0
Pandri	33	196	247304	824696	0
Pandri	33	282	277465	815650	0
Pandri	33	516	259856	838679	0
Pandri	33	282	275066	818833	0
Pandri	33	575	264926	819881	0
Pandri	33	595	276291	820612	0
Pandri	33	269	274555	822828	0
Pandri	33	269	273794	822629	0
Pandri	33	280	272817	826974	0
Pandri	33	605	266128	820615	0
Pandri	33	605	265541	820028	0
Pandri	33	688	259556	816581	0
Pandri	19	142	223757	808520	0
Pandri	6	669	218635	825034	0
Pandri	33	312	278789	809199	0
Pandri	19	217	229294	817905	0
Pandri	6	725	229994	819875	0
Pandri	6	269	238190	835739	0
Pandri	25	290	216741	837971	0
Pandri	25	373	199682	839177	0
Pandri	33	329	287305	793573	0
Pandri	33	329	282424	792969	0
Pandri	34	617	289709	795082	0
Pandri	34	617	289174	797008	0
Pandri	33	656	285120	798259	0
Pandri	33	656	287062	799076	0
Pandri	33	656	284798	799221	0
Pandri	33	488	274605	807050	0
Pandri	19	322	265135	790263	0
Pandri	4	117	247251	847816	0
Pandri	4	495	253236	853857	0
Pandri	14	434	240797	863832	0
Pandri	25	546	211870	840967	0
Pandri	25	527	202889	845785	0
Pandri Halua	33	329	285748	794492	0
Pandri Jagir	33	329	288130	796290	0
Pandri Kalan	33	102	246391	832628	0
Pandri Kalan	14	379	244509	848692	0
Pandri Khalsa	33	329	285258	793786	0
Pandri Khurd	14	379	244517	848650	0
Pandri Kirpal	33	522	271842	819826	0
Pandri Muttasil Baraur	33	329	285992	795943	0
Pandri Naumahla	33	329	284446	795919	0
Pandri Pal	33	688	260209	820172	0
Pandri Sargahi	33	654	263357	812108	0
Pandri Shankar	33	522	271769	819475	0
Pandri Shivgarh	33	196	250833	827500	0
Pandri Taluka Khamaria	33	656	281274	799433	0
Pandri Zabar	33	688	259624	820467	0
Pandria	33	605	265745	821171	0
Pandria	14	442	250493	875867	0
Pandriamba	6	384	225829	840089	0
Pandriatoli	14	498	237959	858165	0
Pandrichinta	25	305	183986	830286	0
Pandrichua	6	611	215978	827001	0
Pandridalli	6	642	205729	810871	0
Pandridand	6	695	229248	828458	0
Pandridand	6	676	201723	810050	0
Pandrigota	20	134	207161	804972	0
Pandrikantapali	25	546	214513	839009	0
Pandrikhapa	19	325	219099	785540	0
Pandrikhar	6	393	211403	824587	0
Pandrikhar	19	217	229294	814278	0
Pandrikhar	6	517	223815	814010	0
Pandrikhari	6	725	228096	820294	0
Pandrimal	25	478	215970	837492	0
Pandrimal	25	297	211227	837864	0
Pandrimal	25	373	203676	844995	0
Pandrimamidiguda	25	305	184524	828324	0
Pandrimendi	25	373	203539	842584	0
Pandripada	25	423	197910	849592	0
Pandripali	6	388	219116	829478	0
Pandripali	6	611	216937	829471	0
Pandripali	6	17	219453	832018	0
Pandripali	25	546	215497	839797	0
Pandripali	25	546	215665	841128	0
Pandripani	6	374	223071	827752	0
Pandripani	6	384	228746	837996	0
Pandripani	6	517	224457	812133	0
Pandripani	6	676	202029	810845	0
Pandripani	6	627	205318	815075	0
Pandripani	6	676	203770	815491	0
Pandripani	6	676	202767	815042	0
Pandripani	6	627	203292	818976	0
Pandripani	6	676	205038	814131	0
Pandripani	6	374	227770	821880	0
Pandripani	6	374	225124	824620	0
Pandripani	6	517	219593	809787	0
Pandripani	6	374	225411	826474	0
Pandripani	6	695	229289	829066	0
Pandripani	6	374	222862	829964	0
Pandripani	6	611	216254	827339	0
Pandripani	6	393	211760	824039	0
Pandripani	6	393	212391	827098	0
Pandripani	19	449	224880	814205	0
Pandripani	6	725	228231	818000	0
Pandripani	6	279	224904	819897	0
Pandripani	6	285	208255	821808	0
Pandripani	6	285	207961	821902	0
Pandripani	6	285	206210	821196	0
Pandripani	25	572	207886	824755	0
Pandripani	6	393	208772	824564	0
Pandripani	25	572	207239	823886	0
Pandripani	6	393	214277	830127	0
Pandripani	6	393	213623	832132	0
Pandripani	25	478	210806	831936	0
Pandripani	6	17	219477	832914	0
Pandripani	6	17	218819	834348	0
Pandripani	25	478	211028	832849	0
Pandripani	6	384	227526	841248	0
Pandripani	6	384	228735	841741	0
Pandripani	14	476	225940	842360	0
Pandripani	14	310	227701	843528	0
Pandripani	14	476	225195	843464	0
Pandripani	14	476	225643	844718	0
Pandripani	14	310	228310	845038	0
Pandripani	14	476	224807	846076	0
Pandripani Gond	25	-1	207175	823483	0
Pandripanitoli	14	476	224079	842743	0
Pandripara	25	527	200306	849304	0
Pandriparhra	6	279	224306	820451	0
Pandripathar	25	290	218434	839941	0
Pandripathar	25	262	219946	847998	0
Pandripathra	19	142	219428	807468	0
Pandripathra	6	455	209203	806781	0
Pandripathra	6	517	222572	813709	0
Pandripoda	25	305	187523	823736	0
Pandripoda	25	305	186798	824359	0
Pandriposi	25	546	212398	846021	0
Pandrisilla	25	683	213741	846848	0
Pandrisima	25	373	202940	844907	0
Pandrisuga	25	373	204218	843855	0
Pandritalai	19	461	228661	804666	0
Pandritarai	6	299	212529	816528	0
Pandritarai	6	620	207362	807459	0
Pandritarai	25	478	214910	834579	0
Pandritaraj	6	275	214336	814398	0
Pandritola	19	142	216179	797103	0
Pandritola	19	449	229878	807774	0
Pandrot	12	460	310408	775490	0
Pandruguda	25	108	185639	821138	0
Pandruki	19	449	227619	813237	0
Pandrukitola	19	449	227706	813268	0
Pandrusul	25	368	219252	858846	0
Pandtar	12	348	326993	760574	0
Pandtehr	12	39	320409	762094	0
Pandtehr	12	39	321794	763198	0
Pandtehr	12	39	321335	764137	0
Pandtehr	12	39	320441	764706	0
Pandtehr	12	39	320822	765437	0
Pandtehr	12	39	320630	766304	0
Pandtehr	12	39	320378	766468	0
Pandtehr	12	39	318582	763073	0
Pandtehr	12	39	318468	762550	0
Pandtial	12	39	319928	760184	0
Pandu	3	345	261691	916771	0
Pandu	19	325	226530	788586	0
Pandu	14	673	243269	839636	0
Pandu	12	267	319360	768442	0
Pandu	14	732	239002	850941	0
Pandu	14	416	230571	852177	0
Pandu	14	541	231465	849488	0
Pandu Farm	31	75	186787	778968	0
Pandu Kheri	33	431	296962	774349	0
Pandua	14	712	242555	836705	0
Pandua	19	497	248443	816145	0
Pandua	19	497	248389	816285	0
Pandua	19	337	237506	803212	0
Pandua	33	584	252977	815662	0
Pandua	14	276	226534	851326	0
Pandua	14	628	227210	858403	0
Pandua	25	546	212998	845233	0
Pandua	25	262	217905	849072	0
Panduaburu	14	276	220070	858891	0
Pandual	4	569	261377	861683	0
Panduapura	33	526	269542	781721	0
Panduar	6	627	202743	819071	0
Panduatanr	14	678	237011	846878	0
Panduatoli	14	476	226639	848024	0
Pandubadi	14	276	227318	856194	0
Pandubandhtola	14	712	240965	835566	0
Pandubathan	14	570	247800	872220	0
Pandubi	4	641	262211	876149	0
Pandubir	14	276	225432	856880	0
Pandubiya	33	102	243358	833559	0
Panduburu	14	276	223942	851291	0
Panduda	14	628	229028	857787	0
Pandudera	25	290	216370	839218	0
Pandudera	14	276	227586	854807	0
Pandudera	14	476	224617	842220	0
Pandudih	14	416	231051	855729	0
Pandudih	35	-1	232150	858335	0
Panduguda	31	271	194236	785550	0
Panduguda	25	373	203711	843579	0
Pandugudem	1	25	172040	814303	0
Panduha	33	282	273508	816062	0
Panduha	4	636	260423	865005	0
Panduhar	33	694	250778	831936	0
Pandui	33	444	253802	803496	0
Pandui	4	507	251743	849596	0
Pandui	4	106	248058	853603	0
Panduk	35	361	235772	876442	0
Panduka	6	275	213087	811996	0
Panduka	6	455	209644	807864	0
Pandukaranpatti	30	193	104709	786361	0
Pandukeshwar	34	179	306332	795504	0
Pandukheri	19	568	225662	778162	0
Panduki	4	112	247711	844875	0
Panduki	14	276	220855	858635	0
Pandukpur	33	694	253749	832674	0
Pandukudi	30	5	98056	789710	0
Pandulakunta	1	426	141802	781904	0
Pandulapalli	31	717	186639	796131	0
Panduli	25	373	203686	843797	0
Pandulna	20	139	211012	791780	0
Panduloya	14	310	227811	848571	0
Pandumadu	15	188	122727	757592	0
Pandungri	25	546	214211	839075	0
Pandupadar	25	373	202996	841753	0
Pandupali	25	546	214460	840629	0
Pandupara	19	354	226479	796289	0
Pandupara	6	392	188697	815101	0
Pandupata	14	276	226428	857721	0
Pandupipariya	19	325	223423	787098	0
Pandupol	28	463	273174	764427	0
Pandupur	33	174	274836	775912	0
Pandupur	25	399	207457	851451	0
Pandur	30	238	125360	800355	0
Pandur	1	45	135496	799240	0
Pandur	30	220	131556	798488	0
Pandur	30	376	117314	792860	0
Pandur	30	198	111324	796081	0
Pandurakad Edakkudi	30	201	83652	779816	0
Pandurangapalem	1	212	158289	804585	0
Pandurangapuram	31	46	176735	809674	0
Pandurangapuram	1	224	154386	784333	0
Pandurangapuram	1	6	149926	791288	0
Pandurapuram	30	201	84275	779013	0
Panduri	13	485	330421	742672	0
Panduria	14	732	238473	852006	0
Panduripani	25	478	210307	826929	0
Pandurisila	25	262	217922	849322	0
Pandurna	20	141	212451	782255	0
Pandurna	20	53	197466	763890	0
Pandurni	20	138	187369	773347	0
Panduru	1	219	175156	827307	0
Pandusar	28	467	288654	746619	0
Pandusar	28	296	285498	739877	0
Pandusar ki Dhani	28	296	285786	740656	0
Pandusiri	25	368	219330	858787	0
Pandutala	19	142	223656	808254	0
Pandutalab	19	311	224884	761482	0
Pandutara	6	723	221423	815439	0
Pandutol	14	476	225659	848504	0
Pandutola	20	134	206777	803327	0
Pandutola	6	620	207936	806093	0
Pandutoli	14	541	233099	851883	0
Pandutoli	14	541	230011	856676	0
Panduva	1	195	153743	792719	0
Panduvakottai	30	193	105402	791183	0
Panduvanagulavaram	1	195	153785	792731	0
Panduvanhalli	15	333	137002	752419	0
Panduvarigudem	1	25	171854	811696	0
Panduvva	1	307	166645	814899	0
Panduwala Khu	27	283	310334	761245	0
Pandvihir	20	67	201485	786811	0
Pandwa	10	140	230672	733973	0
Pandwa	33	174	276327	778261	0
Pandwa	19	202	218663	764399	0
Pandwa	14	673	241716	840609	0
Pandwaha	33	417	254699	791564	0
Pandwai	19	337	238600	805475	0
Pandwal Bara	28	163	231855	742608	0
Pandwal Chhota	28	163	231964	742854	0
Pandwala	27	608	306188	768799	0
Pandwan	11	747	286055	761723	0
Pandwanur	33	575	263394	818839	0
Pandwapur	31	346	190933	788001	0
Pandwapur	33	637	260803	818346	0
Pandwar	33	516	258824	840495	0
Pandwari	33	710	260808	792879	0
Pandwasi	33	688	258774	818757	0
Pandyacha Tanda	20	138	183731	774479	0
Pandye Syphon	4	457	272190	845025	0