Parshadepur	33	654	260735	814921	10690
Par Siripur	35	587	259166	879616	0
Pars Katui	33	532	263994	826965	0
Pars Patti	33	575	262250	823182	0
Parsa	6	695	228448	828110	0
Parsa	12	460	311822	777419	0
Parsa	33	27	256646	837849	0
Parsa	19	497	245765	815229	0
Parsa	33	31	269357	813771	0
Parsa	33	282	271525	815132	0
Parsa	33	31	270286	815075	0
Parsa	33	282	273268	817548	0
Parsa	33	522	272816	819363	0
Parsa	33	269	276512	820952	0
Parsa	33	269	276712	821545	0
Parsa	33	269	274059	823965	0
Parsa	33	522	270847	824965	0
Parsa	33	269	273686	825167	0
Parsa	33	280	273361	827286	0
Parsa	33	280	271698	826996	0
Parsa	33	280	271454	826587	0
Parsa	33	605	264725	822168	0
Parsa	33	575	263717	822512	0
Parsa	33	152	268879	825380	0
Parsa	33	152	267775	826274	0
Parsa	33	152	268240	826496	0
Parsa	33	152	269679	827890	0
Parsa	33	152	268874	827894	0
Parsa	33	623	265905	828772	0
Parsa	33	280	270468	830312	0
Parsa	33	280	272277	830788	0
Parsa	33	314	270939	833634	0
Parsa	33	496	270389	835341	0
Parsa	33	496	272162	835552	0
Parsa	33	623	266565	830378	0
Parsa	33	496	269561	835175	0
Parsa	33	539	268020	836823	0
Parsa	33	539	267014	836239	0
Parsa	33	515	264716	837135	0
Parsa	33	659	271661	806379	0
Parsa	33	312	278716	808971	0
Parsa	6	388	219181	830628	0
Parsa	4	520	258168	846319	0
Parsa	4	520	258026	849080	0
Parsa	4	520	258570	849109	0
Parsa	4	457	272757	845118	0
Parsa	4	457	270545	846089	0
Parsa	4	457	270242	846702	0
Parsa	4	675	265308	841712	0
Parsa	4	675	264600	840635	0
Parsa	4	457	268396	844380	0
Parsa	4	457	269510	844209	0
Parsa	33	539	267179	842895	0
Parsa	4	457	267894	846967	0
Parsa	4	382	265175	845893	0
Parsa	4	675	263556	845894	0
Parsa	4	520	260021	845978	0
Parsa	4	520	260601	848327	0
Parsa	4	112	247941	841923	0
Parsa	4	112	246366	842422	0
Parsa	4	112	247298	841435	0
Parsa	4	112	247297	841875	0
Parsa	4	112	246506	842055	0
Parsa	4	394	251773	840829	0
Parsa	4	394	252015	842094	0
Parsa	4	112	247850	843649	0
Parsa	4	112	248803	844569	0
Parsa	4	112	247435	845914	0
Parsa	4	535	265958	860915	0
Parsa	4	106	246599	854698	0
Parsa	4	535	263319	861744	0
Parsa	4	535	263117	863799	0
Parsa	4	535	264143	863503	0
Parsa	4	410	261880	867682	0
Parsa	4	632	260498	868944	0
Parsa	4	136	257721	861754	0
Parsa	4	518	251004	866168	0
Parsa	4	632	259416	869210	0
Parsa	4	505	248496	862133	0
Parsa	4	117	247087	849174	0
Parsa	4	535	265994	858195	0
Parsa	4	410	264166	870691	0
Parsa	4	590	257668	870691	0
Parsa	4	582	250026	870621	0
Parsa	14	570	250476	872109	0
Parsa	14	570	251704	873262	0
Parsa	4	520	258869	850254	0
Parsa	4	581	255424	851177	0
Parsa	4	495	253927	852301	0
Parsa	4	581	254906	852483	0
Parsa	4	602	255091	876537	0
Parsa	14	442	250785	875252	0
Parsa	14	570	248425	872282	0
Parsa	4	457	272627	843906	0
Parsa	4	457	273128	843411	0
Parsa	35	400	232052	859642	0
Parsa	14	276	225762	854733	0
Parsa	14	310	230917	841565	0
Parsa	14	310	230287	844614	0
Parsa	14	541	231146	849038	0
Parsa	14	276	223073	859710	0
Parsa	14	276	220923	858650	0
Parsa	25	281	219602	856598	0
Parsa	4	410	261217	865795	0
Parsa Balapatti	4	535	265503	860154	0
Parsa Bhadaulia	33	280	272395	830918	0
Parsa Bhari	33	623	266155	830425	0
Parsa Bigha	4	663	252212	857362	0
Parsa Bodhi	33	152	267754	828188	0
Parsa Buzurg	33	280	273960	826951	0
Parsa Buzurg	33	280	272135	831170	0
Parsa Buzurg	33	314	264709	832724	0
Parsa Buzurg	33	496	269724	836177	0
Parsa Buzurg	4	505	249238	858288	0
Parsa Chaube	33	623	270052	830769	0
Parsa Damia	33	152	269641	827811	0
Parsa Dandwa	33	575	263572	823297	0
Parsa Danr	33	314	266782	833262	0
Parsa Daphli	33	152	267704	827947	0
Parsa Daya Ram	33	496	272171	833199	0
Parsa Deotaha	33	595	277386	820290	0
Parsa Diha	33	623	270021	830826	0
Parsa Dulha	33	522	269769	824497	0
Parsa Ganesh	4	112	246996	841351	0
Parsa Gidahi	33	496	271115	836305	0
Parsa Gobarhi Chak	33	496	272019	836621	0
Parsa Gondri	33	522	271319	818142	0
Parsa Hajam	33	152	268129	828679	0
Parsa Harnatanr	4	615	260331	844217	0
Parsa Hetim	33	280	271249	825762	0
Parsa Husain Nankar	33	280	271582	827055	0
Parsa Imad	33	280	271292	827142	0
Parsa Jafar	33	152	268262	828127	0
Parsa Jamal Nankar	33	280	271414	825749	0
Parsa Jangal	33	515	264739	837071	0
Parsa Jhakaria	33	623	268572	830124	0
Parsa Jhungia	33	152	269976	826926	0
Parsa ka Nagla	11	722	279603	775103	0
Parsa ka Pura	19	459	264783	778435	0
Parsa Kalan	33	280	270533	828474	0
Parsa Kalan	33	280	271226	830340	0
Parsa Kalan	33	623	268544	830180	0
Parsa Kalan	33	623	265623	830173	0
Parsa Kalan	4	410	264065	870736	0
Parsa Kashi	33	152	269384	827284	0
Parsa Khal	33	152	269462	827161	0
Parsa Khera	33	329	284332	793464	0
Parsa Khurd	33	280	273767	826669	0
Parsa Khurd	33	280	270558	828464	0
Parsa Khurd	33	623	270931	830603	0
Parsa Khurd	33	280	272076	831186	0
Parsa Khurd	33	496	270089	836161	0
Parsa Khurd	33	623	265598	830374	0
Parsa Khurd	33	314	264651	832501	0
Parsa Kodi Khan	33	282	277319	816190	0
Parsa Kuhkuh	33	152	267606	828458	0
Parsa Kusum	33	152	269244	827192	0
Parsa Kutub	33	152	270597	826804	0
Parsa Langra	33	152	270089	827084	0
Parsa Mafi	33	623	270361	830623	0
Parsa Mahant	33	496	271171	832890	0
Parsa Maheshi	33	522	271165	817511	0
Parsa Mir	33	623	268509	829333	0
Parsa Mir	33	496	272172	836447	0
Parsa Murtaza	33	280	271311	825762	0
Parsa Pande	33	496	272030	833660	0
Parsa Pande	33	623	269813	830712	0
Parsa Puri	33	152	269665	827568	0
Parsa Sadhan	4	381	262561	849818	0
Parsa Sheikh	33	623	268896	829615	0
Parsa Shiuraj	33	152	270364	825951	0
Parsa Shukul	33	623	270360	830557	0
Parsa Sohnsa	33	522	271911	820697	0
Parsa Surat	33	152	269293	828175	0
Parsa Takia	33	152	268064	827709	0
Parsa Tappa Kot	33	522	269729	825408	0
Parsa Taufir	33	280	270507	828218	0
Parsa Tiwari	33	522	269557	824528	0
Parsa Tiwari	33	152	269802	828306	0
Parsa Tola	19	461	224370	801623	0
Parsa Tola Arazi Chakwar	4	457	267880	846816	0
Parsa Tola Arazi Chakwar	4	457	266989	846659	0
Parsa Tola Dumri	4	457	268424	847247	0
Parsa Tori	33	152	267827	827853	0
Parsa Udekar	33	522	269200	824599	0
Parsa Urf Aglahwa	33	314	263969	833580	0
Parsa Zabti	33	152	269466	828750	0
Parsabad	14	454	243024	857451	0
Parsabad	14	454	244720	858501	0
Parsabahal	14	276	227024	855240	0
Parsabeni	33	496	271357	833164	0
Parsabera	14	732	239522	857492	0
Parsabera	14	434	240772	860600	0
Parsaberatoli	14	498	238381	859291	0
Parsabhadar	6	365	216480	821275	0
Parsabhadar	6	365	216584	821891	0
Parsabhadar	25	572	209267	825435	0
Parsabhata	6	669	221059	825803	0
Parsabhata	6	669	222122	826338	0
Parsabhata	6	374	221713	827200	0
Parsabuda	6	627	207428	819099	0
Parsabura	25	572	208120	825649	0
Parsachuan	4	117	244682	846969	0
Parsad	28	22	241941	737095	0
Parsad	4	535	261586	863579	0
Parsada	6	669	219730	823371	0
Parsada	6	299	210906	815898	0
Parsada	6	275	213119	812482	0
Parsada	6	279	219536	821104	0
Parsada	6	299	213424	820258	0
Parsada	6	299	213193	821054	0
Parsada	6	642	208188	811843	0
Parsada	6	642	208265	811768	0
Parsada	6	275	213751	813395	0
Parsada	6	642	210179	813013	0
Parsada	6	275	212258	815274	0
Parsada	6	299	212039	818452	0
Parsada	6	299	210286	818626	0
Parsada	6	285	210267	819573	0
Parsada	19	443	222280	776698	0
Parsada	33	27	255878	839017	0
Parsada	19	497	249900	817189	0
Parsada	33	522	274120	819336	0
Parsada	33	522	269684	819364	0
Parsada	6	642	208417	813782	0
Parsada	6	642	207214	812703	0
Parsada	6	374	223513	821829	0
Parsada	6	279	221312	820680	0
Parsada	6	279	222063	821952	0
Parsada	6	669	220100	825070	0
Parsada	6	669	221106	826013	0
Parsada	6	365	215313	823395	0
Parsada	6	388	217253	829195	0
Parsada	6	611	216189	829769	0
Parsada	6	393	211455	821063	0
Parsada	6	393	210172	821829	0
Parsada	6	279	223293	819708	0
Parsada	6	681	218500	818270	0
Parsada	6	723	219554	818388	0
Parsada	6	299	215455	817499	0
Parsada	6	299	215498	819006	0
Parsada	25	572	203076	826811	0
Parsada	6	611	215307	831828	0
Parsada	6	17	219549	833205	0
Parsada	25	290	217648	836017	0
Parsada	33	488	274931	806393	0
Parsada	6	279	220373	821237	0
Parsada	6	279	220437	822784	0
Parsada	6	279	219657	822510	0
Parsada	6	299	214101	819721	0
Parsada Kalan	6	388	219931	828994	0
Parsada Kalan	6	285	209489	820616	0
Parsada Khurd	6	275	213619	812731	0
Parsada Purwa	33	645	264430	799232	0
Parsadh	6	642	209146	811032	0
Parsadh	33	688	258870	822784	0
Parsadha	4	597	253028	839844	0
Parsadha	19	497	249118	818250	0
Parsadha	33	312	278916	808294	0
Parsadi	19	497	249906	815151	0
Parsadi	4	520	258742	850943	0
Parsadi Inglis	4	734	252861	846913	0
Parsadi ki Mandaiyan	33	116	280192	786910	0
Parsadia	19	313	247477	808736	0
Parsadih	6	365	217520	822000	0
Parsadih	6	365	216776	820340	0
Parsadih	6	365	215542	820890	0
Parsadih	6	393	212649	821322	0
Parsadih	6	642	208523	810657	0
Parsadih	6	365	216991	823295	0
Parsadih	6	611	216995	826993	0
Parsadih	6	388	217905	828204	0
Parsadih	6	388	218467	830529	0
Parsadih	6	611	216324	831344	0
Parsadih	6	611	214802	832749	0
Parsadih	14	732	243619	852672	0
Parsadih	14	377	236464	857447	0
Parsadih	14	498	236778	859752	0
Parsadih	14	434	245870	861383	0
Parsadipali	25	546	215913	839993	0
Parsadipur	33	33	255729	829559	0
Parsaditola	20	168	212326	802878	0
Parsaditoli	14	678	236783	847598	0
Parsadpur	33	33	259803	825068	0
Parsadpur	33	242	254469	828935	0
Parsadpur	33	584	255764	818561	0
Parsadpura	28	599	268784	781669	0
Parsadtara	33	698	257528	806581	0
Parsadwa	33	698	259585	807947	0
Parsagana	33	152	268756	824966	0
Parsaganda	4	597	254369	841560	0
Parsagarh	33	431	300659	774547	0
Parsagarh	33	515	265411	836459	0
Parsagarhi	4	410	260935	870672	0
Parsagarhi	25	368	219323	859635	0
Parsah	14	712	241111	838982	0
Parsaha	33	591	255044	799813	0
Parsaha	33	242	253984	829062	0
Parsaha	6	517	221019	812692	0
Parsaha	4	636	259013	865661	0
Parsaha	4	636	256675	866268	0
Parsaha	4	636	256436	866794	0
Parsahar	33	623	265954	829174	0
Parsahar	33	623	265710	831163	0
Parsahara	4	597	255035	840688	0
Parsahat	4	641	260246	871797	0
Parsahi	6	279	221394	823479	0
Parsahi	6	275	210470	814048	0
Parsahi	33	33	257916	826738	0
Parsahi	6	642	208090	812898	0
Parsahi	6	669	220449	823963	0
Parsahi	6	669	220903	824502	0
Parsahi	6	490	213171	808745	0
Parsahi	4	675	264988	840791	0
Parsahi	14	379	242879	845729	0
Parsahi	4	535	265445	861566	0
Parsahi	4	535	265266	863279	0
Parsahi	4	632	260742	869591	0
Parsahi	4	632	259453	866860	0
Parsahi	14	678	239134	843671	0
Parsahi	14	678	237603	844566	0
Parsahi	4	410	262497	866406	0
Parsahi	6	642	209731	813890	0
Parsahi Sirsia	4	535	264677	864984	0
Parsahia	33	496	269311	835257	0
Parsahia	33	539	267743	837892	0
Parsahidih	6	517	219216	809542	0
Parsahidih	6	279	221154	822180	0
Parsahitoli	14	678	238492	843735	0
Parsahiya	33	102	243811	833055	0
Parsahna	33	522	269276	822383	0
Parsahni	33	242	254755	828560	0
Parsahta	33	694	254662	833048	0
Parsahwa	33	694	247419	832074	0
Parsahwa	33	595	275731	819470	0
Parsahwa	33	269	276192	821331	0
Parsahwa	33	522	271301	821827	0
Parsahwa	33	522	271082	822177	0
Parsahwa	33	152	268968	824127	0
Parsahwa	33	539	267726	838703	0
Parsai	33	370	244870	786252	0
Parsai	33	688	258651	813366	0
Parsai	33	688	258230	813740	0
Parsai	33	659	276571	800938	0
Parsaia	33	685	270985	809540	0
Parsain	19	465	263114	783703	0
Parsain	14	673	240871	843390	0
Parsain	4	518	251682	866711	0
Parsain	4	507	252485	850267	0
Parsain Galla	34	589	298311	789499	0
Parsaina	33	539	267742	836052	0
Parsainian	33	152	270311	826712	0
Parsaipalli	31	241	173667	795205	0
Parsajarahi	33	102	243845	834006	0
Parsajarhi	14	673	242882	838659	0
Parsakabas	28	463	277763	763068	0
Parsakapa	6	723	221684	816689	0
Parsakapa	6	279	221647	818552	0
Parsakapa	6	723	220830	818972	0
Parsakhadi	14	673	244281	838879	0
Parsakhar	14	712	242464	837359	0
Parsakhar	14	673	239326	840902	0
Parsakhola	6	374	224767	827637	0
Parsal	12	460	311125	775826	0
Parsal	33	531	290998	791298	0
Parsala	19	322	263945	789768	0
Parsala	20	185	212251	744885	0
Parsali	25	349	195473	833681	0
Parsama	4	581	254703	857542	0
Parsamal	20	185	212420	747334	0
Parsamanpur	33	479	262215	831169	0
Parsamau	19	142	223135	808432	0
Parsamau	33	688	257738	821069	0
Parsamau	33	688	257683	820970	0
Parsamunda	6	494	229623	822413	0
Parsan	33	314	262861	835759	0
Parsan	33	515	262461	839366	0
Parsan	14	434	242731	862977	0
Parsan Bigha	4	734	251246	846523	0
Parsan Bigha	4	734	251978	846490	0
Parsan Bigha	4	507	251443	848420	0
Parsan Bigha	4	117	249491	847647	0
Parsan Bigha	4	581	254151	852217	0
Parsan Misr Purwa	33	522	268784	820797	0
Parsan Purwa	33	522	271255	819593	0
Parsan Purwa	33	522	272471	817053	0
Parsan Purwa	33	605	267547	817940	0
Parsan Purwa	33	152	270139	827684	0
Parsan Purwa	33	575	261960	820815	0
Parsan Singh Purwa	33	654	264391	812529	0
Parsana	19	16	240383	771798	0
Parsanbigha	4	112	247022	843936	0
Parsanda	33	301	263359	807906	0
Parsanda	33	688	260287	821622	0
Parsanda	4	457	272824	845490	0
Parsanda	14	541	229614	857927	0
Parsanda Juran	33	516	260363	838989	0
Parsandi	33	656	283220	798661	0
Parsando	4	518	251552	865825	0
Parsanhalli	15	652	127765	759639	0
Parsani	33	621	258745	799901	0
Parsani	33	688	259249	821484	0
Parsani Chak	14	483	241488	868982	0
Parsani Kalan	33	27	255905	832658	0
Parsani Khurd	33	27	256016	832627	0
Parsaniyan	19	638	250494	800119	0
Parsanpah	4	597	256942	841320	0
Parsanpur	33	196	250925	827790	0
Parsanpur	33	575	262895	819195	0
Parsantola	4	394	250177	840904	0
Parsantoli	14	476	226428	848322	0
Parsanwan	33	637	261719	818238	0
Parsanwan	33	532	265233	827311	0
Parsanwan	4	117	246693	851432	0
Parsanwan	4	117	249055	847732	0
Parsanwan	4	117	248552	848756	0
Parsanwan	4	505	249417	858753	0
Parsanwan Dih	33	532	265247	827241	0
Parsanwan Kalan	33	532	265278	827262	0
Parsanwan Khurd	33	532	265187	827271	0
Parsaoli Orampur	33	278	266050	791759	0
Parsaon	33	152	266154	828249	0
Parsapali	6	393	212345	825105	0
Parsapali	6	388	220494	828391	0
Parsapali	6	279	221803	823797	0
Parsapali	6	365	216332	823794	0
Parsapali	6	365	217020	825809	0
Parsapali	6	669	219772	827790	0
Parsapali	6	669	219271	827789	0
Parsapali	6	669	218639	827630	0
Parsapali	6	611	216213	829958	0
Parsapali	6	393	211572	822464	0
Parsapali	6	393	213935	830437	0
Parsapali	6	17	219447	832804	0
Parsapali	6	17	217018	833473	0
Parsapali	6	611	215221	827170	0
Parsapani	6	627	204071	818701	0
Parsapani	14	498	238370	857418	0
Parsapara	6	374	224247	823035	0
Parsapara	6	676	203620	813787	0
Parsapipara	6	676	204168	813217	0
Parsapur	15	72	165384	768729	0
Parsapur	15	50	160802	767881	0
Parsapur	31	203	170729	776477	0
Parsapur	33	659	272754	799882	0
Parsapur	20	132	212604	774159	0
Parsapur	33	672	292072	780866	0
Parsapur	33	522	273875	820042	0
Parsapur	33	522	270989	820019	0
Parsapur	33	522	269026	821227	0
Parsapur	33	522	269894	822186	0
Parsapur	33	488	276242	808084	0
Parsapur	15	655	153258	750748	0
Parsapur	15	655	151588	751002	0
Parsapur	15	583	152146	755443	0
Parsapur	15	66	158344	759605	0
Parsapur Maraur	33	522	269985	821505	0
Parsar	33	417	255597	786831	0
Parsar	4	394	251331	843609	0
Parsara	33	644	275461	780943	0
Parsara	33	417	252207	792162	0
Parsara	33	626	255383	814772	0
Parsara	33	242	255445	828281	0
Parsara	33	575	263649	822434	0
Parsara	33	584	252948	817260	0
Parsara	33	116	280046	792817	0
Parsara Parsari	33	451	280660	799249	0
Parsarai	4	590	258757	876396	0
Parsarai	4	590	259609	876782	0
Parsarai	4	495	251024	852236	0
Parsari	34	179	305341	795833	0
Parsari	34	589	299224	789982	0
Parsari ka Purwa	33	444	252043	805990	0
Parsarma	4	569	259553	861553	0
Parsarma	4	410	260416	865623	0
Parsat	20	139	211080	792723	0
Parsat	14	732	239886	856888	0
Parsata	19	459	262884	777391	0
Parsata	33	370	243076	786903	0
Parsatamtoli	14	498	237318	856469	0
Parsatanr	14	498	237266	858411	0
Parsatanr	14	434	242483	860365	0
Parsatanr	4	505	247886	864428	0
Parsatanr	4	505	247298	864713	0
Parsatanr	14	434	242240	862685	0
Parsatanr	14	434	242327	862947	0
Parsatari	4	106	246538	853972	0
Parsatari	14	732	245133	852840	0
Parsatdih	4	396	251870	871194	0
Parsath	33	33	256281	825338	0
Parsathi	6	393	210937	820347	0
Parsathi	6	299	213115	819614	0
Parsathua	4	394	252109	838094	0
Parsati	6	299	211333	817333	0
Parsatola	6	269	240311	833678	0
Parsatola	19	142	222272	805039	0
Parsatola	19	142	220111	805447	0
Parsatola	19	142	221616	805872	0
Parsatola	19	142	221539	806937	0
Parsatola	19	461	225273	809748	0
Parsatola	19	142	223230	808166	0
Parsatola	19	142	222257	807933	0
Parsatola	19	142	220340	807767	0
Parsatola	19	142	216155	803173	0
Parsatola	20	134	203949	801599	0
Parsatola	6	620	207346	807048	0
Parsatola	6	620	207423	806998	0
Parsatola	6	517	223864	814812	0
Parsatola	19	449	227374	816298	0
Parsatola	6	269	238472	830485	0
Parsatola	33	102	239432	831395	0
Parsatola	4	581	255170	849664	0
Parsatola	4	112	247120	843724	0
Parsatoli	6	269	237736	836373	0
Parsatoli	14	541	236011	851345	0
Parsatoli	14	541	235589	853702	0
Parsatoli	14	541	233413	853564	0
Parsatoli	14	541	232125	852998	0
Parsatoli	14	377	237495	855361	0
Parsatoli	14	498	235062	859576	0
Parsatoli	14	678	237519	846583	0
Parsatoli	14	310	232690	845939	0
Parsatoli	14	310	233176	846133	0
Parsatoli	14	541	235763	849739	0
Parsatoli	14	541	235796	849820	0
Parsatti	6	285	209326	820258	0
Parsau	34	179	300242	796127	0
Parsauha	33	548	269618	797552	0
Parsaul	33	566	283063	776006	0
Parsauli	33	174	278788	776939	0
Parsauli	33	479	258186	829493	0
Parsauli	33	479	257365	831231	0
Parsauli	33	444	254816	807909	0
Parsauli	33	595	276227	817750	0
Parsauli	33	522	271274	816048	0
Parsauli	33	605	266277	823253	0
Parsauli	33	605	266239	823292	0
Parsauli	33	532	265431	823485	0
Parsauli	33	27	258057	833965	0
Parsauli	33	532	264494	829519	0
Parsauli	33	488	274150	805273	0
Parsauli Mukimpur	33	605	266105	820312	0
Parsaulia	4	535	265130	860671	0
Parsaun	33	539	266732	842415	0
Parsauna	19	646	245115	821132	0
Parsauna	33	102	247617	830196	0
Parsauna	33	196	248928	826802	0
Parsauna	19	607	240993	825501	0
Parsauna	33	522	272064	817640	0
Parsauna	33	637	264618	814332	0
Parsauna	33	269	272927	824963	0
Parsauna	33	280	270375	828902	0
Parsauna	33	152	269702	826670	0
Parsauna	33	532	265002	828857	0
Parsauna	33	623	266324	829811	0
Parsauna	33	280	272417	832005	0
Parsauna	33	314	269107	833282	0
Parsauna	33	314	269016	834699	0
Parsauna	33	314	268776	832786	0
Parsauna	33	539	267826	838293	0
Parsauna	33	539	268407	838265	0
Parsauna	33	539	268350	839339	0
Parsauna	4	457	269402	841574	0
Parsauna	4	457	269576	844776	0
Parsauna	4	457	269842	844809	0
Parsauna	33	329	283059	794679	0
Parsauna	4	382	268116	848169	0
Parsauna	4	382	266103	848674	0
Parsauna	4	117	246437	850162	0
Parsauna Khalilpur	33	451	280823	798212	0
Parsauna Khurd	33	102	247635	827847	0
Parsauna Khurd	33	539	267848	838292	0
Parsauna Madan	4	382	268550	848236	0
Parsauna Tapsi	4	382	269240	847143	0
Parsaunda	33	444	256219	804579	0
Parsaundi	33	33	255524	830079	0
Parsauni	33	314	270953	831386	0
Parsauni	33	496	270047	833629	0
Parsauni	33	496	270243	836632	0
Parsauni	33	314	268997	834651	0
Parsauni	33	314	266111	832889	0
Parsauni	33	314	266104	836052	0
Parsauni	33	515	266070	837028	0
Parsauni	33	515	264618	835650	0
Parsauni	33	539	268021	837639	0
Parsauni	33	539	267942	838585	0
Parsauni	33	539	268826	839016	0
Parsauni	33	539	268827	839943	0
Parsauni	4	457	270444	842746	0
Parsauni	4	457	272822	846101	0
Parsauni	4	457	270170	845235	0
Parsauni	33	539	266700	840587	0
Parsauni	4	675	266214	841463	0
Parsauni	33	539	266480	841987	0
Parsauni	4	675	264972	841233	0
Parsauni	33	515	263416	841637	0
Parsauni	33	539	266696	842546	0
Parsauni	33	539	266465	843688	0
Parsauni	33	539	266504	843877	0
Parsauni	4	457	266882	844844	0
Parsauni	4	382	266321	846044	0
Parsauni	4	675	263193	847409	0
Parsauni	4	675	264273	846338	0
Parsauni	4	675	262527	848154	0
Parsauni	4	117	245966	850419	0
Parsauni	14	379	243311	851748	0
Parsauni	14	379	242827	851568	0
Parsauni	4	535	260782	863763	0
Parsauni	4	410	261611	864926	0
Parsauni	4	535	261017	864308	0
Parsauni	4	410	260509	864886	0
Parsauni	4	457	272675	843322	0
Parsauni	14	434	245843	858858	0
Parsauni	4	657	265178	853936	0
Parsauni	4	410	260327	865784	0
Parsauni Asapatti	4	381	263024	849343	0
Parsauni Bajid	4	382	264732	849171	0
Parsauni Dichhit	33	515	263393	841577	0
Parsauni Dube	4	381	263195	850020	0
Parsauni Ghogha	4	457	270145	846058	0
Parsauni Gopalpur	4	675	265659	842379	0
Parsauni Gopalpur	4	675	265740	842532	0
Parsauni Jahangir	4	381	262912	849158	0
Parsauni Kalan	4	675	265879	841499	0
Parsauni Kapuer	4	382	265591	851449	0
Parsauni Khurd	33	539	267797	839440	0
Parsauni Khurd	33	539	267964	840416	0
Parsauni Khurd	33	539	266609	841218	0
Parsauni Khurd	4	675	265885	841419	0
Parsauni Kisun	4	382	264784	849494	0
Parsauni Makundaha	33	539	267826	839348	0
Parsauni Murli	4	457	270234	846030	0
Parsauni Patti Gulab	4	381	263145	849316	0
Parsauni Purwa	33	314	270754	833751	0
Parsaunia	4	687	257855	853829	0
Parsaunitoli	14	379	243294	850773	0
Parsaunj Raghunath	33	515	263381	841467	0
Parsaunja	33	619	253327	808952	0
Parsaunra	4	581	253339	848902	0
Parsaupri	19	217	229695	814514	0
Parsaura	33	479	257438	830284	0
Parsaura	33	282	276238	816855	0
Parsaura	33	595	275222	819029	0
Parsaura	33	595	276288	819252	0
Parsaura	33	152	267949	825175	0
Parsaura Maheshpur	33	522	273384	820287	0
Parsaurah	33	645	267481	797879	0
Parsauti	33	102	246951	831685	0
Parsavadi	20	112	201805	749624	0
Parsawa	33	595	276460	820376	0
Parsawai	33	31	270129	816222	0
Parsawan	33	605	266020	822134	0
Parsawan	4	112	246569	842474	0
Parsawan	4	394	249893	842616	0
Parsawan	14	673	240841	843439	0
Parsawan	14	673	240108	844676	0
Parsawan	4	112	246575	845174	0
Parsawan	14	732	243314	851957	0
Parsawan	14	379	243118	852485	0
Parsawan	4	567	250980	860510	0
Parsawan	4	117	247705	849314	0
Parsawan	4	117	246484	847746	0
Parsawan	4	117	247139	849219	0
Parsawan	4	117	246769	849446	0
Parsawan	4	112	246431	842794	0
Parsawan Hathil	4	112	246554	843432	0
Parsawan Khurd	4	117	244930	846725	0
Parsawar	33	102	241043	827613	0
Parsbanatola	4	597	255685	841137	0
Parseda	33	698	259416	802358	0
Parseda ka Dera	33	698	259648	802419	0
Parsedhi	33	584	250374	822442	0
Parsehra	33	523	278982	779460	0
Parsehra	33	488	275094	809176	0
Parsehra	33	312	277866	804009	0
Parsehra	33	312	279937	804250	0
Parsehra Kalan	33	488	275635	807623	0
Parsehra Khurd	33	488	275630	807676	0
Parsel	19	337	235252	804519	0
Parsel	19	337	234587	802734	0
Parsel	19	337	236196	806120	0
Parsel	19	336	233507	808419	0
Parsel	19	449	228367	809291	0
Parsel	19	461	224177	809378	0
Parsel	12	39	321910	761874	0
Parsel	19	217	229619	815232	0
Parsel	19	449	226922	815175	0
Parsel	1	258	182361	828428	0
Parselkhar	6	517	223847	813996	0
Parseltola	19	449	226988	815136	0
Parsendi	33	488	275913	808399	0
Parsendi	33	282	273450	815124	0
Parseni	33	659	274176	802104	0
Parsentha	33	698	257309	807302	0
Parsepura	33	531	289742	791789	0
Parser	19	610	240500	812308	0
Parsera	33	116	282644	789559	0
Parseri	19	638	250546	801500	0
Parseta	33	444	253800	808443	0
Parsewa	33	314	269166	834122	0
Parsewada	31	160	195081	790571	0
Parshad	33	282	275444	815706	0
Parshad	33	522	272277	821427	0
Parshad Chhapra	33	516	257667	844281	0
Parshad Dihwa	33	522	273766	820888	0
Parshad Khera	33	301	266471	808242	0
Parshad Khera	33	654	263204	809305	0
Parshad Khera	33	659	271659	806630	0
Parshad Lohar	33	522	270202	824008	0
Parshad Purwa	33	282	275532	816250	0
Parshad Purwa	33	595	275788	818922	0
Parshad Purwa	33	522	269604	824940	0
Parshad Purwa	33	282	279767	814118	0
Parshad Purwa Nihal Singh	33	637	263930	814068	0
Parshadi	33	710	261819	790477	0
Parshadi Bigha	4	112	250232	844869	0
Parshadi Dih	33	269	275652	821920	0
Parshadi Patti	33	479	261156	829239	0
Parshadi Pur	33	488	274326	809946	0
Parshadi Purwa	33	686	268597	795696	0
Parshadi Purwa	33	522	271930	819434	0
Parshadipur	33	488	273838	810321	0
Parshadipur	33	314	265410	832340	0
Parshadipur	33	314	264583	833909	0
Parshadpur	33	682	273917	783253	0
Parshadpur	33	682	276335	786843	0
Parshadpur	33	445	273181	792199	0
Parshadpur	33	445	272467	790943	0
Parshadpur	33	450	263441	802551	0
Parshadpur	33	280	270378	829851	0
Parshadpur	33	152	267517	827000	0
Parshadpur	33	623	268531	828969	0
Parshadpur	33	623	265531	830217	0
Parshadpur	33	539	268617	839849	0
Parshadpur	33	516	259750	840070	0
Parshadpur	4	590	258921	873491	0
Parshadpur	4	641	260817	875365	0
Parshadpur	4	590	260632	876727	0
Parshagani Tanda	31	100	168375	790650	0
Parshan Nambal	31	160	192867	793543	0
Parshan Purwa	33	282	279691	812882	0
Parshanpur	33	532	263337	830421	0
Parshegani Tanda	31	62	169635	782682	0
Parshidpur	33	116	279932	793678	0
Parshn Kour Khera	33	654	263583	810364	0
Parshola	13	358	331761	757099	0
Parsholi	12	460	310935	775997	0
Parshotampur	33	488	273908	809251	0
Parshotampur	4	507	252905	851371	0
Parshotampur	4	518	252646	865536	0
Parshotampura	19	462	250983	790532	0
Parshottampur	33	686	264199	795223	0
Parshottampur	33	584	255176	819491	0
Parsi	6	388	219157	830692	0
Parsi	4	457	271719	844335	0
Parsi	4	112	248073	844327	0
Parsi	4	632	258152	868898	0
Parsi	14	276	223747	859605	0
Parsi	14	276	223591	859660	0
Parsi Gonda	33	522	270747	818529	0
Parsi Indupur Khurd	33	314	265063	832122	0
Parsi Jot	33	152	267969	824021	0
Parsi Purwa	33	591	255843	800229	0
Parsia	33	523	278493	784275	0
Parsia	33	694	250894	831718	0
Parsia	33	694	252844	834214	0
Parsia	4	718	251349	834384	0
Parsia	33	694	252061	833571	0
Parsia	4	718	250249	835431	0
Parsia	4	597	252867	839948	0
Parsia	4	394	252139	839144	0
Parsia	33	694	247584	832080	0
Parsia	33	102	246997	832796	0
Parsia	19	326	234758	782038	0
Parsia	19	576	229911	799799	0
Parsia	33	196	251625	829970	0
Parsia	33	196	249010	824936	0
Parsia	33	312	278287	811029	0
Parsia	33	282	274594	816961	0
Parsia	33	595	277068	818131	0
Parsia	33	595	276208	817994	0
Parsia	33	595	275978	818309	0
Parsia	33	282	273245	818114	0
Parsia	33	282	274356	818765	0
Parsia	33	269	276698	821111	0
Parsia	33	116	283468	789870	0
Parsia	33	626	254250	813609	0
Parsia	33	269	273964	822937	0
Parsia	33	269	271118	823646	0
Parsia	33	269	274793	826895	0
Parsia	33	280	270644	828400	0
Parsia	33	280	271598	828814	0
Parsia	33	522	269023	820813	0
Parsia	33	152	269756	828324	0
Parsia	33	496	272276	835106	0
Parsia	33	623	270100	830137	0
Parsia	33	496	270960	833372	0
Parsia	33	496	270541	836023	0
Parsia	33	496	271489	837063	0
Parsia	33	314	268433	834297	0
Parsia	33	314	265736	832863	0
Parsia	33	314	264604	833803	0
Parsia	33	479	262649	834007	0
Parsia	33	314	263236	834184	0
Parsia	33	314	268510	835233	0
Parsia	33	539	269738	837468	0
Parsia	33	314	265943	835787	0
Parsia	33	539	267173	836442	0
Parsia	33	515	266772	837237	0
Parsia	33	515	265603	837001	0
Parsia	33	515	265223	837327	0
Parsia	33	515	262536	836942	0
Parsia	33	515	264182	837441	0
Parsia	33	312	279806	808626	0
Parsia	33	312	279714	809354	0
Parsia	33	488	277805	809486	0
Parsia	33	488	276626	809536	0
Parsia	6	723	220007	819541	0
Parsia	33	488	275004	812513	0
Parsia	33	516	258921	840820	0
Parsia	33	516	258029	840687	0
Parsia	33	656	283540	798026	0
Parsia	4	112	246136	841266	0
Parsia	33	516	258753	842939	0
Parsia	33	516	258446	843902	0
Parsia	4	112	246578	843321	0
Parsia	14	570	250270	871751	0
Parsia Agya Ram	33	522	271439	820364	0
Parsia Alam	33	282	274641	818473	0
Parsia Bahorikpur	33	522	272950	820532	0
Parsia Chaube	33	515	263122	837124	0
Parsia Chhitni Singh	33	515	263160	841181	0
Parsia Gokul	33	196	249497	822799	0
Parsia Gudar	33	522	273100	820026	0
Parsia Hadaiya	33	269	275517	821974	0
Parsia Hiraman	33	515	264001	836740	0
Parsia Indarpur	33	496	269031	835121	0
Parsia Jaddu	33	515	264182	837016	0
Parsia Kalan	19	497	250029	815642	0
Parsia Khurd	33	516	258901	839795	0
Parsia Khurd	33	496	271326	833542	0
Parsia Khurd	19	497	250086	815657	0
Parsia Murpali	33	196	246188	823647	0
Parsia Naikaha	33	269	276576	821157	0
Parsia Narharpur	33	564	260795	836909	0
Parsia Niranjan	33	515	263547	837213	0
Parsia Nisfi Raja	33	314	263631	833632	0
Parsia Nisfi Shukul	33	314	264037	833194	0
Parsia Pandit	33	282	275083	818955	0
Parsia Pandit	33	522	271759	820955	0
Parsia Piag	33	522	272239	819579	0
Parsia Raja	33	595	276420	820751	0
Parsia Rani	33	522	272177	818993	0
Parsia Ruppur	33	516	260131	838622	0
Parsia Tiwari	33	314	263078	835792	0
Parsia Tiwari	33	515	263019	836930	0
Parsiadih	4	106	246360	853969	0
Parsiahi	19	646	245389	821321	0
Parsian	25	290	217596	836951	0
Parsian Purwa	33	522	271681	818868	0
Parsiapur	33	196	250192	825733	0
Parsiatanr	14	434	240449	864264	0
Parsiatola	4	112	246774	840776	0
Parsid Nath	4	675	265910	841261	0
Parsiddhi	33	102	246623	831696	0
Parsidhal	33	102	243172	828174	0
Parsidhi	19	607	240561	822309	0
Parsidhia	33	584	248630	820462	0
Parsidhnagar	4	687	259170	851469	0
Parsidhpur	33	451	279689	794749	0
Parsidhpur	33	698	254796	812116	0
Parsidhpur	19	313	251339	806134	0
Parsidih	35	400	231588	859092	0
Parsidpur	33	444	253842	807927	0
Parsikoppa	15	333	142589	751882	0
Parsili	19	646	241551	815129	0
Parsipada	20	187	199165	730057	0
Parsipara	6	676	202265	815356	0
Parsipur	33	561	253673	826404	0
Parsipur	33	242	253842	828506	0
Parsipur	33	654	262984	809242	0
Parsipur	33	575	263137	819926	0
Parsipur	33	654	259290	813860	0
Parsipur	33	605	266021	820575	0
Parsipur	33	605	264895	821024	0
Parsipur	33	575	261363	821083	0
Parsipur	33	575	261402	822030	0
Parsipur	33	688	256247	815511	0
Parsiria	33	312	279971	804527	0
Parsit ka Purwa	33	584	255275	818634	0
Parsitola	4	507	250902	849036	0
Parsitola	4	535	264499	864318	0
Parsitpur	19	638	253365	802892	0
Parsivni	20	139	213738	791495	0
Parsiya	19	576	231658	797354	0
Parsiya	19	497	248163	817835	0
Parsiya	19	497	248093	817717	0
Parsiya	4	597	254464	840918	0
Parsiya	4	394	251273	840558	0
Parsiya	33	516	257411	842881	0
Parsiya	14	379	243732	848170	0
Parsiya Kalan	4	394	253554	841991	0
Parsiya Khurd	4	394	253633	841992	0
Parsiyan	33	102	247449	833270	0
Parsneu	28	519	280355	743709	0
Parsnottampur	33	698	259412	810401	0
Parsod	20	141	208265	784374	0
Parsod	20	132	212098	777462	0
Parsod	20	67	199282	788681	0
Parsoda	20	141	211822	781506	0
Parsoda	6	642	205319	811582	0
Parsoda	20	141	207352	788412	0
Parsoda	20	139	213912	793028	0
Parsoda	19	324	245379	774329	0
Parsoda	20	132	213632	778057	0
Parsoda	20	110	202644	790452	0
Parsoda	6	676	203628	813180	0
Parsoda	6	393	211058	826005	0
Parsoda	6	285	208795	821853	0
Parsodi	20	139	213755	784683	0
Parsodi	20	141	212253	784286	0
Parsodi	20	132	207847	781615	0
Parsodi	20	67	206472	781805	0
Parsodi	20	67	204783	784715	0
Parsodi	20	141	208283	788955	0
Parsodi	20	141	207058	789971	0
Parsodi	20	67	198584	786795	0
Parsodi	20	139	214451	791490	0
Parsodi	20	139	213455	791473	0
Parsodi	20	110	204674	797819	0
Parsodi	19	443	216568	781451	0
Parsodi	20	139	214397	789043	0
Parsodi	20	67	203228	786889	0
Parsodi	20	139	209410	791912	0
Parsodi	20	139	209308	790456	0
Parsodi	20	390	210533	800652	0
Parsodi	20	168	211196	801605	0
Parsodi Khurd	20	67	205125	784384	0
Parsodih	14	712	244797	836204	0
Parsoditola	20	390	210362	800503	0
Parsoditola	20	168	211163	801439	0
Parsoha	19	313	242777	808004	0
Parsohan	33	280	273934	825630	0
Parsohan	33	575	263234	822874	0
Parsohar	19	607	243080	821095	0
Parsohar	33	282	271436	815715	0
Parsohar	19	607	242842	825727	0
Parsohi	33	605	264930	820698	0
Parsohia	33	522	272395	819937	0
Parsohia	33	152	270125	827015	0
Parsohia	33	152	270155	827130	0
Parsohia	33	152	271021	827435	0
Parsohia	33	280	271410	829071	0
Parsohia	33	623	269102	829027	0
Parsohia	33	152	266839	828298	0
Parsohia	33	496	271838	833481	0
Parsohia	33	623	269416	830784	0
Parsohia Khurd	33	623	269877	830235	0
Parsohia Sadanand	33	280	272381	825086	0
Parsohia Tiwari	33	280	273334	825108	0
Parsohna	33	282	276749	815845	0
Parsohna	33	282	276456	814098	0
Parsohni	33	522	271029	819535	0
Parsohni	33	522	271038	821781	0
Parsohni	33	522	270587	821884	0
Parsohni Purwa	33	522	271222	818445	0
Parsoi	33	102	244240	828917	0
Parsoi	33	102	244322	828928	0
Parsoia	33	637	260785	819450	0
Parsol	19	395	248871	777781	0
Parsola	28	609	239517	743839	0
Parsola	20	110	197697	788570	0
Parsola	33	31	268534	814214	0
Parsola	33	659	270720	800124	0
Parsoli	28	402	251087	748850	0
Parsoli	19	325	220300	787868	0
Parsoli	19	325	219814	792016	0
Parsoli	33	450	263803	803367	0
Parsoli	33	451	280102	797643	0
Parsoli	33	637	261560	818311	0
Parsoli	34	589	296922	791013	0
Parsolia	19	324	243024	772019	0
Parsoliya	19	395	244671	776545	0
Parson	19	338	242143	784818	0
Parson	33	685	270371	809532	0
Parson	33	605	268499	817414	0
Parson Pind	27	468	320422	753051	0
Parsona	33	102	247096	826142	0
Parsona	33	116	280944	787131	0
Parsona	33	269	274221	826808	0
Parsona	4	457	268718	844823	0
Parsona Kalan	33	102	246256	831313	0
Parsonda	28	599	268197	779759	0
Parsonda	4	363	256619	843644	0
Parsonda Gujar	19	484	259454	786929	0
Parsonia	33	623	270191	830424	0
Parsonri	6	279	217279	823740	0
Parsonria	19	338	238540	789327	0
Parsopur	33	688	260387	816793	0
Parsopur Nari	33	584	256183	817747	0
Parsopura	28	115	260233	766554	0
Parsora	25	281	219427	856051	0
Parsora	19	326	235736	783773	0
Parsora	19	443	219026	781689	0
Parsora	33	644	274559	780977	0
Parsora	19	208	240792	777401	0
Parsora	19	208	236928	778305	0
Parsora	19	326	232346	777930	0
Parsora	19	443	218698	778645	0
Parsora	19	208	239833	782177	0
Parsora	19	208	238627	781684	0
Parsora	19	338	242766	782403	0
Parsora	19	338	238146	782791	0
Parsora Dhamnod	19	208	236228	782237	0
Parsora Haveli	19	208	234771	778551	0
Parsori	19	443	219623	781555	0
Parsori	20	139	214615	785077	0
Parsori	20	139	212285	785511	0
Parsori	20	139	211153	790489	0
Parsori	20	139	210957	792072	0
Parsori	20	139	210344	790500	0
Parsori	19	443	218486	779773	0
Parsori	20	390	211377	798604	0
Parsori	20	139	209368	795025	0
Parsori	20	390	208448	795552	0
Parsori	20	390	208479	798192	0
Parsori	20	390	207511	798452	0
Parsori	20	110	206101	798814	0
Parsori	20	390	211404	795402	0
Parsori	20	110	205975	797106	0
Parsori	19	142	214092	804035	0
Parsori	6	279	221997	821943	0
Parsori	20	168	209612	801105	0
Parsori	20	168	209617	803802	0
Parsoriya	19	208	241673	781165	0
Parsoriya	19	502	237654	792577	0
Parsoriya	19	502	238543	793915	0
Parsotam Pande	33	522	269328	817544	0
Parsotama	33	515	265244	836840	0
Parsotamgarh	19	646	243849	817092	0
Parsotampatti	33	561	253785	826263	0
Parsotampur	33	479	256801	831202	0
Parsotampur	33	694	250944	831873	0
Parsotampur	33	102	247300	830289	0
Parsotampur	33	561	252533	825556	0
Parsotampur	33	561	253909	826490	0
Parsotampur	33	553	296311	783361	0
Parsotampur	33	605	265816	822356	0
Parsotampur	33	575	261787	820850	0
Parsotampur	33	479	258092	832427	0
Parsotampur	33	532	262445	828581	0
Parsotampur	33	496	271506	836756	0
Parsotampur	33	479	261371	832460	0
Parsotampur	33	539	267011	836287	0
Parsotampur	34	530	293132	791884	0
Parsotampur	4	117	244109	846277	0
Parsote	27	284	313838	759782	0
Parsoti	13	559	329642	747233	0
Parsotigarhi	33	174	277560	777308	0
Parsotim Patti	33	516	260368	841239	0
Parsotimpur	4	718	250561	834961	0
Parsotimpur	4	718	253166	837328	0
Parsotimpur	4	718	249972	838075	0
Parsotimpur	33	516	260477	838873	0
Parsotimpur	4	457	270452	846345	0
Parsotimpur	4	457	270117	847088	0
Parsotimpur	4	457	266986	846219	0
Parsotimpur	4	520	260598	846416	0
Parsotimpur	4	382	267809	849454	0
Parsotimpur	4	581	254801	849543	0
Parsotimpur	4	597	254086	840214	0
Parsotimpur	4	363	256699	844684	0
Parsotimpur	4	363	256412	844929	0
Parsotimpur	14	673	240223	844324	0
Parsotimpur	4	518	251920	866637	0
Parsotimpur	4	582	251024	870048	0
Parsotimpur	4	520	259834	850094	0
Parsotimpur	4	520	257722	850562	0
Parsotimpur	4	687	256144	852982	0
Parsotola	14	712	241757	837154	0
Parsottamgarh	19	462	249025	793376	0
Parsowania	19	313	243511	806129	0
Parspai	14	276	220672	859598	0
Parspur	33	575	263792	819603	0
Parspur	33	575	263542	820339	0
Parspur	33	605	264384	821725	0
Parspur	33	282	274648	814391	0
Parspur	33	31	271380	814325	0
Parsrampur	33	694	251214	832565	0
Parsrampur	33	516	259834	838469	0
Parsrampur	33	575	263403	820669	0
Parsrampur	33	575	261452	822040	0
Parsrampur	33	575	261031	822648	0
Parsrampur	33	575	261232	823823	0
Parsrampur	33	575	260395	824669	0
Parsrampur	33	31	272563	812636	0
Parsrampur	33	31	273234	814128	0
Parsrampur	33	451	282645	799960	0
Parsu	33	686	266713	796790	0
Parsu Nagla	33	329	285717	794071	0
Parsu Purwa	33	548	269017	795820	0
Parsu Purwa	33	659	272624	798158	0
Parsua	19	462	247437	789614	0
Parsua	33	417	256633	792454	0
Parsua	19	338	243495	789740	0
Parsua	33	33	255756	824224	0
Parsua	19	449	228210	813900	0
Parsua	19	449	228156	814067	0
Parsua	19	217	229968	815429	0
Parsuan	14	276	226702	856839	0
Parsuapura	28	599	268877	780955	0
Parsubera	14	276	227243	854834	0
Parsukhar	14	712	239362	836021	0
Parsukhera	19	202	217935	762027	0
Parsukheri	19	208	234675	779645	0
Parsukheri	19	334	237023	760506	0
Parsukheri	19	16	236179	767553	0
Parsul	20	54	202647	741846	0
Parsula	19	309	236993	762222	0
Parsuli	6	285	206848	821273	0
Parsuli	6	490	214269	811308	0
Parsuli	6	642	209008	810480	0
Parsuli	6	627	206894	816131	0
Parsuli	6	275	213799	812992	0
Parsuli	6	299	210286	816134	0
Parsuli	6	642	207587	814508	0
Parsuli	6	393	208556	824592	0
Parsuli	6	285	206692	822645	0
Parsuli	6	285	206174	821548	0
Parsulia	19	16	238551	768534	0
Parsuliya Kalan	19	334	239528	761694	0
Parsuliya Khurd	19	334	239607	761742	0
Parsupur	33	33	255264	825267	0
Parsupur	33	242	254719	828660	0
Parsupur	33	242	252179	828963	0
Parsupur	33	242	252093	828921	0
Parsupur	33	33	256857	823574	0
Parsupur	33	33	255923	829896	0
Parsupur	33	575	263310	818253	0
Parsupur	33	688	260448	820483	0
Parsupur	33	479	258854	832698	0
Parsupur	33	564	260967	836706	0
Parsupur	33	27	257081	837254	0
Parsupura	33	682	274064	792263	0
Parsupura	33	531	290313	789530	0
Parsupura	33	531	288766	789604	0
Parsupura	33	278	267022	791328	0
Parsupura Baze	33	492	289294	789056	0
Parsuram	4	136	258781	859877	0
Parsurampur	33	33	259548	826405	0
Parsurampur	4	382	267172	846966	0
Parsurampur	4	520	259077	850115	0
Parsurampur	4	687	259279	851274	0
Parsurampur	4	520	258603	850403	0
Parsurampur Chak	4	396	253146	873075	0
Parsuri	19	325	216394	785550	0
Parsutia	33	27	256471	834434	0
Parsutola	6	642	207138	811146	0
Parsutola	6	620	206501	809262	0
Parsvaganahalli	15	47	130604	780826	0
Parswan	14	712	242496	835792	0
Parswar	19	313	246109	805099	0
Parswara	19	568	229191	784094	0
Parswara	19	503	230789	793929	0