Pimpri-Chinchwad	20	52	186187	738037	1727692
Pimpri	20	52	186229	738070	1284606
Pimpalgaon	20	67	204128	781282	8317
Pimpalgaon	20	54	201452	742408	5741
Pimpalkhuta	20	49	200145	764999	1144
Pimanpur	33	488	278020	807715	0
Pimaripatti	30	223	113642	779574	0
Pimasa	13	358	331244	756929	0
Pimbalur	30	255	114001	788993	0
Pimi Khet	34	530	293035	794735	0
Pimla	12	409	326960	766854	0
Pimora	33	525	293637	778518	0
Pimpal	20	127	202578	770738	0
Pimpal Bhairav	20	78	208775	750317	0
Pimpal Senda	20	127	201149	776036	0
Pimpala Budrukh	20	48	178544	760075	0
Pimpala Khurd	20	48	178754	760125	0
Pimpalad	20	54	201901	742137	0
Pimpaladevi	20	34	190998	760036	0
Pimpaladvadi	20	54	201945	742344	0
Pimpalchokh	20	182	219187	740455	0
Pimpalchond	20	49	206575	763810	0
Pimpaldar	20	54	205748	741632	0
Pimpaldari	20	151	188002	767602	0
Pimpaldari	20	138	189855	773903	0
Pimpaldari	20	67	197143	775299	0
Pimpaldari	20	67	199503	778875	0
Pimpaldari	20	112	205140	756988	0
Pimpaldhau	20	138	191381	777865	0
Pimpalgad	19	-1	215799	784160	0
Pimpalgaon	20	49	209824	764369	0
Pimpalgaon	20	78	205833	754833	0
Pimpalgaon	31	346	189667	779667	0
Pimpalgaon	20	52	187343	739518	0
Pimpalgaon	20	131	183155	756625	0
Pimpalgaon	20	54	205825	744351	0
Pimpalgaon	20	67	205151	780498	0
Pimpalgaon	20	34	191741	760992	0
Pimpalgaon	20	34	191876	761790	0
Pimpalgaon	20	34	190277	762418	0
Pimpalgaon	20	151	193970	764987	0
Pimpalgaon	20	151	193696	764464	0
Pimpalgaon	20	151	194070	766559	0
Pimpalgaon	20	151	193779	766406	0
Pimpalgaon	20	48	185767	761158	0
Pimpalgaon	20	34	189586	764341	0
Pimpalgaon	20	156	185171	762849	0
Pimpalgaon	20	151	189761	769653	0
Pimpalgaon	20	138	191172	772379	0
Pimpalgaon	20	138	189635	771737	0
Pimpalgaon	20	138	188369	777521	0
Pimpalgaon	20	67	204967	783074	0
Pimpalgaon	20	67	204850	784229	0
Pimpalgaon	20	67	203794	776398	0
Pimpalgaon	20	67	205341	777990	0
Pimpalgaon	20	169	205006	773078	0
Pimpalgaon	20	127	201341	773402	0
Pimpalgaon	20	127	200490	772743	0
Pimpalgaon	20	67	200617	774496	0
Pimpalgaon	20	67	203759	778893	0
Pimpalgaon	20	67	204841	779112	0
Pimpalgaon	20	138	196348	782276	0
Pimpalgaon	20	49	199801	763181	0
Pimpalgaon	20	67	203245	786288	0
Pimpalgaon	20	67	200333	790719	0
Pimpalgaon	20	67	199778	775157	0
Pimpalgaon	20	67	198831	776669	0
Pimpalgaon	20	67	197343	778182	0
Pimpalgaon	20	67	195263	779613	0
Pimpalgaon	20	54	200804	743618	0
Pimpalgaon	20	112	200632	750537	0
Pimpalgaon	20	112	204655	755216	0
Pimpalgaon	20	53	202215	758920	0
Pimpalgaon	20	53	201267	759190	0
Pimpalgaon	20	54	204492	742373	0
Pimpalgaon	20	78	203515	748664	0
Pimpalgaon	20	112	201154	748976	0
Pimpalgaon	20	112	200368	753056	0
Pimpalgaon	20	110	197729	791713	0
Pimpalgaon	20	78	207567	757335	0
Pimpalgaon	20	78	206864	756659	0
Pimpalgaon	20	112	201001	755078	0
Pimpalgaon	20	78	206442	759159	0
Pimpalgaon	20	67	198826	773843	0
Pimpalgaon	20	53	200642	757465	0
Pimpalgaon Bainai	20	132	206972	777196	0
Pimpalgaon Balapur	20	151	192311	769636	0
Pimpalgaon Baswant	20	54	201704	739924	0
Pimpalgaon Budrukh	20	78	205796	754887	0
Pimpalgaon Budrukh	20	78	206750	752713	0
Pimpalgaon Budrukh	20	78	206709	757166	0
Pimpalgaon Budrukh	20	78	209754	759449	0
Pimpalgaon Buzurg	20	127	206598	775694	0
Pimpalgaon Devi	20	49	207668	760243	0
Pimpalgaon Dola	20	48	185313	760534	0
Pimpalgaon Khurd	20	78	205555	754784	0
Pimpalgaon Khurd	20	127	204327	775198	0
Pimpalgaon Khurd	20	78	205641	752284	0
Pimpalgaon Khurd	20	78	206691	757158	0
Pimpalgaon Khurd	20	78	209701	759119	0
Pimpalgaon Kolat	20	53	201084	756385	0
Pimpalgaon Lendi	20	49	199889	762107	0
Pimpalgaon Likha	20	151	191446	770931	0
Pimpalgaon Mahadev	20	138	192092	773370	0
Pimpalgaon Mishri	20	138	191137	773880	0
Pimpalgaon Nath	20	49	206577	763276	0
Pimpalgaon Nipani	20	132	205881	777147	0
Pimpalgaon Peth	20	112	202469	756673	0
Pimpalgaon Raja	20	49	207236	764370	0
Pimpalgaon Renukai	20	53	203876	758921	0
Pimpalgaon Rohi	20	138	190911	774527	0
Pimpalgaon Saranga	20	151	190911	770624	0
Pimpalgaon Sharman	20	53	200622	757533	0
Pimpalgaon Sul	20	53	201522	758085	0
Pimpalgaon Valan	20	112	201233	753959	0
Pimpalgaon Wadi	20	138	191076	772168	0
Pimpalgaon Yeola	20	138	190142	771774	0
Pimpalgaonwadi	20	138	190325	771803	0
Pimpalgavhan	20	182	217822	741295	0
Pimpalgawhan	20	132	210606	773726	0
Pimpalguda	1	258	182782	828017	0
Pimpalguda	1	258	183769	828705	0
Pimpalguda	1	258	182328	828200	0
Pimpalhara	20	78	207734	757531	0
Pimpalher	20	49	199555	765667	0
Pimpaljhari	20	67	204457	782571	0
Pimpalkhut	20	132	212447	776793	0
Pimpalkhuta	20	132	214290	782069	0
Pimpalkhuta	20	132	212600	780095	0
Pimpalkhuta	20	67	206391	780334	0
Pimpalkhuta	20	49	208950	761132	0
Pimpalkhuta	20	169	206007	770866	0
Pimpalkhuta	20	67	203017	776209	0
Pimpalkhuta	20	132	213422	774157	0
Pimpalkhuta	20	132	209614	772491	0
Pimpalkhuta	20	127	203668	773156	0
Pimpalkhuta	20	67	199824	775530	0
Pimpalkhuta	20	132	212766	779551	0
Pimpalkhuta Buzurg	20	49	207725	762774	0
Pimpalkhuta Khurd	20	49	207710	762802	0
Pimpalkhuti	20	67	203617	783415	0
Pimpalkhuti	20	67	205182	785056	0
Pimpalkhuti	20	67	198225	785737	0
Pimpalkhuti	20	49	208148	764069	0
Pimpalkhuti	20	67	203713	785285	0
Pimpalkote	20	78	209226	749660	0
Pimpalkotha	20	78	209582	754542	0
Pimpalkotha Budrukh	20	78	209784	753799	0
Pimpalkotha Khurd	20	78	209788	753825	0
Pimpalkunta	20	138	186021	774047	0
Pimpalkunta	20	141	208664	786949	0
Pimpalnare	20	54	202798	740201	0
Pimpalner	20	34	190563	759490	0
Pimpalner	20	131	180432	752858	0
Pimpalner	20	150	189149	743908	0
Pimpalpada	20	182	217113	742067	0
Pimpalsend	20	127	203681	771341	0
Pimpalsenda	20	67	202006	784619	0
Pimpalshend	20	169	205594	770832	0
Pimpalshenda	20	132	215265	782604	0
Pimpalshenda	20	169	206230	774037	0
Pimpalshenda	20	138	199056	782927	0
Pimpalshenda	20	67	198495	784238	0
Pimpalvadi	20	127	203679	770212	0
Pimpalvadi Nikumba	20	78	204347	748234	0
Pimpalvadmhalsa	20	78	205375	748755	0
Pimpalvihir	20	132	210271	779199	0
Pimpalwadi	20	156	180592	766890	0
Pimpalwadi	20	138	190759	774937	0
Pimpalwadi	20	67	198300	775667	0
Pimpalwadi	20	67	197516	777237	0
Pimpalwandi	20	52	191667	740667	0
Pimparda	20	182	215789	745879	0
Pimparkhed	20	34	190642	760475	0
Pimparkhed	20	78	207474	752729	0
Pimparkhed	20	53	197202	763689	0
Pimparkhed	20	127	199970	766867	0
Pimparkhed	20	185	208289	745096	0
Pimparkhed	20	54	203082	747838	0
Pimparkhed Budruk Tanda	20	49	199235	762357	0
Pimparkhed Buzurg	20	53	194040	759993	0
Pimparkhed Khurd	20	49	198901	762180	0
Pimparkheda	20	53	196642	762870	0
Pimparkheda	20	112	202852	753733	0
Pimparkheda	20	78	209043	751335	0
Pimparkheda	20	78	203941	750126	0
Pimparkheda	20	185	211405	747944	0
Pimparkheda	20	78	207511	757665	0
Pimparpada	20	182	216079	740884	0
Pimperkhed	20	49	205285	762715	0
Pimpiyur	30	254	105912	791944	0
Pimpla	20	34	192030	755936	0
Pimpla	20	151	192346	766058	0
Pimpla	20	182	212308	740603	0
Pimpla	20	185	212254	750655	0
Pimpla	20	78	210426	753606	0
Pimpla	20	78	209311	756179	0
Pimpla	20	112	206057	758538	0
Pimpla Budrukh	20	78	210505	752579	0
Pimpla Budrukh	20	78	210395	749888	0
Pimpla Khurd	20	78	210499	752598	0
Pimpla Khurd	20	78	210393	749862	0
Pimplachiwadi	20	138	188275	772542	0
Pimplapur	20	67	201012	786063	0
Pimplapur	20	67	202783	786825	0
Pimplas	20	54	200690	740464	0
Pimplas	10	126	215250	741722	0
Pimple	20	52	183056	740334	0
Pimple Gurav	20	52	185893	738128	0
Pimpli	20	78	211152	751310	0
Pimpli Dhamangaon	20	53	193501	761286	0
Pimplia Muwara	10	124	231110	732746	0
Pimplod	20	132	209560	771923	0
Pimplod	20	182	214232	741159	0
Pimplod	20	182	216429	744008	0
Pimplod	10	126	214894	742914	0
Pimprad	20	64	179830	745346	0
Pimprad	20	185	211997	748234	0
Pimprala	20	78	209635	762870	0
Pimprala	20	54	203803	746279	0
Pimprala	20	185	214271	749586	0
Pimprala	20	78	210128	755361	0
Pimprala	20	78	212383	756653	0
Pimpri	10	166	207978	735855	0
Pimpri	20	65	174694	750077	0
Pimpri	20	67	205052	780152	0
Pimpri	20	67	205129	782261	0
Pimpri	20	67	203941	780202	0
Pimpri	20	34	190616	761431	0
Pimpri	20	151	190096	767965	0
Pimpri	20	67	200658	780539	0
Pimpri	20	67	202104	781526	0
Pimpri	20	67	200657	783281	0
Pimpri	20	67	200429	785481	0
Pimpri	20	67	202495	787271	0
Pimpri	20	67	198432	785978	0
Pimpri	20	78	213069	760622	0
Pimpri	19	30	214597	767649	0
Pimpri	20	49	207967	763261	0
Pimpri	20	132	208715	777052	0
Pimpri	20	127	206297	775750	0
Pimpri	20	132	206170	776899	0
Pimpri	20	127	205004	776093	0
Pimpri	20	132	207945	778285	0
Pimpri	20	132	213624	778668	0
Pimpri	20	132	210222	777631	0
Pimpri	20	127	203683	773390	0
Pimpri	20	127	202028	774984	0
Pimpri	20	67	200507	778711	0
Pimpri	20	67	204217	778636	0
Pimpri	20	67	202822	778528	0
Pimpri	20	67	199046	789499	0
Pimpri	20	67	203703	785036	0
Pimpri	20	67	200688	790351	0
Pimpri	20	67	197652	777853	0
Pimpri	20	182	218507	741913	0
Pimpri	20	185	208631	748021	0
Pimpri	20	78	205315	749352	0
Pimpri	20	54	200970	740631	0
Pimpri	20	54	201040	744027	0
Pimpri	20	112	205041	752337	0
Pimpri	20	78	205487	751431	0
Pimpri	20	112	202831	756825	0
Pimpri	20	78	203873	749489	0
Pimpri	20	78	211627	754751	0
Pimpri	20	78	208359	750682	0
Pimpri	20	182	215521	740532	0
Pimpri	20	185	211797	746884	0
Pimpri	20	185	212937	748929	0
Pimpri	20	110	197929	790246	0
Pimpri	20	78	211150	756494	0
Pimpri	20	78	210183	757347	0
Pimpri	20	112	201715	755757	0
Pimpri	20	53	200896	756658	0
Pimpri	20	78	206642	758996	0
Pimpri	20	112	205894	755405	0
Pimpri Akarant	20	78	210282	761016	0
Pimpri Barhat	20	127	204131	775494	0
Pimpri Bhojana	20	78	211522	761175	0
Pimpri Budrukh	20	78	209873	753763	0
Pimpri Budrukh	20	78	206116	754893	0
Pimpri Budrukh	20	182	216256	744834	0
Pimpri Budrukh	20	78	204794	748780	0
Pimpri Buzurg	20	34	190257	763990	0
Pimpri Buzurg	20	127	202847	772333	0
Pimpri Deshmukh	20	151	192282	769216	0
Pimpri Dikkar	20	169	210174	770162	0
Pimpri Diwta	20	67	196536	775954	0
Pimpri Dukri	20	53	197576	761026	0
Pimpri Gavanda	20	132	206379	777148	0
Pimpri Hat	20	78	206457	751128	0
Pimpri Haveli	20	54	203140	748431	0
Pimpri Kalgaon	20	67	206076	778961	0
Pimpri Khodri	20	49	209949	764597	0
Pimpri Khurd	20	127	203141	772591	0
Pimpri Khurd	20	78	208219	754174	0
Pimpri Khurd	20	78	209873	753745	0
Pimpri Khurd	20	78	205657	754122	0
Pimpri Khurd	20	78	210191	753575	0
Pimpri Koli	20	49	209494	763278	0
Pimpri Mokhad	20	127	205297	775195	0
Pimpri Nipani	20	132	206747	776912	0
Pimpri Nirmal	20	150	196475	744440	0
Pimpri Pancham	20	78	211320	761032	0
Pimpri Sekam	20	78	210580	758679	0
Pimpri Sembala	20	67	197063	774689	0
Pimpri Sim	20	78	206658	752751	0
Pimpri Sim	20	78	206762	753634	0
Pimprinandu	20	78	211699	760782	0
Pimpripada	10	126	215146	740145	0
Pimpripani	20	182	217980	740721	0
Pimprivagh	20	151	195129	764451	0
Pimprod	20	67	197737	788554	0
Pimprud	20	78	211497	758614	0
Pimprula	20	151	194870	764107	0
Pimprula Buzurg	20	53	194930	762596	0
Pimpsalsend	20	67	202869	785893	0
Pimpti	20	182	217868	740821	0
Pimpur	33	389	271278	784076	0