Pirayiri	16	253	107652	766318	41359
Piro	4	363	253322	844045	33785
Pirzadaguda	31	300	173946	785905	32586
Piravam	16	173	98667	765000	28254
Pirthipur	19	509	252084	787516	26883
Piranvadi	15	77	158020	744801	17874
Piriyapatna	15	74	123350	761007	16685
Pirangut	20	52	185084	736892	14174
Pirawa	28	321	241551	760273	12807
Piriapara	6	398	229706	827004	4954
Pir Ahmad Khanwala	27	545	309433	746491	0
Pir Alipur	33	654	261092	809200	0
Pir Badesar	13	485	333008	741535	0
Pir Bahadur	33	622	281237	785588	0
Pir Bakhsh Chohan	27	545	306380	742495	0
Pir Bakhsh Khera	33	685	266806	809624	0
Pir Barhauna	4	581	254230	853326	0
Pir Bari	13	690	325831	749892	0
Pir Battu	33	116	279469	790146	0
Pir Bhera	13	485	332828	742527	0
Pir Bidauli	11	439	295673	771014	0
Pir Bigha	4	495	251307	852446	0
Pir Bigha	4	495	251799	852839	0
Pir Biyabani	33	613	284989	777132	0
Pir Diyabani	33	444	257688	804216	0
Pir Garhi	33	31	266211	811924	0
Pir Garhi	11	722	280263	774904	0
Pir Ghaib	8	701	286763	772182	0
Pir Ghata	19	129	224403	755566	0
Pir Gias	33	269	272893	824192	0
Pir Hat	25	703	209439	867161	0
Pir Ismail Khanwala	27	545	309508	745522	0
Pir Ka Nagla	33	593	278240	785351	0
Pir Kajaria	4	581	253952	851390	0
Pir Karariya	19	635	228978	759781	0
Pir Khandna	33	116	279965	789191	0
Pir Khera	33	316	295028	772684	0
Pir Machhela	11	565	306633	768638	0
Pir Mainu	4	590	260635	877021	0
Pir Majra	11	664	305284	770741	0
Pir Majra	11	88	301400	772266	0
Pir Maker	4	520	259622	850257	0
Pir Maradhi	13	485	333099	741465	0
Pir Mazra	33	431	299139	773638	0
Pir Mazra Moafi	33	431	297682	773364	0
Pir Muhammad	33	522	270854	824539	0
Pir Muhammad	27	545	310672	750396	0
Pir Muhammadpur	33	698	258930	811777	0
Pir Pahari	4	495	252035	855074	0
Pir Patelwadi	20	156	179559	768300	0
Pir Patti	33	31	269004	816141	0
Pir Piplia	19	635	226732	755847	0
Pir Sohana	27	608	307497	765990	0
Pir Umrod	19	309	232614	762323	0
Pir Zain	27	624	306474	764779	0
Pir-di-sain	27	468	319596	753492	0
Pir-ki-balkri	13	0	346556	741879	0
Pira	34	589	298289	787270	0
Pira	19	638	251308	799080	0
Pira	19	638	247283	793357	0
Pira	19	638	247793	799026	0
Pira	12	39	320256	763987	0
Pira	34	351	302409	789887	0
Pira	4	505	249014	861469	0
Pira Chak	4	117	246184	850616	0
Pira Chak	4	117	248211	848578	0
Pira ka Bas	28	113	276125	770210	0
Pira Sangwi	20	138	190042	773280	0
Pira Tapra	28	115	260763	767260	0
Pirachatan	14	310	228626	844752	0
Piradakaranpatti	30	189	100027	775691	0
Piradanar	13	412	339078	750603	0
Piradando	33	526	269598	784215	0
Piradhara	3	715	262982	906927	0
Pirag	12	514	308051	773340	0
Pirag Baba	33	698	257633	808205	0
Piragipur	33	488	272739	810452	0
Piragpur	33	488	275351	810506	0
Piragpur	33	31	271464	811381	0
Piragpur	33	488	274997	806079	0
Piragpura	11	500	281350	765251	0
Piragutu	14	541	235593	851115	0
Pirahan	33	269	275066	822137	0
Pirahni	33	314	263080	835650	0
Pirahni	33	515	263989	836011	0
Piraho	4	734	251057	845853	0
Pirahpur	33	389	272193	785991	0
Pirahu	28	274	259245	701266	0
Pirahwa	33	102	242918	830481	0
Pirai	19	338	240335	785789	0
Pirai	33	626	254019	816172	0
Pirai	4	687	257839	854137	0
Piraia	6	681	218075	817243	0
Piraila	33	280	273364	826561	0
Piraila	33	152	268913	825351	0
Piraila	33	532	263563	826625	0
Piraila Mafi	33	269	272703	824749	0
Piraila Narharia	33	152	271062	825908	0
Piraila Sultan	33	280	271138	826011	0
Piraipur	33	152	266610	827018	0
Piraiya	6	279	219275	822181	0
Pirakambi	30	260	110976	787558	0
Pirakaraipatti	30	201	91107	782938	0
Pirakata	35	650	225649	871795	0
Pirakhar	19	208	242084	778418	0
Pirakkad	16	234	93510	763679	0
Pirakkalur	30	5	93874	786242	0
Pirakkalur	30	5	93952	786277	0
Pirakpur	33	488	276999	809838	0
Pirakpur	33	516	258467	841284	0
Pirala	28	463	273507	767270	0
Piralipur	33	196	251047	828945	0
Piraltoli	14	476	224683	844299	0
Piramangalam	30	260	109921	786516	0
Piramanur	30	436	97778	782816	0
Pirambuvayal	30	436	100378	788675	0
Pirambuvayal	30	436	97727	788296	0
Pirambuvayal Idaikkudi	30	436	97664	788336	0
Piramichchipalaiyam	30	204	115542	777268	0
Pirampatti	30	193	104928	787078	0
Piran	12	460	309757	772915	0
Piran Bagh	27	468	320348	753540	0
Piran ka Par	28	274	256752	707037	0
Piran Khera	33	659	271617	806278	0
Piran Purwa	33	548	271404	798644	0
Pirana	34	481	303992	782453	0
Piranagar	33	688	258052	813535	0
Piranagar	33	688	257647	814876	0
Piranagar	33	31	270904	810751	0
Piranagar	33	31	270044	812593	0
Piranakheri	19	648	228411	767112	0
Pirancheri	30	369	112363	793943	0
Pirancheri	30	186	88824	777496	0
Pirancheri	30	186	86628	776346	0
Pirancheru	31	62	173591	783752	0
Pirandagam	30	223	112494	780313	0
Pirandai	30	254	107954	792095	0
Pirandaikattuvalasu	30	227	109230	777396	0
Pirandaikkulam	30	118	96091	783867	0
Pirandaivayal	30	436	99455	787795	0
Pirandakkattalai	30	254	107234	792143	0
Pirandakulam	30	201	87211	779148	0
Pirandakulam	30	201	84857	778428	0
Pirandancheri	30	435	81890	773806	0
Pirandanvayal	30	5	98666	789293	0
Pirandappatti	30	264	101123	783586	0
Pirandiyangarai	30	230	104750	797198	0
Pirango	25	273	196024	832101	0
Pirangodi	15	77	159991	752381	0
Pirangulam	30	436	97069	782879	0
Piranji	20	110	200917	798143	0
Piranji	20	67	196130	777927	0
Piranjiyur	30	5	97781	788898	0
Pirankaliyar	34	574	299228	779397	0
Pirankar	4	590	256416	872050	0
Piranmalai	30	436	102371	784378	0
Piranpat	33	522	270383	817440	0
Piranpatti	30	436	102928	783935	0
Piranpatti	30	260	104804	784846	0
Piranpatti	30	193	106947	786980	0
Piranpur	11	500	279928	765585	0
Piranpur	19	395	247191	781590	0
Piranpur Pukhta	33	116	280366	794782	0
Piranwala	27	545	309193	745797	0
Piranwali	11	327	291795	756620	0
Pirapakhaltoli	14	310	233486	844646	0
Pirapangalo	25	373	203368	844688	0
Pirapar	33	575	264145	820133	0
Pirappakkavundanpatti	30	183	107105	780987	0
Pirappancode	16	211	86601	769156	0
Pirapur	13	76	340531	745674	0
Pirapur	15	80	165805	764072	0
Pirapur	13	651	338040	748997	0
Pirapur	4	687	258695	851269	0
Pirapur	4	687	257350	855352	0
Pirapur Methura	4	687	258934	853175	0
Pirara Dohar	33	102	245711	832940	0
Pirarai	19	502	234444	795400	0
Piraran	33	522	271125	821608	0
Pirargaria	14	643	242076	876436	0
Pirargariya	35	400	232339	859031	0
Pirari	4	520	259593	846217	0
Pirari	4	520	258523	846915	0
Pirari	4	520	257789	848296	0
Pirari	4	520	258479	849578	0
Pirari	4	457	271504	846086	0
Pirari	4	457	273044	844605	0
Piraria	19	497	246646	816973	0
Pirariya Kalan	19	638	244705	792061	0
Pirarthu Kalan	4	615	261409	844595	0
Pirarthu Khurd	4	615	261380	844654	0
Piraruru	16	173	101638	764166	0
Piratalanka	1	212	159101	808858	0
Piratanri	4	505	248953	863690	0
Pirattiyur	30	260	107928	786473	0
Pirattukarippadam	16	234	96765	763716	0
Pirauli	4	510	255288	859217	0
Pirauli	4	569	260743	862574	0
Pirauli	33	278	265991	791981	0
Pirauna	33	710	258497	791485	0
Pirauna	33	417	258822	788964	0
Pirauna	4	520	257969	848174	0
Pirauna	4	136	256934	862122	0
Pirauna ke Khod	33	710	258217	791254	0
Piraunta	4	363	256182	846418	0
Piraunta	33	516	257960	843877	0
Piraunta	4	112	248196	843745	0
Piraunta	4	106	247560	855648	0
Piraunta Khas	4	520	259628	847502	0
Pirauta	4	112	246964	840904	0
Pirauta Ghurahu	4	520	259609	847483	0
Pirauta Megha	4	520	259660	847426	0
Pirauth	34	179	301541	795774	0
Piravadaiyambattu	30	376	118427	791298	0
Piravalur	30	436	99620	785097	0
Piravanpatti	30	183	102565	778548	0
Piravanthur	16	528	90545	769177	0
Piravayal	30	193	102802	786795	0
Pirawala Mazra	33	-1	291236	790298	0
Pirawali	19	459	265745	780189	0
Piraya	20	139	208720	793417	0
Piraya	20	139	206885	793045	0
Pirayampattu	30	192	124336	790786	0
Pirayankulam	30	186	87540	777072	0
Pirayankuppam	30	220	131178	798736	0
Pirayankuppam	30	220	131178	799119	0
Pirayi Buzurg	19	317	222896	759568	0
Pirayi Khurd	19	317	223113	759690	0
Pirba	25	349	190864	836987	0
Pirbagh	13	588	340315	747830	0
Pirbahora	33	329	284109	794605	0
Pirbanda	1	258	182842	829854	0
Pirbar	33	525	294529	775685	0
Pirbavdi	20	112	200907	755667	0
Pirbehor	4	520	256212	851616	0
Pirbhu	33	593	275690	790860	0
Pircha	6	490	214967	810116	0
Pirchapahar	6	490	214498	808695	0
Pirchatola	6	642	204303	810879	0
Pirchatola	6	517	217676	810840	0
Pirchor	6	676	203254	808473	0
Pirchortola	6	676	203369	808433	0
Pirda	6	299	213691	820729	0
Pirda	6	681	214118	815811	0
Pirda	6	299	212554	817291	0
Pirda	6	388	218070	829503	0
Pirda	6	611	215752	827939	0
Pirda	6	611	215669	827789	0
Pirda	6	611	215605	827845	0
Pirda	6	393	212205	821510	0
Pirda	6	393	213680	827750	0
Pirda Kalan	6	275	213356	812364	0
Pirda Khurd	6	275	213383	812228	0
Pirdag	14	678	235824	847792	0
Pirdallu	33	584	255483	816907	0
Pirdauli	35	587	259964	879540	0
Pirdauri	4	396	252362	867367	0
Pirdhana	19	443	219230	773209	0
Pirdipar	20	168	214513	799857	0
Pirdipar Tola	20	168	214593	799691	0
Pireke Uttar	27	3	306464	742188	0
Pirewala	27	544	314347	752425	0
Pirgachhi	4	590	260835	878183	0
Pirgada	33	282	273854	816590	0
Pirgaibwadi	20	53	195238	760271	0
Pirganj	4	507	251088	849917	0
Pirganj	4	602	255671	873623	0
Pirganj	4	590	257155	874787	0
Pirganj	4	602	256775	876318	0
Pirganj	4	602	255975	877656	0
Pirganj	35	397	254822	878715	0
Pirganj	4	136	255691	856544	0
Pirganj	4	410	262160	866397	0
Pirgarh	33	464	288745	783660	0
Pirgari	12	514	305843	773577	0
Pirgatvayal	30	114	115750	763617	0
Pirgul	14	498	235044	859209	0
Pirha	33	116	281160	794319	0
Pirhakata	14	434	242871	864784	0
Pirhamu	4	582	247556	870282	0
Pirhanda	4	505	249762	860180	0
Pirhapal	6	676	202121	813669	0
Pirhapal	6	634	197784	819476	0
Pirhapattoli	14	310	232743	842889	0
Pirhapur	33	688	260716	817535	0
Pirhatia	33	659	273519	800278	0
Pirhi	6	393	212941	821402	0
Pirhi	33	654	261281	814440	0
Pirhi	4	581	253867	848901	0
Pirhi	4	734	250995	847907	0
Pirhi	4	535	265027	862769	0
Pirhia	14	673	239949	841827	0
Pirhiyan Purwa	19	313	250439	805760	0
Pirhwal	33	564	260836	835761	0
Piri	13	485	334134	744478	0
Piri	33	174	276516	778164	0
Piri	33	451	279734	795302	0
Piri	33	593	277716	787339	0
Piri	14	379	240029	851178	0
Piri	4	567	252162	863144	0
Piri	4	505	249124	861748	0
Piri	14	377	236057	854662	0
Piri	14	678	236873	843334	0
Piri Bazar	4	567	252146	863198	0
Piri Pokhar	33	522	270302	822636	0
Piria	6	398	229613	827026	0
Piria	6	374	222413	829296	0
Piria	33	417	254521	785231	0
Piria	4	597	253550	839765	0
Piria Garhi	33	526	271339	781771	0
Pirial	6	642	206758	809027	0
Piriapalli	31	447	177398	788095	0
Piriapara	6	398	229697	827123	0
Piriaponch	14	476	224158	842185	0
Piriatu	14	377	235282	856292	0
Pirid	6	642	208344	811968	0
Piridi	1	176	185736	834158	0
Piridi	30	223	112933	778724	0
Piridih	14	541	232901	854211	0
Pirigarh	33	174	275023	778624	0
Pirihatu	14	416	230649	854332	0
Pirihatu	14	416	229928	854161	0
Pirijamti	19	317	215108	757837	0
Pirijpura	4	507	251023	848920	0
Pirik	29	708	272447	885821	0
Pirikivid	31	306	167312	778756	0
Pirilipanga	25	349	192655	839807	0
Piringi	25	305	191122	822157	0
Piringpar	6	620	206155	808443	0
Pirinjimulai	30	230	105748	797682	0
Pirintar	13	289	340838	740499	0
Piripani	19	129	223852	747474	0
Piristhan	13	529	333197	753365	0
Piritnagar	4	602	254399	877752	0
Piritola	14	416	228851	852424	0
Pirivupalaiyam	30	-1	118215	797547	0
Piriya	4	597	255216	841256	0
Pirjana	12	514	306439	774722	0
Pirkalyan	20	53	198691	760040	0
Pirkalyan	20	53	198675	760168	0
Pirkalyan	20	53	198465	760153	0
Pirkalyan Tanda	20	53	198469	760206	0
Pirkankurichchi	30	5	95599	784075	0
Pirkapur	33	659	271748	805016	0
Pirkaulia	33	280	272476	828932	0
Pirkha	33	488	272679	812345	0
Pirkhan Ka Bas	28	463	275460	767429	0
Pirkheda	20	132	212789	770123	0
Pirkheri	19	311	230725	762134	0
Pirkheri	19	309	234861	763825	0
Pirkhir	33	196	251930	831160	0
Pirki	14	628	227463	857899	0
Pirkuri	25	373	204728	842971	0
Pirkutang Dogri	12	83	315522	784737	0
Pirla Chavadi	1	25	165043	812923	0
Pirlaguda	31	62	170543	781358	0
Pirlaguda	31	62	173420	786035	0
Pirlaguda	31	62	172705	787401	0
Pirlapalli	31	447	178933	786583	0
Pirli	20	110	201996	791429	0
Pirliguda	25	273	198115	832200	0
Pirmalpalli	31	448	163425	783879	0
Pirmapara	6	392	188412	815888	0
Pirmapara	6	578	188634	815809	0
Pirmapara	6	392	187427	816039	0
Pirmed	16	249	95716	769934	0
Pirmeda	20	134	190607	799095	0
Pirmeda	20	134	190808	799128	0
Pirmodmund	30	114	114157	765987	0
Pirmokam	4	602	256901	872867	0
Pirna	9	24	156721	738913	0
Pirna Bigha	4	394	247773	840487	0
Pirnagar	33	724	287808	779393	0
Pirnagar	28	113	272304	775653	0
Pirnagar	33	116	279808	789326	0
Pirnagar	33	685	270373	807622	0
Pirnagar	33	488	274152	807977	0
Pirnagar	33	31	271873	810305	0
Pirnagar	33	654	260568	814908	0
Pirnagar	4	510	257098	860762	0
Pirnagar	4	510	255765	862001	0
Pirnagar	4	636	256797	866815	0
Pirnagar	4	727	256070	867332	0
Pirnagar	4	727	255982	867178	0
Pirnagar Sudhna	33	724	287857	778104	0
Pirnar	6	392	185991	812766	0
Pirnian	13	289	341208	741883	0
Pirnian	13	289	341750	742440	0
Piro	33	575	264666	819755	0
Piro Bigha	4	507	251091	848920	0
Piro Chak	27	284	318488	757311	0
Piro Ka Nagla	33	593	278862	786698	0
Piro Nangal	27	468	319241	754853	0
Pirogha	4	507	252391	851572	0
Pirohed	31	447	179086	787047	0
Piroi	4	687	258468	853564	0
Pirojatola	4	495	252349	852314	0
Pirojgarh	4	535	262769	864389	0
Pirojpan Bara	35	432	223839	889839	0
Pirojpur	33	584	257405	820029	0
Pirojpur	10	164	231354	730396	0
Pirojpur	10	164	230898	731137	0
Pirojpur	35	397	254598	879987	0
Pirojpur Mahi	10	133	240232	723550	0
Pirokhar	4	535	265089	857791	0
Pirol	25	273	199265	832508	0
Piroli	34	589	300656	789426	0
Pirondia	33	523	279584	776631	0
Pirongar	12	348	327657	761083	0
Pironke That	34	430	307253	778439	0
Pironth	19	420	249291	777361	0
Pirora Dohar	33	102	244886	833088	0
Pirori	4	569	258571	862476	0
Piroria	33	532	263350	828764	0
Piroshah	27	468	316930	753010	0
Piroshan Ghazi Naugaza Quabbar	27	284	312414	761742	0
Pirota ki Dhani	28	288	280089	756234	0
Pirotha	19	208	241623	780397	0
Pirothan Chak	13	477	324174	752603	0
Pirowali	27	468	317569	752897	0
Pirozha	33	539	267175	842845	0
Pirozpur	33	694	250469	831596	0
Pirozpur	4	363	255607	845393	0
Pirozpur	4	520	258733	849627	0
Pirozpura	19	462	250487	788156	0
Pirpa	19	638	250133	796110	0
Pirpa Singahi	4	520	262073	848267	0
Pirpahar	4	510	257357	861364	0
Pirpainti	4	396	253234	874292	0
Pirpanga	25	349	192869	838423	0
Pirparlia	19	311	231710	764345	0
Pirparwa	4	106	249585	857688	0
Pirpatha	10	124	231611	730040	0
Pirpatra	33	174	278604	775269	0
Pirpo	19	420	251604	780022	0
Pirpra Sobhmal	33	539	268649	840277	0
Pirpur	33	174	277841	776221	0
Pirpur	33	445	272780	790484	0
Pirpur	33	33	256611	824251	0
Pirpur	33	31	267617	812409	0
Pirpur	33	31	269995	811573	0
Pirpur	33	575	263983	818863	0
Pirpur	33	532	263687	825519	0
Pirpur	33	532	263848	825477	0
Pirpur	33	488	274315	808081	0
Pirpur	33	613	284997	780409	0
Pirpur	33	637	264582	816426	0
Pirpur	33	659	277181	802372	0
Pirpur	33	312	278913	803264	0
Pirpura	34	574	298110	778975	0
Pirra	14	541	234038	852306	0
Pirrahi	4	727	256863	863483	0
Pirrahia	33	539	269239	836105	0
Pirrai	19	461	225842	801410	0
Pirratoli	14	498	237626	857994	0
Pirsahibpeta	1	453	183806	838532	0
Pirshiganj	19	324	247414	773687	0
Pirsotanpur	19	313	246966	805541	0
Pirsua	33	174	275653	778233	0
Pirta ka Chaura	28	550	258163	741705	0
Pirtala	33	451	279778	799695	0
Pirtampur	4	363	253311	845314	0
Pirtampur	4	112	248069	843007	0
Pirtan	12	279	313387	767561	0
Pirtanr	14	434	240546	861616	0
Pirtari Dochi	12	514	306382	775301	0
Pirtaul	14	740	234384	844697	0
Pirtha Purwa	33	659	271366	807819	0
Pirthala	11	722	282334	772917	0
Pirthala	11	425	295994	758536	0
Pirthamgarh	33	697	288678	776493	0
Pirthamipur	4	520	261839	848938	0
Pirthi Dih	33	269	274812	824732	0
Pirthi Khera	33	654	263456	808829	0
Pirthi Khera	33	685	270310	806717	0
Pirthi Nagla	33	116	277875	792222	0
Pirthi Nagla	33	116	277174	792666	0
Pirthi Purwa	33	522	268986	820937	0
Pirthi Rampur	33	278	267116	791926	0
Pirthi Singh	33	522	269093	818432	0
Pirthi Singh Purwa	33	522	270308	824339	0
Pirthia Purwa	33	522	270915	822645	0
Pirthiganj	33	584	256940	820126	0
Pirthigarh	28	263	261340	740445	0
Pirthimipur	33	242	253644	828785	0
Pirthimipur	33	584	253327	821640	0
Pirthinagar	33	531	289547	790949	0
Pirthinagar	33	685	270781	809029	0
Pirthinagar	33	116	280394	789919	0
Pirthinath	33	522	273796	819566	0
Pirthipal Purwa	33	282	274181	818004	0
Pirthipalganj Grant	33	522	273017	821856	0
Pirthipalgarh	33	496	272181	832015	0
Pirthipun	4	581	256057	851515	0
Pirthipur	13	559	326339	748385	0
Pirthipur	33	445	270188	792652	0
Pirthipur	33	451	276405	795556	0
Pirthipur	33	686	268255	796479	0
Pirthipur	11	88	303560	773824	0
Pirthipur	33	553	293103	781370	0
Pirthipur	33	329	284375	790152	0
Pirthipur	27	647	309083	761007	0
Pirthipur	33	389	273561	783692	0
Pirthipur	33	682	276630	785794	0
Pirthipur	33	389	271617	785078	0
Pirthipur	33	445	269667	789080	0
Pirthipur	33	451	278588	797132	0
Pirthipur	33	661	274562	796233	0
Pirthipur	33	548	271934	795123	0
Pirthipur	33	682	275707	784835	0
Pirthipur	33	27	257526	836085	0
Pirthipur	33	451	277456	794431	0
Pirthipur	33	488	272443	807844	0
Pirthipur	33	685	270589	809060	0
Pirthipur	33	488	271861	808749	0
Pirthipur	33	464	288781	785795	0
Pirthipur	33	622	284662	785365	0
Pirthipur	33	622	285124	787536	0
Pirthipur	33	116	283400	789629	0
Pirthipur	33	269	275438	822061	0
Pirthipur	33	269	274824	821725	0
Pirthipur	33	152	266400	828338	0
Pirthipur	12	39	322280	758297	0
Pirthipur	27	544	315355	753668	0
Pirthipur	12	315	318095	760212	0
Pirthipur	27	704	311413	765810	0
Pirthipur	33	654	260413	815048	0
Pirthipur	33	539	267752	841712	0
Pirthipur	34	-1	288608	795508	0
Pirthipur	33	329	281218	795557	0
Pirthipur	33	656	285129	798424	0
Pirthipur	33	278	269341	793328	0
Pirthipur Banwari	33	553	293396	784750	0
Pirthipur Dhai	33	451	276226	795342	0
Pirthipur Gaonri	33	492	292060	788144	0
Pirthipur Khurd	33	464	289775	783843	0
Pirthipur Nawadia	33	329	284805	796317	0
Pirthipura	33	710	263314	792975	0
Pirthipura	28	321	245503	762785	0
Pirthipura	28	321	242967	764107	0
Pirthipura	28	321	243866	763471	0
Pirthipura	28	321	242721	766569	0
Pirthipura	28	321	243040	766587	0
Pirthipura	28	321	243460	767073	0
Pirthipura	28	321	243879	768455	0
Pirthipura	33	526	271389	777527	0
Pirthipura	33	417	253251	791017	0
Pirthipura	19	638	251186	797143	0
Pirthipura	11	500	283985	766295	0
Pirthipura	28	263	262008	738188	0
Pirthipura Nayakhera	33	417	251932	784933	0
Pirthirajpur	33	682	275199	786349	0
Pirthmipur	33	532	265505	827638	0
Pirthu	4	112	247064	845925	0
Pirtiya	19	497	246313	818200	0
Piru	33	389	270638	785048	0
Piru	33	451	278214	796086	0
Piru	4	112	251010	845583	0
Piru ki Mansaiyan	33	492	287303	789615	0
Piru Madara Bangar	34	530	293382	790637	0
Piru Malahi	4	687	257753	852871	0
Piru Sahid	33	314	268148	833783	0
Piruapattoli	14	310	233799	844308	0
Piruka	28	113	276346	769905	0
Pirumari	1	258	177753	817521	0
Pirupur	33	688	259616	817709	0
Piruth Singhpur	33	564	261547	835077	0
Piruwala	11	88	302763	772942	0
Piruwala	27	545	309127	745223	0
Pirwa	33	595	276925	817034	0
Pirwa	33	282	275160	817036	0
Pirwa	33	564	258961	834292	0
Pirwa	4	117	247016	847554	0
Pirwajpur	33	698	260006	804461	0
Pirwakhori	4	641	262629	875244	0
Pirwala	11	88	304393	772792	0
Pirwala	33	672	288928	780446	0
Pirwan	4	112	246834	846866	0
Pirya	34	413	295802	797969	0
Piryagdaspur	33	698	258997	809936	0
Piryinampatti	30	223	112107	783615	0
Pirzada	33	661	273054	795292	0