Pollachi	30	154	106583	770085	90180
Polavaram	1	25	172475	816437	43710
Polur	30	192	125122	791241	28123
Polasara	25	423	196939	848140	23119
Polichalur	30	238	129891	801418	21906
Polaia Kalan	19	309	232119	765529	12268
Poladpur	20	17	179842	734644	5944
Pololem	9	101	150167	740167	23
Pol	12	267	314829	773148	0
Pol	12	460	311107	774928	0
Pol	11	524	278360	769545	0
Pol Padar	13	1	338249	742258	0
Pola	12	460	311013	776618	0
Pola	19	576	234742	798527	0
Pola	13	690	325211	751936	0
Pola	27	665	322684	754232	0
Pola	19	142	219551	805627	0
Pola	27	624	305156	764813	0
Pola	4	112	245756	842767	0
Pola	16	234	95104	763329	0
Pola	14	541	231903	850104	0
Pola ka Khera	28	428	261146	746285	0
Pola Nagla	33	174	274793	777416	0
Polacchikuni	16	233	116832	761374	0
Poladpur	1	176	179833	834667	0
Polagam	30	230	108986	797137	0
Polahit	19	323	260222	769412	0
Polai	19	311	230999	761797	0
Polai	19	311	229300	762846	0
Polai Kalan	28	357	251685	760509	0
Polai Khurd	28	357	251881	760643	0
Polaia Khurd	19	309	233088	765649	0
Polaipalli	31	448	164402	785153	0
Polakaguda	25	108	184076	822284	0
Polakala	1	207	134312	790171	0
Polakalavaripalli	1	207	134093	792390	0
Polakampad	1	308	164873	805998	0
Polakaya Tippa	1	68	159573	811146	0
Polakhal	19	311	224562	762785	0
Polakhera	19	16	240726	764122	0
Polaki	1	453	183722	841027	0
Polakkudi	30	257	109745	796333	0
Polakonda	31	178	175388	794352	0
Polakpalli	15	167	176434	773923	0
Polakunam	30	192	122007	791550	0
Polam	25	372	208579	842457	0
Polam Seka	1	194	189829	834045	0
Polama	25	305	187325	827932	0
Polamahul	25	399	209102	843481	0
Polamamidi	25	305	184464	828563	0
Polamanugondi	1	258	178084	818790	0
Polamapalli	31	229	185369	800138	0
Polambakkam	30	238	124293	798833	0
Polamdo	30	204	111236	777958	0
Polamguda	1	258	183233	830178	0
Polamhalli	15	422	136474	777637	0
Polamma	25	349	194375	833956	0
Polammavalasu	30	183	104950	774332	0
Polampadu	1	6	148297	797394	0
Polampalli	6	80	184835	808669	0
Polampalli	6	577	181907	813924	0
Polampalli	6	577	179180	810226	0
Polampalli	31	160	192701	796585	0
Polampalli	31	90	191591	796110	0
Polampalli	31	557	183024	792380	0
Polampalli	31	386	179830	784405	0
Polampatti	30	193	105122	786621	0
Polampatti	30	260	104496	785050	0
Polamuvalasa	1	194	184142	830700	0
Polamvandlapalle	1	426	141970	780712	0
Polanahalli	30	109	122176	781472	0
Polanayakanahalli	15	422	135170	780069	0
Polanayakkanpalaiyam	30	204	113086	774938	0
Polang	12	39	320925	768586	0
Polangi	11	689	289491	767593	0
Polanha	12	514	308058	774362	0
Polao	28	321	244672	765386	0
Polapan	28	163	231647	741690	0
Polapan	10	205	242296	730601	0
Polapathar	19	443	223053	778617	0
Polappanahalli	15	422	135026	779491	0
Polar	11	614	299340	763563	0
Polar Chhapra	33	539	268749	838093	0
Polarai	30	227	107681	776670	0
Polaram	31	229	185315	799776	0
Polaram	31	62	172078	781556	0
Polas	31	63	188307	789596	0
Polas Ka Pura	19	324	243871	769615	0
Polasagudem	1	25	169271	811109	0
Polasanipalle	1	25	168276	812576	0
Polatala	1	221	143727	786803	0
Polatulavandlapalle	1	426	141715	782502	0
Polava	1	258	178286	819067	0
Polavakkalipalaiyam	30	204	114478	774806	0
Polavalasa	25	305	184731	829081	0
Polavam	26	437	108591	798317	0
Polavandlapalle	1	426	140222	781954	0
Polavandlapalle	1	426	140158	782162	0
Polavanur	30	204	112115	775680	0
Polavanur	30	198	112296	796285	0
Polavapalaiyam	30	204	113529	773085	0
Polavapalaiyam	30	204	112646	774994	0
Polavaram	1	258	174011	817998	0
Polavaram	1	259	174145	823025	0
Polavaram	31	60	176517	808102	0
Polavaram	1	219	176980	825760	0
Polavaram	1	25	169814	809136	0
Polavaram	1	68	162893	809654	0
Polavaram	1	194	188090	838397	0
Polavaram	1	195	158412	796731	0
Polavaram	1	195	153547	795052	0
Polavaram	1	195	157953	798852	0
Polavaram	1	207	133708	791384	0
Polavaram Savaraguda	1	194	188178	838268	0
Polavaripalli	15	422	137519	777674	0
Polay	19	568	224233	775186	0
Polay	19	311	227222	764095	0
Polayagudem	31	241	170188	798392	0
Polayampatti	30	109	121489	783526	0
Polayavalasa	1	176	182604	834883	0
Polba	35	268	229618	883024	0
Polchiti	14	712	242782	835744	0
Poldih	14	673	245073	840814	0
Polebeda	6	578	194195	820048	0
Polegani Tanda	31	100	165792	788450	0
Polem	6	80	189567	802817	0
Polem	25	349	193571	837004	0
Polenahalli	15	92	137904	774023	0
Polenahalli	1	99	145363	768724	0
Polenahalli	15	92	142308	770192	0
Polenhalli	15	92	134736	773573	0
Polenhalli	15	47	128075	782173	0
Polepalle	31	100	166829	791892	0
Polepalle	1	219	177939	828965	0
Polepalle	1	426	143039	775581	0
Polepalle	1	426	139081	775760	0
Polepalle	1	426	138830	777725	0
Polepalle	1	10	164264	794842	0
Polepalle	1	207	132745	786378	0
Polepalle	1	221	144011	782544	0
Polepalle	1	195	158787	794227	0
Polepalle Tanda	31	100	166688	791885	0
Polepalli	31	100	166270	788938	0
Polepalli	31	306	168253	781178	0
Polepalli	31	730	175536	797080	0
Polera	28	550	253160	740356	0
Polesar	31	160	193708	789489	0
Poleshiammankulam	1	-1	134053	802835	0
Polgaon	20	139	206790	793197	0
Poli	35	4	223761	881497	0
Poli	33	31	269115	816032	0
Poli	1	45	138770	796006	0
Poli Karanpur	33	584	253740	819648	0
Polian	12	39	319934	759173	0
Poliboka	1	258	174598	816308	0
Policewadi	20	138	189195	770938	0
Poliem	9	101	149134	740847	0
Polikakar	28	550	250285	738262	0
Polikalkudi	30	5	94443	785340	0
Polikara	16	528	88118	766539	0
Poliki	1	99	150709	772941	0
Polikkaratura	30	435	81060	774060	0
Polikkod	16	528	89331	768416	0
Polimadagu	31	90	189488	794505	0
Polimerajulabhavigudem	31	128	175038	791410	0
Polimerapalle	1	190	141886	788250	0
Polin	34	692	299220	798669	0
Polinayadupalem	1	219	174167	827364	0
Polinayakanapalli	15	422	136448	779837	0
Polinayanikhandrika	1	207	132812	792275	0
Polinayudukhandrika	1	45	135699	797609	0
Polinayuduvalasa	1	194	187215	835109	0
Polinenicheruru	1	6	151958	796567	0
Polinenipalem	1	6	151799	797590	0
Polingpadar	25	273	196200	831535	0
Polipadu	1	45	140220	798398	0
Polipaka	31	46	176081	811245	0
Polipakkam	30	158	130585	794868	0
Polipakkam	30	158	130500	794688	0
Polipathar	19	576	231224	799278	0
Polipenda	25	349	193506	834261	0
Poliram Purwa	33	654	263164	812683	0
Polirayuduvalasa	1	194	186588	835545	0
Polireddikhandrika	1	45	136899	796971	0
Polireddipalem	1	45	137813	799684	0
Polireddipalle	1	190	140129	785609	0
Polireddipalli	1	45	134167	791540	0
Polisdar Purwa	33	522	271493	816940	0
Polisettipadu	1	103	170331	806342	0
Polisettipalle	1	221	142058	785344	0
Polisettipalli	1	45	134808	790424	0
Politigaduguda	1	194	186039	838721	0
Politola	4	112	245765	842744	0
Polivakkam	30	220	130683	799153	0
Polivakkamkandigai	30	220	130538	799080	0
Polivalasa	25	305	185046	829255	0
Polkadu	30	223	114104	783163	0
Polkampalli	31	62	172242	787084	0
Polkampalli	15	71	174183	774308	0
Polkampalli	31	32	176787	778565	0
Polkampalli	31	203	169370	775682	0
Polkampalli	31	100	167621	791309	0
Polkampalli Tanda	15	71	174119	774493	0
Polkanmardi	15	50	162365	767847	0
Polkanti	31	90	191084	790042	0
Polkapahad	31	144	164162	781659	0
Polkaputtu	25	305	188337	825258	0
Polkera	6	285	210237	820332	0
Polkha	33	316	295275	772950	0
Pollanki	1	176	181291	832604	0
Pollapalle	1	195	153191	790265	0
Pollibetta	15	188	122404	759139	0
Polligam	25	349	194777	833754	0
Pollikalipalaiyam	30	227	110365	773895	0
Pollur	15	248	132277	750147	0
Polluru	1	-1	178626	816518	0
Polma	14	442	251996	875987	0
Polmalla	31	241	173759	796988	0
Polmi	6	374	223530	822341	0
Polmi	6	517	223995	813731	0
Polnahalli	15	375	132251	777673	0
Polohalli	15	603	129340	772752	0
Polokhor	17	8	345625	761222	0
Polotola	20	168	215182	800746	0
Polpakkara	16	148	107968	759829	0
Polpol	14	712	236628	839853	0
Polpol	14	379	243156	850236	0
Polpol Kalan	14	673	239665	841864	0
Polpol Khurd	14	673	239627	841812	0
Polpoltoli	14	310	233151	842721	0
Polra	33	644	273289	779304	0
Polsettipalli	31	448	163882	786032	0
Polta	12	348	325979	760617	0
Poltreddikandigai	30	220	134025	801217	0
Polua	33	174	275243	778445	0
Polubera	28	331	261967	737535	0
Poluguda	1	258	184009	828104	0
Polugumma	25	243	189868	838628	0
Polukallu	1	228	158284	777431	0
Polukammagutta	31	62	170354	783220	0
Polukonda	1	68	165196	810782	0
Polukrishnampalli	1	207	132031	791998	0
Polumuru	31	448	165414	784443	0
Polupalli	30	215	125873	781590	0
Polur	16	252	113204	758417	0
Polur	30	158	131264	796449	0
Polur	30	183	102106	773212	0
Polurajupalli	1	207	131476	791699	0
Polurkhandigai	30	158	131263	796389	0
Poluru	1	212	159938	802115	0
Poluru	1	224	155344	784360	0
Poluruvallapalle	1	190	140512	789111	0
Polusettipalle	1	221	144175	788151	0
Polusettipalle	1	221	143738	788109	0
Polutalayepalle	1	221	146515	787802	0
Poluvandlapalle	1	190	141429	788706	0
Poluvavalasu	30	204	112395	777437	0
Polwatur	19	142	219983	802900	0
Polya	12	460	308850	776678	0