Purwa Gada	33	522	271477	821522	0
Purwa Gadar	33	479	261272	829958	0
Purwa Gadaria	33	645	265627	796957	0
Purwa Gadaria	33	312	279430	810265	0
Purwa Gadaria	33	312	279572	811288	0
Purwa Gadaria	33	312	278768	810789	0
Purwa Gadaria	33	312	279156	812474	0
Purwa Gadaria	33	488	277022	812245	0
Purwa Gadaria	33	685	268437	810304	0
Purwa Gadaria	33	31	269920	812147	0
Purwa Gadaria	33	31	267965	814541	0
Purwa Gadaria	33	31	268049	814263	0
Purwa Gadaria	33	31	267428	812546	0
Purwa Gadaria	33	637	265502	813591	0
Purwa Gadaria	33	575	264472	818952	0
Purwa Gadaria	33	575	264427	818972	0
Purwa Gadaria	33	575	263272	819036	0
Purwa Gadaria	33	637	261111	818373	0
Purwa Gadaria	33	688	260499	817598	0
Purwa Gadaria	33	688	260313	819383	0
Purwa Gadaria	33	688	260394	819587	0
Purwa Gadaria	33	637	260830	818686	0
Purwa Gadaria	33	637	261247	818910	0
Purwa Gadaria	33	637	261899	818852	0
Purwa Gadaria	33	522	270455	820032	0
Purwa Gadaria	33	522	270062	820030	0
Purwa Gadaria	33	605	266462	820083	0
Purwa Gadaria	33	605	265658	820357	0
Purwa Gadaria	33	605	266116	821378	0
Purwa Gadaria	33	605	266006	821398	0
Purwa Gadaria	33	605	265431	821968	0
Purwa Gadaria	33	605	265042	821997	0
Purwa Gadaria	33	575	261522	821482	0
Purwa Gadaria	33	605	266153	823366	0
Purwa Gadaria	33	605	265777	823756	0
Purwa Gadaria	33	575	262594	823345	0
Purwa Gadaria	33	688	260159	823330	0
Purwa Gadaria	33	575	260211	824716	0
Purwa Gadaria	33	575	260157	824967	0
Purwa Gadaria	33	33	261255	825805	0
Purwa Gadaria	33	33	260671	825445	0
Purwa Gadaria	33	33	260396	825824	0
Purwa Gadaria	33	33	260086	825518	0
Purwa Gadaria	33	33	260367	826132	0
Purwa Gadaria	33	479	260568	827952	0
Purwa Gadaria	33	623	266409	830330	0
Purwa Gadaria	33	532	264058	830206	0
Purwa Gadaria	33	479	262094	830402	0
Purwa Gadaria	33	479	261214	830579	0
Purwa Gadaria	33	479	261230	830012	0
Purwa Gadaria	33	479	261058	830050	0
Purwa Gadaria	33	479	260843	831055	0
Purwa Gadaria	33	479	260041	830602	0
Purwa Gadaria	33	479	260940	831350	0
Purwa Gadaria	33	314	265100	832939	0
Purwa Gadaria	33	282	279778	813005	0
Purwa Gadarian	33	686	268646	796473	0
Purwa Gadarian	33	686	267542	796536	0
Purwa Gadarian	33	645	267257	798534	0
Purwa Gadarian	33	645	267183	799591	0
Purwa Gadarian	33	645	267159	798467	0
Purwa Gadarian	33	645	266710	797523	0
Purwa Gadarian	33	645	266674	798289	0
Purwa Gadarian	33	645	266732	798717	0
Purwa Gadarian	33	659	274943	797744	0
Purwa Gadarian	33	526	269060	785099	0
Purwa Gadarian	33	591	253484	800387	0
Purwa Gadarian	33	312	279960	810279	0
Purwa Gadarian	33	654	261285	810839	0
Purwa Gadarian	33	637	261042	818004	0
Purwa Gadarian	33	688	260389	817665	0
Purwa Gadarian	33	688	260399	818170	0
Purwa Gadarian	33	688	260138	817669	0
Purwa Gadarian	33	688	260346	818466	0
Purwa Gadarian	33	688	260230	818496	0
Purwa Gadarian	33	637	261164	819526	0
Purwa Gadarian	33	269	275954	822360	0
Purwa Gadarian	33	522	273053	820520	0
Purwa Gadarian	33	522	269706	820681	0
Purwa Gadarian	33	522	269330	820195	0
Purwa Gadarian	33	522	269373	820788	0
Purwa Gadarian	33	522	268895	820126	0
Purwa Gadarian	33	522	269435	820877	0
Purwa Gadarian	33	522	269304	821431	0
Purwa Gadarian	33	522	269503	821510	0
Purwa Gadarian	33	605	267165	821762	0
Purwa Gadarian	33	575	263426	820860	0
Purwa Gadarian	33	605	264346	821980	0
Purwa Gadarian	33	152	267437	823402	0
Purwa Gadarian	33	532	264620	824795	0
Purwa Gadarian	33	152	267615	826409	0
Purwa Gadarian	33	479	262572	831916	0
Purwa Gadarian	33	314	267774	833769	0
Purwa Gadarian	33	312	279608	809176	0
Purwa Gadarian	33	31	271363	811396	0
Purwa Gadarian	33	282	275448	813467	0
Purwa Gadarian	33	31	272367	814243	0
Purwa Gadarian	33	31	271547	814131	0
Purwa Gadarian	33	645	268128	798585	0
Purwa Gadarian	33	548	267986	798281	0
Purwa Gadarian	33	282	277107	814445	0
Purwa Gadariyan	33	710	264089	792536	0
Purwa Gaddi	33	488	274417	810607	0
Purwa Gaddi	33	312	279458	809620	0
Purwa Gaddi	33	488	278185	809758	0
Purwa Gaddian	33	312	279717	810164	0
Purwa Gaddian	33	312	279620	810143	0
Purwa Gaderia	33	575	262667	821952	0
Purwa Gadi	33	488	274951	810873	0
Purwa Gadria	33	312	278926	811563	0
Purwa Gadrian	33	575	263261	821640	0
Purwa Gadrian	33	532	263799	824540	0
Purwa Gafur	33	532	264389	825390	0
Purwa Gagni	33	312	278735	807538	0
Purwa Gaia Parshad	33	654	261653	808736	0
Purwa Gaihrawan	33	312	279335	808735	0
Purwa Gainda	33	312	278257	810859	0
Purwa Gainhu	33	605	265456	822550	0
Purwa Gainhu	33	605	265330	822590	0
Purwa Gaint Singh	33	312	278140	807518	0
Purwa Gaja	33	686	267678	797330	0
Purwa Gaja	33	645	263507	798580	0
Purwa Gaja	33	654	263769	812937	0
Purwa Gaja	33	605	266020	821383	0
Purwa Gajadhar	33	575	264180	819241	0
Purwa Gajadhar	33	637	260763	819535	0
Purwa Gajadhar	33	522	271281	822385	0
Purwa Gajadhar	33	522	270395	821717	0
Purwa Gajadhar	33	605	266760	820724	0
Purwa Gajadhar	33	605	266073	823280	0
Purwa Gajadhar	33	605	265932	823993	0
Purwa Gajadhar	33	532	264628	824407	0
Purwa Gajadhar	33	314	266923	834635	0
Purwa Gajadharla	33	575	263079	819289	0
Purwa Gajadher	33	637	260979	818717	0
Purwa Gajaural	33	575	264146	821399	0
Purwa Gaji	33	575	264015	821702	0
Purwa Gaji	33	575	264364	821277	0
Purwa Gajrad Singh	33	688	260183	817557	0
Purwa Gajraj	33	654	261782	808761	0
Purwa Gajraj	33	605	265702	820134	0
Purwa Gajraj	33	532	265678	824605	0
Purwa Gajraj Singh	33	654	265380	813107	0
Purwa Gajraj Singh	33	488	273796	806370	0
Purwa Gamhir	33	548	269861	797343	0
Purwa Gana	33	605	265287	820018	0
Purwa Ganai	33	532	265304	823464	0
Purwa Ganapatri	33	31	268730	814028	0
Purwa Gand	33	31	271316	813708	0
Purwa Gandhar	33	152	269117	827895	0
Purwa Gandharia Faiz	33	152	269016	828037	0
Purwa Ganesh	33	488	272651	810516	0
Purwa Ganesh	33	575	264800	819762	0
Purwa Ganesh	33	575	263180	819814	0
Purwa Ganesh	33	282	274346	818020	0
Purwa Ganesh	33	637	260417	817805	0
Purwa Ganesh	33	688	260108	817629	0
Purwa Ganesh	33	688	260461	819035	0
Purwa Ganesh	33	522	270019	821643	0
Purwa Ganesh	33	522	271067	822106	0
Purwa Ganesh	33	605	266974	820521	0
Purwa Ganesh	33	605	266422	820207	0
Purwa Ganesh	33	605	266613	820536	0
Purwa Ganesh	33	605	266415	820652	0
Purwa Ganesh	33	605	267030	821199	0
Purwa Ganesh	33	605	265447	823026	0
Purwa Ganesh	33	479	263263	831846	0
Purwa Ganesh	33	637	262498	816121	0
Purwa Ganesh Bakhsh	33	31	265577	813580	0
Purwa Ganesh Bakhsti	33	654	262090	809623	0
Purwa Ganesh Khons	33	575	264278	820606	0
Purwa Ganesh Pasi	33	595	274977	820322	0
Purwa Ganesh Singh	33	654	263879	813272	0
Purwa Ganesh Singh	33	522	270054	821057	0
Purwa Ganeshi	33	654	261408	808758	0
Purwa Ganeshi	33	31	266631	814170	0
Purwa Ganeshi	33	605	266786	820624	0
Purwa Ganeshi	33	605	265294	821425	0
Purwa Ganeshkhera	19	484	254392	783284	0
Purwa Ganga	33	548	268149	798210	0
Purwa Ganga	33	312	278800	810578	0
Purwa Ganga	33	312	278920	810986	0
Purwa Ganga	33	312	278318	810926	0
Purwa Ganga	33	312	277917	811734	0
Purwa Ganga	33	312	278869	811536	0
Purwa Ganga	33	488	278011	811397	0
Purwa Ganga	33	637	265387	814274	0
Purwa Ganga	33	575	264527	819375	0
Purwa Ganga	33	575	264231	819939	0
Purwa Ganga	33	575	263952	819985	0
Purwa Ganga	33	450	264387	804006	0
Purwa Ganga	33	637	260748	818363	0
Purwa Ganga	33	637	261406	819082	0
Purwa Ganga	33	522	272388	821521	0
Purwa Ganga	33	522	271582	821771	0
Purwa Ganga	33	269	272074	825217	0
Purwa Ganga	33	522	269615	820536	0
Purwa Ganga	33	605	267382	820501	0
Purwa Ganga	33	605	266852	820036	0
Purwa Ganga	33	605	266216	820375	0
Purwa Ganga	33	605	266207	821126	0
Purwa Ganga	33	605	267382	821391	0
Purwa Ganga	33	605	265543	821786	0
Purwa Ganga	33	605	265402	821998	0
Purwa Ganga	33	605	264456	822383	0
Purwa Ganga	33	575	262122	820339	0
Purwa Ganga	33	605	265286	822970	0
Purwa Ganga	33	152	268611	825632	0
Purwa Ganga Bakhsh	33	654	261899	809903	0
Purwa Ganga Bakhsh	33	654	261279	809564	0
Purwa Ganga Bakhsh	33	488	276385	810757	0
Purwa Ganga Bakhsh	33	654	261083	813059	0
Purwa Ganga Bishan	33	532	265106	823997	0
Purwa Ganga Chamar	33	685	268106	811379	0
Purwa Ganga Din	33	522	271660	819034	0
Purwa Ganga Din Singh	33	31	266953	814815	0
Purwa Ganga Pasi	33	522	272562	822617	0
Purwa Ganga Ram	33	31	266616	813547	0
Purwa Ganga Ram	33	532	265351	823531	0
Purwa Ganga Ram	33	532	265259	824651	0
Purwa Ganga Singh	33	31	265801	814129	0
Purwa Ganga Singh	33	575	262381	821338	0
Purwa Ganga Singh	33	659	270945	800057	0
Purwa Ganga Singh	33	659	270300	800265	0
Purwa Gangadhar	33	575	263842	819363	0
Purwa Gangadhar	33	575	263448	820877	0
Purwa Gangadin	33	31	268957	812645	0
Purwa Gangadin	33	31	265728	813477	0
Purwa Gangadin	33	637	263010	814583	0
Purwa Gangadin	33	575	264950	818919	0
Purwa Gangadin	33	575	264200	818780	0
Purwa Gangadin	33	654	262241	811351	0
Purwa Gangadin	33	314	266857	834818	0
Purwa Gangadin	33	314	266814	834796	0
Purwa Gangadin	33	314	266625	834936	0
Purwa Gangadin	33	282	275223	813948	0
Purwa Gangadin Chaube	33	654	265674	812604	0
Purwa Gangaparshad	33	605	264922	822099	0
Purwa Gangaram	33	605	266767	820213	0
Purwa Gangaram	33	532	264976	824047	0
Purwa Gangasingh	33	659	274275	799854	0
Purwa Gangatara	33	605	265237	821285	0
Purwa Ganghat	33	488	277033	809287	0
Purwa Gangi	33	637	260841	817578	0
Purwa Gangohauli	33	31	272473	811122	0
Purwa Gangu	33	645	268244	798644	0
Purwa Gangu	33	31	267988	814589	0
Purwa Gangu	33	637	261091	817686	0
Purwa Gangu	33	637	260770	818931	0
Purwa Gani	33	31	266919	814828	0
Purwa Ganjan	33	637	260683	818301	0
Purwa Ganna	33	686	267746	796339	0
Purwa Ganpat	33	654	263846	813448	0
Purwa Ganpat	33	314	264527	830974	0
Purwa Ganpat Kori	33	522	274053	820391	0
Purwa Gaor	33	278	264933	791734	0
Purwa Garar	33	314	266469	834687	0
Purwa Gardeo	33	605	265091	820172	0
Purwa Gardian	33	488	273853	812078	0
Purwa Garghansi	33	532	265045	823870	0
Purwa Garh	33	31	271685	810568	0
Purwa Garhe	33	548	268893	795766	0
Purwa Garhi	33	548	268252	797202	0
Purwa Garhi	33	450	268492	799661	0
Purwa Garhi	33	31	265598	814808	0
Purwa Garhi	33	659	270222	800704	0
Purwa Garhwa	33	522	269336	821239	0
Purwa Garia	33	479	260943	832055	0
Purwa Garkatia	33	312	278844	808164	0
Purwa Garwar Singh	33	654	263006	809852	0
Purwa Garwar Singh	33	31	266422	813297	0
Purwa Gasbesh	33	575	264486	820167	0
Purwa Gathi	33	532	263700	831015	0
Purwa Gati	33	479	262997	831912	0
Purwa Gati	33	479	263068	832026	0
Purwa Gatu	33	479	263210	831308	0
Purwa Gauhar Khan	33	488	276071	812330	0
Purwa Gauhar Singh	33	654	265363	813067	0
Purwa Gaulotan	33	645	265578	797691	0
Purwa Gaura	33	31	271282	813304	0
Purwa Gaura	33	31	271352	813304	0
Purwa Gaura Khurd	33	152	268215	826614	0
Purwa Gauran	33	548	268713	798109	0
Purwa Gauran	33	654	260761	808110	0
Purwa Gauraut	33	605	265723	822512	0
Purwa Gaurhi	33	312	279256	811753	0
Purwa Gaurhi	33	312	279308	809340	0
Purwa Gauri	33	548	269805	797464	0
Purwa Gauri	33	654	261284	809702	0
Purwa Gauri	33	312	279444	810336	0
Purwa Gauri	33	312	279457	810071	0
Purwa Gauri	33	312	278481	810721	0
Purwa Gauri	33	488	278113	810570	0
Purwa Gauri	33	522	272415	821539	0
Purwa Gauri	33	605	266623	820129	0
Purwa Gauri	33	479	262079	831092	0
Purwa Gauri Dichhit	33	654	261097	809938	0
Purwa Gauri Shankar	33	522	273089	820923	0
Purwa Gauri Shankar	33	152	266852	826841	0
Purwa Gauri Singh	33	479	262656	830736	0
Purwa Gauria	33	312	278457	812080	0
Purwa Gauria	33	522	269464	818734	0
Purwa Gauria	33	522	273398	820410	0
Purwa Gauria	33	31	270408	810663	0
Purwa Gaurwari	33	548	269384	797096	0
Purwa Gautam	33	654	261115	813326	0
Purwa Gautman	33	31	266199	812562	0
Purwa Gautman	33	637	265481	813733	0
Purwa Gaya	33	269	271708	822444	0
Purwa Gaya	33	623	267284	831183	0
Purwa Gaya	33	532	263480	830918	0
Purwa Gaya	33	479	262935	831567	0
Purwa Gaya Bakhsh	33	654	264153	812615	0
Purwa Gaya Dat	33	522	268921	820149	0
Purwa Gaya Din	33	31	267077	814286	0
Purwa Gaya Parshad	33	522	272940	821786	0
Purwa Gaya Parshad	33	659	270825	800703	0
Purwa Gayadat	33	575	264081	820373	0
Purwa Gayadin	33	548	269292	798773	0
Purwa Gayadin	33	637	260647	819315	0
Purwa Gayadin	33	269	275258	822181	0
Purwa Gayadin	33	605	266090	820502	0
Purwa Gayadin	33	605	266626	820827	0
Purwa Gayadin	33	605	267052	821971	0
Purwa Gayadin	33	605	266876	821875	0
Purwa Gayadin	33	605	265992	821791	0
Purwa Gayadin	33	575	264563	821014	0
Purwa Gayadin	33	605	265995	822887	0
Purwa Gayadin	33	605	265548	824228	0
Purwa Gayadin	33	575	260392	824055	0
Purwa Gayadin Singh	33	532	264656	823411	0
Purwa Gelaha	33	605	264934	821768	0
Purwa Gend	33	522	271712	822030	0
Purwa Gend	33	522	270254	822115	0
Purwa Gend	33	31	272120	810680	0
Purwa Genda Singh	33	282	276785	815188	0
Purwa Ghaghra	33	152	269247	822441	0
Purwa Ghalib	33	522	270899	820122	0
Purwa Ghamand	33	522	268868	820002	0
Purwa Ghamandi	33	522	270808	821315	0
Purwa Ghamau	33	637	261134	819163	0
Purwa Ghamoria	33	654	263794	811855	0
Purwa Ghanai	33	637	261890	819469	0
Purwa Ghanek	33	548	269475	798848	0
Purwa Ghani	33	637	261071	819172	0
Purwa Gharali Singh	33	282	272261	815501	0
Purwa Gharhai	33	688	260178	819275	0
Purwa Gharib	33	605	265752	822565	0
Purwa Gharib Singh	33	282	275166	813598	0
Purwa Gharkun	33	522	268799	820925	0
Purwa Gharukh	33	522	269810	820127	0
Purwa Ghasi	33	548	269534	797724	0
Purwa Ghasi	33	605	266704	820685	0
Purwa Ghasi	33	605	266835	820765	0
Purwa Ghasi	33	31	270505	811613	0
Purwa Ghasi	33	605	267771	816604	0
Purwa Ghasiaran	33	575	262693	820259	0
Purwa Ghasiawan	33	637	260893	818260	0
Purwa Ghasiawan	33	522	272466	820740	0
Purwa Ghasiawan	33	575	262659	820626	0
Purwa Ghasiram	33	659	270831	799985	0
Purwa Ghasitu	33	575	262515	820290	0
Purwa Ghasitu	33	575	262557	820315	0
Purwa Ghasr	33	575	263302	821044	0
Purwa Ghat	33	31	266669	814707	0
Purwa Ghat	33	522	270533	816983	0
Purwa Ghazi	33	548	268707	799199	0
Purwa Ghazi	33	637	260820	817809	0
Purwa Ghazipur	33	685	268699	810005	0
Purwa Ghaznipur	33	488	275591	809724	0
Purwa Gheru	33	637	261090	817496	0
Purwa Ghesan	33	688	260091	819742	0
Purwa Ghinhu	33	605	266918	822577	0
Purwa Ghir	33	522	271310	818095	0
Purwa Ghirao Pasi	33	595	274954	820335	0
Purwa Ghirau	33	575	264930	819794	0
Purwa Ghirau	33	605	266871	820546	0
Purwa Ghirau	33	605	265222	821710	0
Purwa Ghirau	33	575	264436	820941	0
Purwa Ghisa	33	31	266656	813303	0
Purwa Ghisa	33	637	260649	818355	0
Purwa Ghisa	33	31	270308	812247	0
Purwa Ghisa Ahir	33	654	265408	812978	0
Purwa Ghisa Gujar	33	637	265099	814637	0
Purwa Ghisa Khan	33	575	262833	820679	0
Purwa Ghisan	33	31	267285	813524	0
Purwa Ghog	33	619	253529	811851	0
Purwa Ghorapur	33	637	261145	819771	0
Purwa Ghori	33	575	263997	820459	0
Purwa Ghorj	33	575	264373	820934	0
Purwa Ghosi	33	605	266467	820231	0
Purwa Ghosi	33	605	266797	821008	0
Purwa Ghosi	33	532	265576	824445	0
Purwa Ghosi	33	575	262788	824529	0
Purwa Ghosi	33	479	260963	831467	0
Purwa Ghosi	33	314	267979	833644	0
Purwa Ghosi	33	314	267732	833886	0
Purwa Ghuish	33	152	268061	825814	0
Purwa Ghulam	33	522	270087	820546	0
Purwa Ghulam	33	605	266018	821689	0
Purwa Ghulam Husain	33	685	268640	810066	0
Purwa Ghulam Husain	33	605	267650	815786	0
Purwa Ghulami	33	522	269533	820495	0
Purwa Ghuna	33	654	263738	812773	0
Purwa Ghurao	33	479	263230	831635	0
Purwa Ghurau	33	605	266124	821179	0
Purwa Ghurau	33	623	268881	830230	0
Purwa Ghure Shahid	33	532	264605	830180	0
Purwa Ghuredas	33	605	266168	821811	0
Purwa Ghurhu	33	522	270578	821295	0
Purwa Ghurhu	33	522	270521	821794	0
Purwa Ghurpatri	33	479	263376	831460	0
Purwa Ghus	33	605	264842	821234	0
Purwa Ghusai	33	637	260515	818392	0
Purwa Ghusnag	33	522	269187	820059	0
Purwa Girao Hajam	33	595	274705	820413	0
Purwa Giraul	33	532	265371	823939	0
Purwa Girdhar	33	575	261851	820017	0
Purwa Girdhar Sahai	33	637	261914	818945	0
Purwa Girdhari	33	312	279739	810936	0
Purwa Girdhari	33	522	271439	818188	0
Purwa Girdhari	33	314	266390	834959	0
Purwa Girdhari	33	314	263584	833414	0
Purwa Girhau	33	637	264165	817997	0
Purwa Girja	33	605	265162	822046	0
Purwa Giya Din Singh	33	282	271753	815666	0
Purwa Gobanti	33	685	269550	810364	0
Purwa Gobina	33	532	265211	823743	0
Purwa Gobind	33	488	273275	812335	0
Purwa Gobind	33	522	270316	821496	0
Purwa Gobind	33	605	266796	822011	0
Purwa Gobind	33	605	265171	822906	0
Purwa Gobind	33	479	263361	831347	0
Purwa Gobind Bakhsh	33	654	265472	812566	0
Purwa Gobind Das	33	488	273077	806123	0
Purwa Gobinde	33	575	264039	820262	0
Purwa Gobraiya	33	488	278054	810856	0
Purwa Gobri	33	31	268150	814203	0
Purwa Godam	33	575	262779	824431	0
Purwa Godhani	33	532	262985	824548	0
Purwa Godian	33	312	278837	810066	0
Purwa Godian	33	312	278426	811797	0
Purwa Godian	33	312	278775	811598	0
Purwa Godian	33	312	279235	811666	0
Purwa Godian	33	312	278064	811063	0
Purwa Godian	33	31	270114	811680	0
Purwa Godian	33	31	271231	811799	0
Purwa Godwa	33	312	278704	812085	0
Purwa Goge	33	522	271083	821633	0
Purwa Goharwar	33	637	262853	814659	0
Purwa Gohiautan	33	31	266375	814541	0
Purwa Goin	33	637	265112	813728	0
Purwa Gokal	33	645	266114	798354	0
Purwa Gokal	33	654	261407	808381	0
Purwa Gokal	33	688	260639	818834	0
Purwa Gokaran	33	522	272037	817596	0
Purwa Gokha	33	645	266888	798836	0
Purwa Gokul	33	479	260672	831994	0
Purwa Gokul	33	314	266170	833163	0
Purwa Gokula	33	479	263190	832338	0
Purwa Gola	33	605	265620	822942	0
Purwa Golal	33	654	263148	811427	0
Purwa Gole Singh	33	522	270419	821132	0
Purwa Golhan	33	282	277488	813399	0
Purwa Golhi	33	654	265268	813521	0
Purwa Goli	33	152	268069	825898	0
Purwa Golilog	33	522	271403	818000	0
Purwa Goni	33	575	264367	820031	0
Purwa Gopal	33	31	268646	814882	0
Purwa Gopal	33	31	266863	813836	0
Purwa Gopal	33	575	263205	819673	0
Purwa Gopal	33	688	260397	818492	0
Purwa Gopal	33	522	270334	821292	0
Purwa Gopal	33	605	266566	820167	0
Purwa Gopal	33	605	264597	821899	0
Purwa Gopalpur	19	-1	250414	793978	0
Purwa Gopi	33	479	261057	832034	0
Purwa Gopi	33	314	266905	834614	0
Purwa Gopisaran	33	605	264389	822225	0
Purwa Gor	33	479	260939	832088	0
Purwa Gorahu	33	605	265155	822892	0
Purwa Gordi	33	654	261561	809602	0
Purwa Goria	33	31	266597	814912	0
Purwa Goria	33	31	267121	814681	0
Purwa Goria	33	488	273289	813154	0
Purwa Gorian	33	312	278031	812325	0
Purwa Gorian	33	31	266773	813996	0
Purwa Gorian	33	31	267221	814651	0
Purwa Gorian	33	282	278567	813212	0
Purwa Gorian	33	282	272448	814676	0
Purwa Gosain	33	645	265113	799306	0
Purwa Gosain	33	688	258122	816716	0
Purwa Gosain	33	31	271629	814046	0
Purwa Goshaia	33	575	263814	821966	0
Purwa Goshain	33	31	269267	811638	0
Purwa Goshain	33	31	268007	814780	0
Purwa Goshain	33	31	267894	814804	0
Purwa Goshain	33	31	266493	813501	0
Purwa Goshain	33	637	265189	814016	0
Purwa Goshain	33	637	265366	814715	0
Purwa Goshain	33	575	264698	819063	0
Purwa Goshain	33	522	271018	817457	0
Purwa Goshain	33	637	261244	818863	0
Purwa Goshain	33	637	260735	817974	0
Purwa Goshain	33	637	261994	818926	0
Purwa Goshain	33	522	271687	820108	0
Purwa Goshain	33	522	271655	820178	0
Purwa Goshain	33	522	272170	821480	0
Purwa Goshain	33	522	271111	821056	0
Purwa Goshain	33	522	270790	821522	0
Purwa Goshain	33	522	271074	821889	0
Purwa Goshain	33	522	270443	822007	0
Purwa Goshain	33	522	269342	820439	0
Purwa Goshain	33	522	269109	820610	0
Purwa Goshain	33	522	268765	820287	0
Purwa Goshain	33	522	269136	821559	0
Purwa Goshain	33	522	269380	821025	0
Purwa Goshain	33	605	264963	820038	0
Purwa Goshain	33	605	267056	820327	0
Purwa Goshain	33	605	266524	820081	0
Purwa Goshain	33	605	265878	820262	0
Purwa Goshain	33	605	266082	820793	0
Purwa Goshain	33	605	266545	820583	0
Purwa Goshain	33	605	265796	820225	0
Purwa Goshain	33	605	266042	820838	0
Purwa Goshain	33	605	265845	821092	0
Purwa Goshain	33	605	267496	821080	0
Purwa Goshain	33	605	266761	821509	0
Purwa Goshain	33	605	266646	821667	0
Purwa Goshain	33	605	266625	822320	0
Purwa Goshain	33	605	265018	821815	0
Purwa Goshain	33	605	265486	822215	0
Purwa Goshain	33	575	264668	820511	0
Purwa Goshain	33	575	264022	820508	0
Purwa Goshain	33	575	263416	820991	0
Purwa Goshain	33	575	262791	820392	0
Purwa Goshain	33	575	262811	821887	0
Purwa Goshain	33	575	263247	821650	0
Purwa Goshain	33	575	263821	821247	0
Purwa Goshain	33	575	264237	821165	0
Purwa Goshain	33	605	264634	821450	0
Purwa Goshain	33	605	264756	821757	0
Purwa Goshain	33	605	264664	821498	0
Purwa Goshain	33	605	264915	821639	0
Purwa Goshain	33	575	262969	820392	0
Purwa Goshain	33	575	261734	820355	0
Purwa Goshain	33	575	261426	822261	0
Purwa Goshain	33	605	266157	823273	0
Purwa Goshain	33	605	265585	823114	0
Purwa Goshain	33	605	265466	822985	0
Purwa Goshain	33	605	265470	822840	0
Purwa Goshain	33	532	265005	823312	0
Purwa Goshain	33	152	267437	824095	0
Purwa Goshain	33	605	265869	824025	0
Purwa Goshain	33	532	265324	823419	0
Purwa Goshain	33	152	267137	824485	0
Purwa Goshain	33	152	266951	824497	0
Purwa Goshain	33	532	266270	824764	0
Purwa Goshain	33	532	266013	824611	0
Purwa Goshain	33	532	266085	824771	0
Purwa Goshain	33	532	266118	824924	0
Purwa Goshain	33	605	265914	824359	0
Purwa Goshain	33	605	265921	824148	0
Purwa Goshain	33	605	265788	824340	0
Purwa Goshain	33	532	265289	824790	0
Purwa Goshain	33	532	265121	824954	0
Purwa Goshain	33	605	264732	822487	0
Purwa Goshain	33	532	264814	822893	0
Purwa Goshain	33	532	264633	823178	0
Purwa Goshain	33	575	262769	822840	0
Purwa Goshain	33	532	264463	823644	0
Purwa Goshain	33	532	263991	823506	0
Purwa Goshain	33	532	263755	824047	0
Purwa Goshain	33	532	264764	824319	0
Purwa Goshain	33	575	263130	823211	0
Purwa Goshain	33	575	261963	823672	0
Purwa Goshain	33	575	261431	823446	0
Purwa Goshain	33	152	267891	825942	0
Purwa Goshain	33	575	261504	825233	0
Purwa Goshain	33	532	265471	828138	0
Purwa Goshain	33	479	262927	828834	0
Purwa Goshain	33	479	263434	828982	0
Purwa Goshain	33	623	267087	830349	0
Purwa Goshain	33	623	266922	830711	0
Purwa Goshain	33	532	262872	830729	0
Purwa Goshain	33	532	263149	830712	0
Purwa Goshain	33	532	263798	830570	0
Purwa Goshain	33	532	263402	830945	0
Purwa Goshain	33	314	264213	833606	0
Purwa Goshair	33	605	267052	820159	0
Purwa Gosham	33	532	265470	824230	0
Purwa Gubra	33	312	279305	809619	0
Purwa Gubri	33	479	262512	832112	0
Purwa Gudar	33	605	264207	822148	0
Purwa Gudar	33	605	265539	822992	0
Purwa Gudar	33	623	264922	830200	0
Purwa Gudar	33	479	263192	831408	0
Purwa Gudar	33	479	263318	832092	0
Purwa Guddu	33	575	262891	822142	0
Purwa Gudri	33	637	263960	817875	0
Purwa Gufta	33	605	266861	822462	0
Purwa Guftar	33	522	270569	821417	0
Purwa Guftar	33	605	265697	821559	0
Purwa Guftar	33	605	265495	821795	0
Purwa Guiarihwa	33	522	271429	820118	0
Purwa Guja	33	605	264501	822143	0
Purwa Gujar	33	605	265438	820102	0
Purwa Gujar Pasi	33	595	275003	820245	0
Purwa Gujaran	33	31	267141	812604	0
Purwa Gujaran	33	31	266536	812955	0
Purwa Gujaran	33	637	265463	813706	0
Purwa Gujaran	33	637	264994	817203	0
Purwa Gujarwan	33	31	268987	812594	0
Purwa Gulab	33	450	268921	799884	0
Purwa Gulab	33	654	261470	809380	0
Purwa Gulab Rai	33	654	262873	809476	0
Purwa Gulab Rai	33	654	262139	808956	0
Purwa Gulab Singh	33	654	264688	812625	0
Purwa Gulab Singh	33	522	272306	821784	0
Purwa Gulab Singh	33	654	260898	812715	0
Purwa Gulabrai	33	688	258876	817725	0
Purwa Gulal	33	575	263522	819762	0
Purwa Gulal	33	637	260921	819016	0
Purwa Gulal	33	532	265377	824041	0
Purwa Gularia	33	686	267974	795379	0
Purwa Gularia	33	686	267919	795348	0
Purwa Gularia	33	312	278751	811704	0
Purwa Gularia	33	312	278909	812207	0
Purwa Gularia	33	31	266752	814591	0
Purwa Gulbas	33	605	265170	821231	0
Purwa Gulel Singh	33	269	271626	822444	0
Purwa Gulra Pehlwan	33	282	279884	814017	0
Purwa Gulzar	33	637	264043	817795	0
Purwa Gulzar	33	575	264800	819208	0
Purwa Gulzar	33	637	260698	818192	0
Purwa Gulzar	33	595	274555	820190	0
Purwa Gulzar	33	605	266740	820012	0
Purwa Gulzar	33	605	265235	820821	0
Purwa Gulzar	33	605	265166	821490	0
Purwa Gulzar	33	605	265384	820842	0
Purwa Gulzar	33	605	265626	821102	0
Purwa Gulzar	33	605	265423	821556	0
Purwa Gulzar	33	605	265722	821260	0
Purwa Gulzar	33	605	266108	821894	0
Purwa Gulzar	33	575	263185	821606	0
Purwa Gulzar	33	575	263792	821980	0
Purwa Gulzar	33	575	264449	820296	0
Purwa Gulzar	33	575	262135	822210	0
Purwa Gulzar	33	605	265325	822910	0
Purwa Gulzar	33	605	266581	823478	0
Purwa Gulzar	33	605	265515	822953	0
Purwa Gulzar	33	282	279640	812801	0
Purwa Gulzar Khan	33	575	260767	823563	0
Purwa Gulzar Singh	33	31	266234	814957	0
Purwa Guman	33	637	260662	818386	0
Purwa Guman	33	575	263845	822455	0
Purwa Guman Khan	33	282	272385	816762	0
Purwa Guman Singh	33	654	265317	812772	0
Purwa Guman Singh	33	31	266346	813865	0
Purwa Guman Singh	33	654	263850	813294	0
Purwa Guman Singh	33	605	265249	820773	0
Purwa Gumani	33	450	268459	798938	0
Purwa Gumani	33	659	271111	800949	0
Purwa Guna	33	548	269234	796997	0
Purwa Gunai	33	312	279097	812432	0
Purwa Guptar	33	522	269232	821522	0
Purwa Guptar	33	605	267401	821222	0
Purwa Guptar	33	532	264617	824144	0
Purwa Gur	33	312	279577	810240	0
Purwa Gur Bakhsh	33	522	269729	820863	0
Purwa Gurai	33	654	262253	811401	0
Purwa Gurai	33	269	277624	821966	0
Purwa Gurbakhsh Singh	33	575	262947	820643	0
Purwa Gurcharan	33	605	267133	820874	0
Purwa Gurdat	33	575	264373	818835	0
Purwa Gurdat	33	575	263704	821782	0
Purwa Gurdat Singh	33	31	266119	814675	0
Purwa Gurdat Singh	33	654	263833	813375	0
Purwa Gurdat Singh	33	282	274264	813922	0
Purwa Gurdayal	33	31	266513	813042	0
Purwa Gurdayal	33	605	266171	821589	0
Purwa Gurdayal	33	479	261493	830002	0
Purwa Gurdhari	33	637	260955	820079	0
Purwa Gurdin	33	312	278887	810987	0
Purwa Gurdin	33	637	263870	817838	0
Purwa Gurdin	33	522	272249	821274	0
Purwa Gurdin	33	522	272121	821327	0
Purwa Gurdin	33	522	270289	821528	0
Purwa Gurdin	33	605	266184	821552	0
Purwa Gurdin	33	605	265251	822351	0
Purwa Gurdin	33	605	266090	823168	0
Purwa Gurela	33	31	269421	813167	0
Purwa Guria	33	522	268614	818300	0
Purwa Gurian	33	31	270209	811416	0
Purwa Gurparshad	33	605	266218	821046	0
Purwa Gurtani	33	522	272192	821389	0
Purwa Guru	33	654	263093	811409	0
Purwa Guru	33	31	270886	811102	0
Purwa Gusain	33	645	265590	796920	0
Purwa Gusain	33	686	265193	796271	0
Purwa Gusaion	33	685	270487	809137	0
Purwa Gushain	33	312	279574	811032	0
Purwa Gushain	33	488	273436	811447	0
Purwa Guthawan	33	654	260941	812850	0
Purwa Guthia	33	575	263858	821830	0
Purwa Gwali	33	488	274016	806075	0