Purwa Taddia Ghat	33	488	272338	806525	0
Purwa Tahdil	33	605	266778	822446	0
Purwa Tahdil	33	575	263989	820826	0
Purwa Tahdil	33	532	264186	824731	0
Purwa Tahil	33	479	263279	832846	0
Purwa Taj	33	637	263973	818592	0
Purwa Takha	33	637	260602	817912	0
Purwa Takha Singh	33	31	265716	812886	0
Purwa Takhat Singh	33	522	269562	821502	0
Purwa Takia	33	688	260644	818866	0
Purwa Takia	33	637	260795	819915	0
Purwa Takia	33	623	264549	830851	0
Purwa Takja	33	575	263797	821334	0
Purwa Takrahia	33	605	265049	820329	0
Purwa Tal	33	686	268148	795606	0
Purwa Talai	33	637	264204	817496	0
Purwa Talak	33	575	263549	819706	0
Purwa Talpur	33	31	270233	815387	0
Purwa Talukdar	33	637	260797	817897	0
Purwa Tamboli	33	312	278462	811849	0
Purwa Tamboli	33	314	264184	833814	0
Purwa Tamboli	33	31	271574	810208	0
Purwa Tambolin	33	312	278494	810859	0
Purwa Tamolian	33	282	278577	814764	0
Purwa Tanaja	33	312	278555	810213	0
Purwa Tande	33	479	259601	832387	0
Purwa Tapa	33	605	265101	820956	0
Purwa Tapar	33	488	275842	812293	0
Purwa Tapra	33	522	269588	820997	0
Purwa Tapraha	33	522	271117	821462	0
Purwa Tapri	33	312	279267	811615	0
Purwa Tara	33	686	268583	795180	0
Purwa Tara	33	686	267689	796253	0
Purwa Tara	33	626	253032	814235	0
Purwa Tara	33	522	269442	820966	0
Purwa Tara	33	488	274612	806812	0
Purwa Tarapat	33	688	260070	817767	0
Purwa Tarau	33	575	263107	822037	0
Purwa Tarbiat Khan	33	605	267902	816589	0
Purwa Tare	33	31	269135	812204	0
Purwa Taria	33	312	278696	812309	0
Purwa Tarsaur	33	710	262714	794120	0
Purwa Taru	33	31	269983	815891	0
Purwa Tawakkul Raj	33	532	265732	825697	0
Purwa Tawizan	33	654	261836	809387	0
Purwa Tegar	33	314	269268	832219	0
Purwa Tehtan	33	575	262686	822703	0
Purwa Teja	33	548	269521	799782	0
Purwa Teji	33	312	278724	810647	0
Purwa Teji Das	33	312	279443	809070	0
Purwa Telaura	33	152	269833	827977	0
Purwa Teli	33	496	271100	832008	0
Purwa Teli	33	479	263489	831781	0
Purwa Teli	33	479	262626	831927	0
Purwa Teli	33	314	264844	834713	0
Purwa Teli	33	488	276767	808980	0
Purwa Telia Jot	33	152	267663	826588	0
Purwa Teliadiha	33	152	268873	828144	0
Purwa Tell	33	312	278064	811481	0
Purwa Tell	33	522	270747	820276	0
Purwa Teola	33	488	275610	809032	0
Purwa Teonait	33	637	260737	819858	0
Purwa Tera	33	685	268948	810693	0
Purwa Tera	33	685	268630	810698	0
Purwa Terhi	33	280	270876	830063	0
Purwa Teri	33	575	264774	819003	0
Purwa Tewar	33	605	264458	822604	0
Purwa Tewari	33	654	262557	809979	0
Purwa Tewari	33	532	264698	823052	0
Purwa Tewari	33	575	263758	822740	0
Purwa Tewari	33	575	262547	823001	0
Purwa Tewari	33	532	264433	823517	0
Purwa Tewari	33	532	264353	823824	0
Purwa Tewari	33	575	263730	823369	0
Purwa Tewari	33	575	263773	823695	0
Purwa Tewari	33	532	263235	824204	0
Purwa Thakrain	33	654	261170	814155	0
Purwa Thakrain	33	31	269163	815367	0
Purwa Thakur	33	312	279762	810758	0
Purwa Thakur	33	312	277935	811105	0
Purwa Thakur	33	488	274499	812400	0
Purwa Thakur	33	31	268366	811933	0
Purwa Thakur	33	31	268617	814787	0
Purwa Thakur	33	575	264693	819011	0
Purwa Thakur	33	575	263523	818967	0
Purwa Thakur	33	575	264721	819400	0
Purwa Thakur	33	575	264640	819673	0
Purwa Thakur	33	575	264127	819254	0
Purwa Thakur	33	575	264072	819186	0
Purwa Thakur	33	688	260228	818480	0
Purwa Thakur	33	595	278578	820031	0
Purwa Thakur	33	595	278223	821093	0
Purwa Thakur	33	605	267015	820131	0
Purwa Thakur	33	575	264536	820120	0
Purwa Thakur	33	605	264716	821506	0
Purwa Thakur	33	605	265109	823120	0
Purwa Thakur	33	532	265729	823585	0
Purwa Thakur	33	532	263335	824050	0
Purwa Thakur	33	575	261108	823574	0
Purwa Thakur	33	688	260235	823961	0
Purwa Thakur	33	688	260092	824119	0
Purwa Thakur	33	532	262645	827744	0
Purwa Thakur	33	479	262777	828846	0
Purwa Thakur	33	479	262549	829902	0
Purwa Thakur	33	479	262682	829943	0
Purwa Thakur	33	479	263237	831235	0
Purwa Thakur	33	314	270010	833072	0
Purwa Thakur	33	312	278850	808669	0
Purwa Thakur	33	488	278106	809349	0
Purwa Thakur Ahir	33	637	265522	816331	0
Purwa Thakur Baktish	33	31	268668	814328	0
Purwa Thakur Das	33	522	270779	819551	0
Purwa Thakur Kurmi	33	31	266193	812580	0
Purwa Thakur Lunia	33	522	272843	822304	0
Purwa Thakur Pande	33	31	267159	814815	0
Purwa Thakur Parshad	33	605	267162	820063	0
Purwa Thakur Ram	33	637	263803	814430	0
Purwa Thakur Singh	33	654	263840	813835	0
Purwa Thakurai	33	479	260232	832175	0
Purwa Thakurain	33	31	266252	813204	0
Purwa Thakurain	33	637	265246	814360	0
Purwa Thakurain	33	637	263983	817622	0
Purwa Thakurain	33	637	263846	817834	0
Purwa Thakurain	33	522	273778	820707	0
Purwa Thakurain	33	522	270026	821684	0
Purwa Thakurajn	33	688	260338	818291	0
Purwa Thakuran	33	488	277957	809636	0
Purwa Thakurdin	33	575	264549	819766	0
Purwa Thakurdin	33	637	261171	817581	0
Purwa Thakurdin	33	688	260526	818957	0
Purwa Thakurdin	33	605	266464	820647	0
Purwa Thakurdin	33	605	264553	821661	0
Purwa Thakurdin	33	605	264887	821991	0
Purwa Thakurdin	33	575	261041	820702	0
Purwa Thakurdin	33	282	275701	813696	0
Purwa Thakuri	33	488	273100	810423	0
Purwa Thaman	33	548	269389	799272	0
Purwa Than Singh	33	654	263771	813407	0
Purwa Than Singh	33	637	263825	814121	0
Purwa Thana	33	645	267067	798173	0
Purwa Thana	33	280	270642	829985	0
Purwa Thanadar	33	522	271361	818366	0
Purwa Thanadar	33	522	271322	818530	0
Purwa Thanedar	33	575	263274	821417	0
Purwa Thanwan	33	152	267648	825785	0
Purwa Thar	33	654	265494	812838	0
Purwa Thegu	33	479	262897	831407	0
Purwa Theka	33	31	272268	810429	0
Purwa Thitan	33	637	260653	818629	0
Purwa Thok	33	637	260821	817649	0
Purwa Thokamal	33	575	263915	821080	0
Purwa Thonun	33	575	264995	819471	0
Purwa Tibhua	33	575	263953	821035	0
Purwa Tignait	33	575	263905	820401	0
Purwa Tigunait	33	605	264768	821249	0
Purwa Tihai	33	450	268419	799848	0
Purwa Tihaitin	33	33	261507	826273	0
Purwa Tijja	33	548	269915	796352	0
Purwa Tika	33	522	271144	822112	0
Purwa Tika	33	575	264454	821018	0
Purwa Tika	33	575	263918	820383	0
Purwa Tika	33	152	266916	824608	0
Purwa Tikai	33	605	265913	822466	0
Purwa Tikai	33	575	263084	822129	0
Purwa Tikai	33	605	266118	823217	0
Purwa Tikai	33	33	260247	826078	0
Purwa Tikai	33	31	272148	814291	0
Purwa Tikait	33	605	267102	821894	0
Purwa Tikau	33	575	264547	819923	0
Purwa Tikau	33	575	262001	820007	0
Purwa Tikaurian	33	548	269226	798970	0
Purwa Tike Misr	33	31	268059	814436	0
Purwa Tiki	33	31	269824	810661	0
Purwa Tikra	33	488	274549	811253	0
Purwa Tikra	33	637	262648	814905	0
Purwa Tikulia	33	548	269560	799652	0
Purwa Tila Pathak	33	31	266044	814861	0
Purwa Tilai	33	522	269519	820472	0
Purwa Tilak	33	522	272249	820194	0
Purwa Tilak	33	605	267134	820679	0
Purwa Tilak	33	575	264495	820433	0
Purwa Tilak Ram	33	605	265665	823284	0
Purwa Tilha	33	623	264661	830661	0
Purwa Tilok	33	623	266295	831237	0
Purwa Tiloki	33	605	265502	822703	0
Purwa Tilwari	33	479	260504	831462	0
Purwa Tirbedi	33	312	278990	810755	0
Purwa Tirbedin	33	31	267442	814758	0
Purwa Tirhun	33	605	266951	820788	0
Purwa Tirmohan	33	31	268340	814098	0
Purwa Tisu	33	605	266214	824333	0
Purwa Tiwar	33	575	263443	819759	0
Purwa Tiwari	33	312	279713	810212	0
Purwa Tiwari	33	312	278718	811553	0
Purwa Tiwari	33	31	268780	814577	0
Purwa Tiwari	33	31	266811	812866	0
Purwa Tiwari	33	575	264113	819687	0
Purwa Tiwari	33	575	263501	819832	0
Purwa Tiwari	33	637	264007	817846	0
Purwa Tiwari	33	522	272637	818167	0
Purwa Tiwari	33	654	262219	811436	0
Purwa Tiwari	33	637	260876	818307	0
Purwa Tiwari	33	637	260861	818906	0
Purwa Tiwari	33	637	261977	819705	0
Purwa Tiwari	33	522	270303	820075	0
Purwa Tiwari	33	522	268724	821215	0
Purwa Tiwari	33	605	265367	820484	0
Purwa Tiwari	33	605	265651	820660	0
Purwa Tiwari	33	605	265131	821018	0
Purwa Tiwari	33	605	265948	821013	0
Purwa Tiwari	33	605	266109	821048	0
Purwa Tiwari	33	605	266274	821077	0
Purwa Tiwari	33	605	266648	821311	0
Purwa Tiwari	33	605	267008	821573	0
Purwa Tiwari	33	575	264261	820972	0
Purwa Tiwari	33	575	262735	820194	0
Purwa Tiwari	33	575	262817	821489	0
Purwa Tiwari	33	605	264955	822240	0
Purwa Tiwari	33	605	264876	822346	0
Purwa Tiwari	33	575	263094	822394	0
Purwa Tiwari	33	605	265709	824301	0
Purwa Tiwari	33	532	265087	824154	0
Purwa Tiwari	33	532	265232	824540	0
Purwa Tiwari	33	575	261964	824104	0
Purwa Tiwari	33	575	260183	824956	0
Purwa Tiwari	33	152	267164	827717	0
Purwa Tiwari	33	532	264781	829638	0
Purwa Tiwari	33	479	261909	829287	0
Purwa Tiwari	33	314	270244	832326	0
Purwa Tiwari	33	688	258091	816573	0
Purwa Tiwari	33	479	262656	830831	0
Purwa Tiwari	33	479	263114	831449	0
Purwa Tiwari	33	479	262968	831576	0
Purwa Tiwari	33	479	261411	830028	0
Purwa Tiwari	33	479	260812	831176	0
Purwa Tiwari	33	314	267805	834625	0
Purwa Tiwari	33	688	256469	815352	0
Purwa Tiwari	33	31	267759	815160	0
Purwa Tiwari Baluwa	33	575	262843	820606	0
Purwa Todar	33	605	265903	820086	0
Purwa Todar	33	605	266457	821084	0
Purwa Todhakia	33	605	265530	822224	0
Purwa Todi	33	605	264376	821966	0
Purwa Tola	33	31	268083	814354	0
Purwa Tola	19	461	230787	800978	0
Purwa Tondar	33	584	255643	818564	0
Purwa Tonde Singh	33	654	262484	811347	0
Purwa Tondi	33	31	270728	811681	0
Purwa Tonrhi	33	575	263298	820777	0
Purwa Topairam	33	605	264403	822132	0
Purwa Tor	33	575	263373	821672	0
Purwa Tori	33	654	261366	809646	0
Purwa Tuaif	33	575	263459	821629	0
Purwa Tula	33	548	269806	797032	0
Purwa Tula	33	548	268713	797312	0
Purwa Tula	33	312	278873	811075	0
Purwa Tula	33	532	265674	824658	0
Purwa Tularam	33	637	261029	817650	0
Purwa Tularam	33	605	267011	821881	0
Purwa Tularam	33	575	261917	820575	0
Purwa Tulshi	33	31	267439	813808	0
Purwa Tulshi	33	152	267687	825665	0
Purwa Tulshipur	33	488	273692	812971	0
Purwa Tulsi	33	605	266194	821362	0
Purwa Tulsi	33	605	265168	822724	0
Purwa Tulsi	33	623	264750	830630	0
Purwa Tulsi Bam	33	605	266582	822704	0
Purwa Tulsi Ram	33	522	271671	820053	0
Purwa Tulsiram	33	575	264165	818856	0
Purwa Tulsiram	33	605	265135	820430	0
Purwa Tulsiram	33	605	264869	822189	0
Purwa Tumandar	33	637	265151	814694	0
Purwa Tunbedar	33	605	265234	821752	0
Purwa Tunian	33	654	262059	809348	0
Purwa Turanta	33	479	263213	831270	0
Purwa Turanti	33	31	266680	814897	0
Purwa Turkahia	33	575	263068	822043	0
Purwa Tutahwa	33	479	263425	831219	0
Purwatanr	14	434	241496	861127	0
Purwatola	19	142	214942	805541	0