Ramagundam	31	717	187550	794740	242979
Ramanathapuram	30	5	93716	788308	65314
Ramapuram	30	220	130318	801824	52295
Ramachandrapuram	1	293	168364	820287	43657
Ramanattukara	16	252	111780	758689	35937
Ramapuram	1	207	131009	791841	31169
Ramanayyapeta	1	259	169452	822385	28369
Raman	27	542	299505	749785	22553
Ramavarappadu	1	103	165209	806808	22222
Ramachettipalaiyam	30	154	109582	769201	17809
Ramachandrapuran	31	32	175126	782885	15381
Ramanuj Ganj	6	269	238064	836998	11893
Ramanapeta	31	128	172894	790942	10202
Ramamangalam	16	173	99333	765000	9999
Ramapuram	1	224	151382	781160	6614
Ramapuram	1	224	152875	778672	5961
Ramagiri Udayagiri	25	243	191604	841427	4851
Ramalingapuram	30	118	94028	775773	4505
Ram Adhar	33	282	273363	818536	0
Ram Adhin Purwa	33	282	275214	815900	0
Ram Adhin Purwa	33	522	272424	818335	0
Ram Adhin Purwa	33	282	274853	817540	0
Ram Adhin Purwa	33	522	269719	819896	0
Ram Asre Purwa	33	595	276791	817403	0
Ram Autar	33	522	270442	822780	0
Ram Autar	33	522	269756	823423	0
Ram Autar Pura	33	522	273206	819494	0
Rama	34	89	309324	781102	0
Rama	28	210	265498	710407	0
Rama	28	330	256553	728352	0
Rama	28	22	247301	736863	0
Rama	19	335	227645	747115	0
Rama	13	-1	321393	782086	0
Rama	12	514	305514	773765	0
Rama	20	132	211134	776204	0
Rama	20	139	208354	790050	0
Rama	28	298	253908	740985	0
Rama Basai	19	420	255335	775734	0
Rama Bhet	12	267	315898	770920	0
Rama Bigha	4	117	246522	847994	0
Rama Bigha	4	495	251068	853304	0
Rama Chak	4	581	253940	850515	0
Rama Ghulam	33	515	262439	836769	0
Rama ka jhonpra	28	302	259717	754468	0
Rama Ka Pura	19	324	244071	769476	0
Rama Khera	33	654	264875	811554	0
Rama Kot	19	322	267202	788413	0
Rama Patti	33	575	263278	823585	0
Rama Purwa	33	548	267931	798365	0
Rama Purwa	33	522	270770	819572	0
Rama Tirtham	1	224	154415	782855	0
Rama Tola	19	142	222799	801594	0
Rama-ka-Khera	28	298	255129	753138	0
Ramabadrakhandriga	30	220	131748	794275	0
Ramabadranuru	1	207	126895	783495	0
Ramabagh	4	112	246132	845551	0
Ramabail	15	55	130227	750370	0
Ramabandh	4	112	247466	843559	0
Ramabhadrapalle	1	224	150788	782356	0
Ramabhadrapuram	1	176	184968	832785	0
Ramabhadrapuram	1	219	173425	825752	0
Ramabhadrapuram	1	219	173295	825802	0
Ramabhadrapuram	1	219	173943	826068	0
Ramabhadrapuram	1	219	175046	828094	0
Ramabhadrapuram	1	219	180630	830085	0
Ramabhadrapuram	1	176	181419	832321	0
Ramabhadrapuram	1	194	189404	834530	0
Ramabhadrapuram	1	194	188377	836011	0
Ramabhadrapuram	1	195	157024	798381	0
Ramabhadrapuram	1	207	131166	791054	0
Ramabhadrapuram Agraharam	1	176	180255	832237	0
Ramabhadrarajupeta	1	194	186575	836930	0
Ramabhotlapalli	1	45	138787	796823	0
Ramachandi	25	521	200618	855898	0
Ramachandi	25	580	198695	859891	0
Ramachandra Agrahara	15	93	128765	766480	0
Ramachandragudem	31	178	175889	791694	0
Ramachandragunta	1	45	137363	798767	0
Ramachandramaharajapuram	30	193	101696	788186	0
Ramachandrapalem	1	258	179345	825464	0
Ramachandrapalem	1	103	168723	806402	0
Ramachandrapalli	31	222	186213	785408	0
Ramachandrapalli	31	229	183601	796951	0
Ramachandrapeta	31	218	181459	806082	0
Ramachandrapeta	1	176	180060	835502	0
Ramachandrapur	31	730	175050	796943	0
Ramachandrapur	15	43	130610	775527	0
Ramachandrapur	31	447	182271	790898	0
Ramachandrapur	25	399	211651	851559	0
Ramachandrapura	15	333	138720	750744	0
Ramachandrapura	15	47	131338	785105	0
Ramachandrapuram	31	557	186096	790681	0
Ramachandrapuram	31	178	176740	793403	0
Ramachandrapuram	31	100	169470	791199	0
Ramachandrapuram	1	25	168494	810053	0
Ramachandrapuram	1	25	165492	812392	0
Ramachandrapuram	1	259	171696	821181	0
Ramachandrapuram	1	25	168806	813706	0
Ramachandrapuram	1	25	168856	813686	0
Ramachandrapuram	1	307	165974	814959	0
Ramachandrapuram	1	219	175840	826442	0
Ramachandrapuram	1	219	175114	827197	0
Ramachandrapuram	1	10	160470	801208	0
Ramachandrapuram	1	103	169835	807319	0
Ramachandrapuram	1	68	165797	807091	0
Ramachandrapuram	1	308	164080	806680	0
Ramachandrapuram	1	103	169911	807541	0
Ramachandrapuram	1	25	168745	809453	0
Ramachandrapuram	1	25	168507	809904	0
Ramachandrapuram	25	349	193506	837947	0
Ramachandrapuram	1	258	182860	831060	0
Ramachandrapuram	1	176	184259	833861	0
Ramachandrapuram	31	60	177574	810042	0
Ramachandrapuram	1	176	184593	835827	0
Ramachandrapuram	1	453	181225	837136	0
Ramachandrapuram	31	46	176628	811643	0
Ramachandrapuram	31	46	175620	812254	0
Ramachandrapuram	1	453	184368	839235	0
Ramachandrapuram	1	219	178819	830588	0
Ramachandrapuram	1	6	146650	801034	0
Ramachandrapuram	1	6	144867	800494	0
Ramachandrapuram	30	220	134390	800400	0
Ramachandrapuram	1	25	171101	812873	0
Ramachandrapuram	1	228	153581	775001	0
Ramachandrapuram	1	228	157287	778494	0
Ramachandrapuram	1	195	160303	793668	0
Ramachandrapuram	1	10	165831	798309	0
Ramachandrapuram	1	221	148807	785157	0
Ramachandrapuram	1	195	157180	796422	0
Ramachandrapuram	1	6	150183	798873	0
Ramachandrapuram	30	220	133230	794527	0
Ramachandrapuram	30	227	107296	771755	0
Ramachandrapuram	30	254	109530	792713	0
Ramachandrapuram	30	118	96029	776761	0
Ramachandrapuram	30	118	94461	776365	0
Ramachandrapuram	30	186	84670	775621	0
Ramachandrapuram	30	193	102352	787889	0
Ramachandrapuram	30	193	106439	788153	0
Ramachandrapuram	30	193	103010	789326	0
Ramachandrapuram	30	118	93765	781375	0
Ramachandrapuram	30	201	91627	782421	0
Ramachandrapuram	30	201	90206	782072	0
Ramachandrapuram	30	236	92582	774903	0
Ramachandrapuram	30	189	99111	775097	0
Ramachandrapuram	30	198	110998	798167	0
Ramachandrapuram	31	32	175222	782995	0
Ramachandrapuram Agraharam	1	176	184854	834014	0
Ramachandrapuram Agraharam	1	453	183586	836757	0
Ramachandrarao Banjar	31	46	172131	806799	0
Ramachandrayapalle	1	221	149025	782472	0
Ramachandrunikota	1	195	158692	791566	0
Ramacharikottayi	30	184	128434	789156	0
Ramachchipalaiyam	30	204	115847	776938	0
Ramachchiyampalaiyam	30	154	110806	771800	0
Ramachendrapalle	1	221	144575	785392	0
Ramachendrapuram	1	453	182934	839552	0
Ramacherlagudem	1	25	171177	812549	0
Ramada	25	372	204541	846135	0
Ramadai Khera	33	685	265928	809545	0
Ramadasu Chattram	1	6	142834	799090	0
Ramadasukhandrika	1	6	142819	799268	0
Ramadasupeta	1	453	184864	839689	0
Ramadasupeta	1	99	148828	775828	0
Ramadasupuram	1	453	183114	838557	0
Ramadehi	19	502	233992	795131	0
Ramadevam	30	223	112443	779955	0
Ramadevanahalli	15	93	129137	767443	0
Ramadevanallur	30	369	112581	794825	0
Ramadevanallur	30	369	112472	794914	0
Ramadevipalli	1	6	142619	796008	0
Ramadhin ka Purwa	33	626	254394	813023	0
Ramadhin Khera	33	301	265183	809570	0
Ramadhin Pande Pura	33	522	268919	821836	0
Ramadhin Purwa	33	282	279043	814218	0
Ramadi	25	373	204809	841460	0
Ramadih	14	712	240082	838036	0
Ramadih	4	394	250444	842613	0
Ramadih	4	112	249551	844004	0
Ramadihalli	15	652	131589	761887	0
Ramadihi	25	399	209055	849971	0
Ramadihwa	33	280	271615	827569	0
Ramadiih	14	712	240116	838110	0
Ramadin	33	282	275370	815607	0
Ramadin Purwa	33	619	253495	809069	0
Ramaduda ka Baria	28	263	259006	741059	0
Ramadugu	31	557	185847	790621	0
Ramadurga	15	246	144265	765496	0
Ramadurgam	15	352	148546	765469	0
Ramadurgam	1	228	152949	772432	0
Ramadurgam	1	224	153951	777484	0
Ramagad	20	132	208833	772153	0
Ramaganahalli	15	422	136725	777766	0
Ramaganaparti	15	422	135252	777754	0
Ramagaon	33	516	256338	839839	0
Ramagaon	35	347	241510	877442	0
Ramagarh	4	718	249965	833594	0
Ramagatta	15	246	140827	760649	0
Ramagatta	15	652	128242	760765	0
Ramagatte	15	92	135012	764273	0
Ramagattipalya	15	92	134964	764213	0
Ramagaudanakoppal	15	652	134414	763498	0
Ramagaunipalli	1	207	128513	783366	0
Ramagavundanur	30	180	125992	784528	0
Ramaghatta	15	352	145402	761128	0
Ramagiri	25	243	190868	842908	0
Ramagiri	6	-1	187667	822667	0
Ramagiri	1	426	143055	774970	0
Ramagiri	1	45	133980	797670	0
Ramagiri	31	100	170624	792729	0
Ramagiri	31	448	165014	784788	0
Ramagiri	1	426	140091	772645	0
Ramagiri	30	183	106570	781212	0
Ramagiri	1	99	149580	774714	0
Ramagiri	31	717	186410	795395	0
Ramagirl	1	219	175827	829228	0
Ramagondanahalli	15	265	143080	759948	0
Ramagondanahalli	15	265	141112	759519	0
Ramagondanahalli	15	265	142127	758830	0
Ramagondanakoppa	15	333	142849	750358	0
Ramagondanhalli	15	92	134393	771100	0
Ramagopalapuram	31	46	176833	810135	0
Ramagopalapuram	1	195	153408	793294	0
Ramagovindapuram	1	195	152900	795776	0
Ramaguda	31	447	178594	787390	0
Ramaguda	25	108	185726	821819	0
Ramaguda	25	349	191754	831181	0
Ramaguda	25	108	183090	822704	0
Ramagudal	30	109	121015	780125	0
Ramah	27	480	306077	753815	0
Ramahal	13	146	337898	751964	0
Ramahan	12	460	311733	772418	0
Ramahi	4	394	252406	843256	0
Ramahipur	33	522	270634	822840	0
Ramahnapalem	1	25	170175	812258	0
Ramahom	13	36	336376	749082	0
Ramai	31	271	196627	786420	0
Ramai	33	637	263390	814617	0
Ramai	4	641	262619	873708	0
Ramai Dih	33	269	274764	822889	0
Ramai Hetam Shah	33	682	276970	786381	0
Ramai Mubarakpur	33	312	278447	808083	0
Ramai Pokhar	33	479	261082	829193	0
Ramai Purwa	33	637	263372	814326	0
Ramai Purwa	33	282	274983	814162	0
Ramai Rai	4	675	263731	845497	0
Ramai Todar Shah	33	682	276971	786394	0
Ramaibasa	14	276	227579	855266	0
Ramaigoundenpudur	30	154	112983	769216	0
Ramaihaer	33	445	272468	790407	0
Ramaihatu	14	276	225389	858414	0
Ramailgaon	34	530	293487	797558	0
Ramaili	4	602	256453	874697	0
Ramain	33	278	267820	792414	0
Ramainadoddi	15	603	125577	773620	0
Ramainpur	4	602	252889	877681	0
Ramainpur	15	69	117314	768448	0
Ramainpura	33	584	250783	816114	0
Ramaipalli	31	58	182222	781513	0
Ramaipalli	31	447	177571	786097	0
Ramaipatti	33	561	252689	823536	0
Ramaipatti	33	196	251502	825918	0
Ramaipatti	33	242	254315	828596	0
Ramaipatti	33	242	254301	828803	0
Ramaipur	33	688	258414	822257	0
Ramaipur	33	688	258462	822218	0
Ramaipur	33	688	259025	822474	0
Ramaipur	33	561	253609	823604	0
Ramaipur	33	561	253203	826476	0
Ramaipur	33	242	254778	828281	0
Ramaipur	33	584	253399	820999	0
Ramaipur	33	242	251934	828199	0
Ramaipur	33	488	274388	810147	0
Ramaipur	33	522	270672	818301	0
Ramaipur	33	450	263441	802990	0
Ramaipur	33	605	265851	820618	0
Ramaipur	33	584	256468	818925	0
Ramaipur	33	584	254033	819962	0
Ramaipur	33	488	275380	809045	0
Ramaipur	6	723	221204	815861	0
Ramaipur	33	488	273303	813342	0
Ramaipur	33	637	261733	816890	0
Ramaipur Bhagwan	33	522	270796	823003	0
Ramaipur Kalan	33	654	261506	808383	0
Ramaipur Khurd	33	654	260831	808721	0
Ramaipur Sani	33	522	270468	821844	0
Ramaisai	14	276	225002	858321	0
Ramaisal	14	628	228206	857211	0
Ramait	33	278	268826	790199	0
Ramaiya	33	561	253780	825258	0
Ramaiya	4	136	256396	857082	0
Ramaiya Khera	33	301	263853	810189	0
Ramaiyan Agraharam	30	215	126061	777225	0
Ramaiyanpatti	30	109	122447	782317	0
Ramaiyapalli	31	63	189241	791052	0
Ramaiyapur	33	619	253450	808753	0
Ramaiyapura	33	417	255407	787408	0
Ramaji ka Gurha	28	263	254384	735505	0
Ramajipalli	31	386	180657	779554	0
Ramajipalli	31	32	178499	777961	0
Ramajipalli	31	448	167918	783498	0
Ramajipalli	31	448	163587	785770	0
Ramajipet	31	222	183059	788734	0
Ramajipet	31	128	175826	789912	0
Ramajipet	31	128	175932	789881	0
Ramajipeta	31	63	189242	788244	0
Ramajipuram	15	422	133900	778349	0
Ramajogihalli	15	246	142902	765455	0
Ramajogihalli	15	246	141742	766278	0
Ramajogipeta	1	453	182224	838705	0
Ramak	34	533	293355	798931	0
Ramaka Sahrana	19	323	258443	770043	0
Ramakachhar	6	374	226060	822932	0
Ramakapa	6	723	220502	816649	0
Ramakapa	6	279	221738	818654	0
Ramakapalli	31	58	181322	780518	0
Ramakapet	31	447	181864	786347	0
Ramakapet	31	447	177743	786306	0
Ramakavundanpalaiyam	30	227	110470	774079	0
Ramakavundanpalaiyam	30	227	109121	774190	0
Ramakavundanpatti	30	193	105749	785147	0
Ramakavundanpudur	30	427	107841	779361	0
Ramakavundanur	30	51	116873	778473	0
Ramakavundanur	30	223	111518	780769	0
Ramakavundanvalasu	30	204	114381	776425	0
Ramakhedi	19	648	231161	772088	0
Ramakhera	28	298	251746	743515	0
Ramakka	31	60	174315	810912	0
Ramakkachattram	30	159	129164	798608	0
Ramakkalmedu	30	-1	98006	772380	0
Ramakkapalli	1	190	141124	792135	0
Ramakkaranpalaiyam	30	227	110971	775307	0
Ramakkavundanpatti	30	264	101477	780738	0
Ramakkavundanpatti	30	183	104678	778794	0
Ramakol	19	443	222691	776492	0
Ramakol	33	619	252242	811587	0
Ramakona	19	325	217177	788442	0
Ramakonda	1	228	153701	776624	0
Ramakora	14	633	246473	877213	0
Ramakpura	28	120	266993	760573	0
Ramakrishna Ashram	15	43	129503	775655	0
Ramakrishnamambapuram	1	207	134450	793955	0
Ramakrishnampadi	30	215	123908	785023	0
Ramakrishnanur	30	51	117595	779724	0
Ramakrishnapur	25	423	194846	846204	0
Ramakrishnapuram	8	691	285641	771811	0
Ramakrishnapuram	31	62	169337	783759	0
Ramakrishnapuram	31	63	186128	789154	0
Ramakrishnapuram	1	259	171751	821662	0
Ramakrishnapuram	1	259	174385	823969	0
Ramakrishnapuram	1	219	174293	826970	0
Ramakrishnapuram	25	243	188876	838526	0
Ramakrishnapuram	1	453	184836	839505	0
Ramakrishnapuram	1	453	183015	839811	0
Ramakrishnapuram	1	228	155765	778458	0
Ramakrishnapuram	1	224	154158	782240	0
Ramakrishnapuram	1	224	150139	781844	0
Ramakrishnapuram	1	221	147828	786505	0
Ramakrishnapuram	1	207	131742	792813	0
Ramakrishnapuram	30	184	130408	792725	0
Ramakrishnapuram	1	45	134722	795500	0
Ramakrishnapuram	1	45	134665	795669	0
Ramakrishnapuram	30	220	131469	795429	0
Ramakrishnapuram	30	192	127369	795248	0
Ramakrishnapuram	30	118	94873	776947	0
Ramakrishnapuram	30	186	84669	777929	0
Ramakrishnapuram	30	189	99117	776080	0
Ramakrishnapuru	1	103	169460	804677	0
Ramakrishnareddipalem	1	6	145536	799633	0
Ramakrishnayyapalli	31	272	166775	777304	0
Ramakudal	30	51	114906	777166	0
Ramakudumbanpatti	30	118	93868	775377	0
Ramakulapalle	1	190	138555	782831	0
Ramakunja	15	55	127931	753247	0
Ramakuppam	1	207	129001	784857	0
Ramakuru	1	212	159063	800463	0
Ramakuru	1	6	143603	794903	0
Ramal Bigha	4	567	250414	861803	0
Ramala	13	485	331797	740911	0
Ramala	33	458	292232	772716	0
Ramala	20	110	202972	796094	0
Ramala	20	134	199998	798332	0
Ramalachhmanapeta	31	63	187721	786107	0
Ramalai	30	184	129915	788870	0
Ramalakhna	33	488	275851	808768	0
Ramalakonda	1	258	176668	820029	0
Ramalakshmipuram	31	241	169043	799314	0
Ramalammapalem	1	219	178197	831243	0
Ramalapalli	31	557	182017	793613	0
Ramaldevapuram	1	258	173255	820062	0
Ramaligapuram	1	207	133755	791733	0
Ramalingampatti	30	183	104247	778308	0
Ramalinganapalya	15	92	135112	764647	0
Ramalingapuram	1	176	183124	836075	0
Ramalingapuram	1	176	179190	831303	0
Ramalingapuram	1	190	141059	788160	0
Ramalingapuram	1	195	151485	796362	0
Ramalingapuram	1	6	146092	799271	0
Ramalingapuram	1	45	141908	798145	0
Ramalingapuram	1	207	131999	793533	0
Ramalingapuram	1	45	135646	795536	0
Ramalingapuram	1	45	136957	796671	0
Ramalingapuram	30	220	131660	797095	0
Ramalingapuram	1	207	133177	798585	0
Ramalingapuram	30	227	110603	774500	0
Ramalingapuram	30	204	115379	775076	0
Ramalingapuram	30	204	112173	777471	0
Ramalingapuram	30	204	111126	775506	0
Ramalingapuram	30	227	106784	773422	0
Ramalingapuram	30	118	94337	776498	0
Ramalingapuram	30	118	93005	776855	0
Ramalingapuram	30	236	92411	776479	0
Ramalingapuram	30	236	91751	776829	0
Ramalingapuram	30	236	90911	777257	0
Ramalingapuram	30	236	88764	775206	0
Ramalingapuram	30	186	82403	776417	0
Ramalingapuram	30	201	89493	777519	0
Ramalingapuram	30	118	95158	780159	0
Ramalingapuram	30	201	93204	781752	0
Ramalingapuram	30	201	85154	780480	0
Ramalingapuram	30	255	111125	790409	0
Ramalingapuram	30	236	91752	773984	0
Ramalingapuram	30	189	99456	775585	0
Ramalingapuram	30	220	131624	797894	0
Ramalingayapalle	1	228	153088	776211	0
Ramalingayyapalli	31	557	185591	792043	0
Ramalkheri	19	309	236007	764059	0
Ramalkheri	19	311	227931	763540	0
Ramallakota	1	228	155711	780017	0
Ramallur	16	173	100817	766209	0
Ramallur	16	252	113948	758323	0
Ramalohariatoli	14	498	238241	859216	0
Ramalpura	28	679	265880	762211	0
Ramalput	1	258	180942	826920	0
Ramalrajukhandriga	30	220	132024	795009	0
Ramalu	1	258	183782	824817	0
Ramalwa	33	444	251341	804858	0
Ramamambapuram	1	190	143668	792221	0
Ramamandiram	1	10	160648	802308	0
Ramamau	33	314	263350	833653	0
Ramamkuthu	16	148	112681	762563	0
Ramampalaiyam	30	154	112906	769917	0
Ramampalaiyam	30	227	109946	773996	0
RamamurthyNagar	15	43	130139	776758	0
Raman	11	327	290720	758811	0
Raman	27	544	311965	751539	0
Raman Bigha	4	663	252086	858504	0
Raman Bigha	4	581	253709	851140	0
Raman Mandi	27	542	299623	749632	0
Raman Purwa	33	654	260357	814508	0
Ramana	27	700	304024	750214	0
Ramana	25	273	198432	833054	0
Ramana	19	317	223322	760029	0
Ramana Albel Singh	27	700	305106	748490	0
Ramana Chak	27	214	315919	751874	0
Ramana Ramani	11	614	296534	765806	0
Ramana Ramani	11	439	297993	768213	0
Ramanabhavi	31	128	174611	788475	0
Ramanad Dabra	14	673	240648	841935	0
Ramanadapuram	30	220	132699	798775	0
Ramanadapuram	30	197	122098	797283	0
Ramanadapuram	30	435	81152	775239	0
Ramanadapuram	30	427	108234	783621	0
Ramanadapuram	30	427	107779	779260	0
Ramanadhapuram	30	236	92815	774330	0
Ramanadhopuram	30	197	120455	797079	0
Ramanagaram	1	103	170047	807108	0
Ramanagaram	1	453	187817	839303	0
Ramanaguda	25	243	189155	838934	0
Ramanaguda	1	453	185310	838625	0
Ramanagudem	1	68	165839	810046	0
Ramanagudem	1	25	167714	813473	0
Ramanahalli	1	426	137995	770767	0
Ramanahalli	15	375	132578	772363	0
Ramanahalli	15	92	136936	773247	0
Ramanahalli	15	93	127303	764163	0
Ramanahalli	15	652	133884	763436	0
Ramanahalli	15	92	133160	763741	0
Ramanahalli	15	92	133556	764444	0
Ramanahalli	15	92	137832	767249	0
Ramanahalli	15	652	128637	760023	0
Ramanahalli	15	93	125028	769021	0
Ramanahalli	30	109	122116	781652	0
Ramanahatti	1	426	139720	771544	0
Ramanaickenpettai	30	180	126645	785500	0
Ramanaikanhalli	15	43	129098	777566	0
Ramanakkapeta	1	25	168855	808734	0
Ramanakoppal	15	93	128198	765337	0
Ramanallur	15	47	130842	783237	0
Ramanallur	30	369	109495	792199	0
Ramanalu	15	246	141691	765555	0
Ramanampatti	30	260	106503	783800	0
Ramanamudalipudur	30	154	105573	769658	0
Ramanamudi	1	68	163962	812932	0
Ramanand	33	575	262445	822254	0
Ramanand Bigha	4	117	249259	849888	0
Ramanand Purwa	33	522	268994	819483	0
Ramanand Purwa	33	269	272828	822585	0
Ramanandi	27	680	298665	753208	0
Ramanapalem	1	258	177093	825007	0
Ramanapalle	1	258	173534	817398	0
Ramanapalle	1	258	176580	823369	0
Ramanapalle	1	221	145390	788092	0
Ramanapalle	1	207	131227	785910	0
Ramanapalli	31	306	168544	777693	0
Ramanapalli	1	190	143161	791665	0
Ramanapeta	31	75	187622	784325	0
Ramanapeta	31	222	185783	787952	0
Ramanapeta	31	63	187210	788996	0
Ramanapudi	1	68	163876	809926	0
Ramanapudi	1	68	163350	809940	0
Ramanapuram	30	223	113075	778057	0
Ramanarasupeta	1	453	183310	839158	0
Ramanatapura	15	47	131085	783080	0
Ramanathamadai	30	5	96554	788423	0
Ramanathankovil	30	257	107163	795019	0
Ramanathapalaiyam	30	227	112487	773736	0
Ramanathapuram	30	184	130168	792351	0
Ramanathapuram	30	158	128844	792915	0
Ramanathapuram	30	154	110810	768833	0
Ramanathapuram	30	154	106850	769254	0
Ramanathapuram	30	154	106021	769204	0
Ramanathapuram	30	227	112197	771909	0
Ramanathapuram	30	154	109951	769952	0
Ramanathapuram	30	227	110097	776960	0
Ramanathapuram	30	227	110410	777214	0
Ramanathapuram	30	223	111921	779753	0
Ramanathapuram	30	175	116266	793697	0
Ramanathapuram	30	257	106730	795860	0
Ramanathapuram	30	254	107821	791030	0
Ramanathapuram	30	236	91527	775678	0
Ramanathapuram	30	201	91830	777207	0
Ramanathapuram	30	201	89720	777267	0
Ramanathapuram	30	201	87286	779270	0
Ramanathapuram	30	427	108009	782199	0
Ramanathapuram	30	183	105972	780635	0
Ramanathapuram	30	183	103874	780867	0
Ramanathapuram	30	264	100613	782705	0
Ramanathapuram	30	189	101322	775501	0
Ramanathapuram	30	260	108985	788597	0
Ramanathapuram	30	264	99056	781977	0
Ramanathapuram	30	201	90226	782044	0
Ramanathapuram	30	201	83989	779677	0
Ramanathapuram	30	376	118205	791422	0
Ramanathapuram	30	427	106983	779268	0
Ramanathapuram	30	376	116263	791146	0
Ramanathapuram	30	183	103229	778539	0
Ramanathapuram	30	183	102795	779043	0
Ramanathapuram	30	255	111340	790509	0
Ramanathapuram	30	197	118801	795271	0
Ramanathapuram	30	175	118058	795190	0
Ramanathapuram	30	-1	119545	797197	0
Ramanathapuram	30	175	114581	796781	0
Ramanathapuram	30	189	99440	775896	0
Ramanathapuram	30	189	99554	775938	0
Ramanathapuram	30	223	112948	782602	0
Ramanathapuram	30	51	115140	785845	0
Ramanathapuram	30	376	117071	788764	0
Ramanathapuram	30	175	115445	789867	0
Ramanathapuram	30	260	112752	786382	0
Ramanathapuram	30	51	114860	787417	0
Ramanathapuram	30	204	110712	777750	0
Ramanathapurampudur	30	204	113961	776899	0
Ramanathichan Puthur	30	435	81721	775257	0
Ramanathpura	15	652	126106	760872	0
Ramanathpuram	30	264	98357	777150	0
Ramanatota	15	55	130498	753828	0
Ramanattam	30	175	114049	790094	0
Ramanayakanahalli	15	47	130301	781229	0
Ramanayakankandigai	30	220	133657	800858	0
Ramanayakkanpalaiyam	30	51	116291	785624	0
Ramanayakkanpatti	30	183	100862	777239	0
Ramanayakkanpatti	30	118	94366	780957	0
Ramanayakkanpatti	30	223	114166	781870	0
Ramanayakkanpudur	30	204	113502	774236	0
Ramanayakkanpuram	30	427	107463	778311	0
Ramanayakkanur	30	204	113424	775203	0
Ramanayakkanur	30	183	106222	780182	0
Ramanayakkanur	30	183	105848	779818	0
Ramanayakkavundanpalaiyam	30	204	112995	776679	0
Ramanayanikota	1	190	137541	782855	0
Ramanayanikuppam	30	184	127829	788571	0
Ramanayanipalli	1	207	132446	791852	0
Ramanayapalem	1	212	157794	803808	0
Ramanayapalem	1	212	159869	803520	0
Ramanayudukhandriga	30	220	132741	795323	0
Ramanayuduvalasa	1	194	187667	834700	0
Ramanayuduvalasa	1	194	187620	836015	0
Ramanayyagaripalli	1	207	133434	790750	0
Ramanayyapeta	1	258	173191	816996	0
Ramanayyapeta	1	259	173205	821013	0
Ramanayyapeta	1	219	174272	826423	0
Ramanbari	33	314	263188	833949	0
Ramanbhari	33	488	274894	810293	0
Ramanbigha	4	112	247007	844418	0
Ramancha	31	447	181646	788371	0
Ramancherla	31	178	177337	790675	0
Ramanchettippatti	30	183	102673	780725	0
Ramandag	14	678	236805	841907	0
Ramandiha	4	582	249822	871079	0
Ramandoddi	30	215	125338	775985	0
Ramandoddi	30	215	127803	780554	0
Ramandpur	33	682	275163	785267	0
Ramandrug	15	44	151265	764620	0
Ramanendal	30	436	96678	783773	0
Ramaneri	30	186	84797	778224	0
Ramaneri Sanarkudi	30	186	84758	778338	0
Ramangaddi	15	352	152241	762905	0
Ramangaon	19	317	219116	754752	0
Ramangapuram	1	25	169380	810796	0
Ramangar	33	314	267117	832995	0
Ramanghatta	20	134	196366	798143	0
Ramangud	15	71	174709	771996	0
Ramangud Tanda	15	71	174638	771853	0
Ramangudem	1	25	167535	808662	0
Ramanguli	15	59	147970	745843	0
Ramanhal	15	655	152123	750203	0
Ramanhalli	15	80	170703	761588	0
Ramanhalli	15	92	131897	771437	0
Ramanhalli	15	603	130734	771298	0
Ramanhalli	15	603	131195	771707	0
Ramanhalli	15	603	130780	772538	0
Ramanhalli	15	375	131816	777459	0
Ramanhalli	15	47	130601	779825	0
Ramanhalli	15	652	129230	758064	0
Ramanhalli	15	652	128639	759992	0
Ramanhalli	15	603	127414	774015	0
Ramanijolla	25	305	184571	828663	0
Ramanipur	33	710	263556	793139	0
Ramanjapur	31	222	183328	786187	0
Ramanjapuram	31	730	176276	797292	0
Ramanjeri	30	220	132005	797932	0
Ramanjot	33	282	276501	816554	0
Ramanjulapalle	1	426	144482	778822	0
Ramanka	4	518	251062	865444	0
Ramankari	16	234	94304	764669	0
Ramankhera	28	428	261786	743391	0
Ramankop	15	655	151505	751496	0
Ramankovil	30	220	130952	798235	0
Ramankudiyiruppu	30	186	82664	778291	0
Ramankulam	30	264	98299	781255	0
Ramanmane	15	59	148821	747360	0
Ramanna Agraharam	1	176	185174	834825	0
Ramannadoravalasa	1	176	185675	833296	0
Ramannagaripalle	1	426	141608	782463	0
Ramannaguda	25	349	192143	836659	0
Ramannaguda	31	62	173407	781112	0
Ramannaguda	25	499	200008	819100	0
Ramannaguda	31	203	174263	780219	0
Ramannaguda	25	349	190083	837582	0
Ramannaguda	1	194	188919	837648	0
Ramannagudem	31	178	175451	794143	0
Ramannagudem	31	241	173175	795255	0
Ramannagudem	31	241	172896	797195	0
Ramannagudem	31	241	173319	796840	0
Ramannagudem	31	241	170432	797721	0
Ramannagudem	31	100	167040	792457	0
Ramannagudem	31	730	175885	797388	0
Ramannagudem	31	241	171992	795727	0
Ramannagudem	31	218	183210	804557	0
Ramannagudem	1	25	169202	812241	0
Ramannagudem	1	307	168705	814923	0
Ramannagudem	1	307	173151	811856	0
Ramannagudem	1	25	172226	813679	0
Ramannanur	30	180	125949	785878	0
Ramannapad	1	10	165899	799069	0
Ramannapalem	1	87	172880	818396	0
Ramannapalem	1	258	173411	818632	0
Ramannapalem	1	219	175286	823993	0
Ramannapalem	1	307	164101	816473	0
Ramannapalem	1	103	170283	804871	0
Ramannapalem	1	103	170444	806318	0
Ramannapalem	31	46	171252	806777	0
Ramannapalem	31	46	171604	807675	0
Ramannapalem	1	219	175362	825935	0
Ramannapalem	1	219	176469	826606	0
Ramannapalem	1	219	176750	827466	0
Ramannapalem	1	219	172851	825849	0
Ramannapalem	1	219	176214	827633	0
Ramannapalem	1	219	176641	829331	0
Ramannapalem	1	103	167354	805253	0
Ramannapalem	1	6	145375	800049	0
Ramannapalem	31	46	177041	814079	0
Ramannapalem	1	25	172084	813837	0
Ramannapalem	1	25	170067	813398	0
Ramannapalem	1	195	152685	797174	0
Ramannapalem Agraharam	1	219	175856	827110	0
Ramannapalle	1	212	157677	802960	0
Ramannapalle	1	426	139203	777383	0
Ramannapalli	31	306	167790	776923	0
Ramannapalli	31	222	183281	788241	0
Ramannapalli	31	447	180549	788485	0
Ramannapalli	31	447	181650	789474	0
Ramannapalli	31	160	194795	794755	0
Ramannapalli	31	557	182644	795262	0
Ramannapet	20	134	190724	799178	0
Ramannapet	31	178	176971	793435	0
Ramannapet	31	240	179769	795896	0
Ramannapet	31	222	184395	787917	0
Ramannapet	31	447	181682	791242	0
Ramannapeta	1	103	167354	801590	0
Ramannapeta	1	219	175673	829910	0
Ramannapeta Agraharam	1	176	183136	834017	0
Ramanodupalli	15	422	139006	778291	0
Ramanpalli	31	447	178953	788134	0
Ramanpalya	15	92	130876	770456	0
Ramanpatla	31	447	181404	789153	0
Ramanpatti	30	51	117384	777423	0
Ramanpatti	30	118	94159	776698	0
Ramanpudur	30	435	81069	775313	0
Ramanpur	33	451	279931	796810	0
Ramanpur	33	659	275895	797874	0
Ramanpur	33	659	274976	798780	0
Ramanpur	33	644	276027	780486	0
Ramanpur	33	688	257427	820911	0
Ramanpur	33	242	254064	828496	0
Ramanpur	33	522	272425	818277	0
Ramanpur	33	522	269609	819899	0
Ramanpur	33	605	267521	819044	0
Ramanpur	33	522	268967	822309	0
Ramanpur	33	575	264078	820786	0
Ramanpur	33	575	262413	820112	0
Ramanpur	33	575	261626	822099	0
Ramanpur	33	688	260483	820179	0
Ramanpur	33	605	265708	824032	0
Ramanpur	33	575	262983	822867	0
Ramanpur	33	532	264343	824851	0
Ramanpur	33	479	261646	827755	0
Ramanpur	33	584	254408	819653	0
Ramanpur	33	312	279219	808247	0
Ramanpur	33	451	277725	800526	0
Ramanpur	33	312	277932	801555	0
Ramanpur	33	659	272652	800530	0
Ramanpur	33	451	280519	797117	0
Ramanpur Barkatpur	33	451	278339	799637	0
Ramanpur Jassu	33	661	275114	794844	0
Ramanpur Kirhauli	33	282	274387	814870	0
Ramanpur Lal	33	659	275086	798492	0
Ramanpur Muafi	33	451	277745	797339	0
Ramanpur Nankari	33	451	277998	800229	0
Ramanpur Rohilia	33	659	274441	800189	0
Ramanpura	19	322	264051	784308	0
Ramanpura	19	576	228633	797848	0
Ramanpurdur	30	435	81116	774349	0
Ramansanr	4	363	253727	846857	0
Ramansatti	16	232	106328	764022	0
Ramantali	16	256	120530	751910	0
Ramantapur	31	62	174418	781275	0
Ramantapur	31	300	173904	785372	0
Ramantola	4	636	257094	868421	0
Ramanujampudur	30	201	85755	778111	0
Ramanujapalli	1	45	137987	795530	0
Ramanujapuram	20	134	188264	799617	0
Ramanujapuram	31	62	172322	782475	0
Ramanujapuram	31	100	173418	793139	0
Ramanujapuram	31	730	174644	797019	0
Ramanujapuram	1	25	170365	813365	0
Ramanujapuram	30	159	129273	798191	0
Ramanujapuram	30	220	129971	799206	0
Ramanujapuram	30	254	109496	792742	0
Ramanujapuran	1	25	171440	813482	0
Ramanujarayunikhandrika	1	6	147480	798950	0
Ramanujnagar	6	398	231500	827233	0
Ramanujulupeta	1	176	184277	836704	0
Ramanupadi	15	422	138020	780529	0
Ramanutiapalle	1	221	144595	781387	0
Ramanutta	30	201	91557	780260	0
Ramanwala	33	553	296068	783184	0
Ramanwas	27	542	301696	752202	0
Ramaopur	33	278	266141	791791	0
Ramapakkam	30	197	118401	796115	0
Ramapalaiyam	30	192	125399	792448	0
Ramapalaiyam	30	158	128276	793155	0
Ramapalaiyam	30	369	111000	790718	0
Ramapalem	1	6	145471	801689	0
Ramapali	25	290	215882	839009	0
Ramapali	4	615	262270	842980	0
Ramapali	4	615	260945	844985	0
Ramapali	25	683	213894	846240	0
Ramapalle	1	221	145376	781564	0
Ramapanur	30	154	111932	768183	0
Ramapar	33	584	250992	816791	0
Ramapar	33	516	259914	840275	0
Ramapara	25	546	215427	839262	0
Ramapat Tola	33	496	271702	835421	0
Ramapatel ka Khera	28	298	254333	744490	0
Ramapatna	15	74	123350	763238	0
Ramapatnampudur	30	183	104637	776127	0
Ramapattanam	30	154	107107	769183	0
Ramapattanam	30	227	110183	775256	0
Ramapattanam	30	227	107669	775792	0
Ramapattanam	30	227	106675	777366	0
Ramapatti Jot	33	152	267408	825634	0
Ramapatti Taspur	33	516	260167	837679	0
Ramappanaidupalli	1	45	137471	791036	0
Ramappatottam	30	257	108066	794259	0
Ramapu	15	77	159500	752425	0
Ramapur	35	432	223015	889518	0
Ramapur	33	659	275530	797437	0
Ramapur	31	203	174042	777612	0
Ramapur	20	151	191995	769134	0
Ramapur	15	80	166736	763274	0
Ramapur	31	203	175779	777652	0
Ramapur	15	72	168877	772624	0
Ramapur	15	72	165601	772946	0
Ramapur	33	659	274361	797874	0
Ramapur	20	67	204107	776090	0
Ramapur	20	169	211660	770440	0
Ramapur	20	132	212610	774256	0
Ramapur	20	132	212161	775850	0
Ramapur	20	132	210801	779036	0
Ramapur	15	72	165945	765015	0
Ramapur	20	67	203695	785780	0
Ramapur	33	33	258121	821907	0
Ramapur	33	33	256348	826653	0
Ramapur	33	561	252855	824905	0
Ramapur	33	196	252279	827199	0
Ramapur	33	584	254400	822439	0
Ramapur	33	31	266634	813979	0
Ramapur	33	31	267309	813522	0
Ramapur	33	450	264235	802607	0
Ramapur	33	688	258781	814670	0
Ramapur	33	688	260347	818517	0
Ramapur	33	522	270665	822010	0
Ramapur	33	605	267270	821106	0
Ramapur	33	605	267474	821575	0
Ramapur	33	575	263042	822377	0
Ramapur	33	575	264838	820338	0
Ramapur	33	532	262983	828607	0
Ramapur	33	479	261193	828934	0
Ramapur	33	688	256486	815864	0
Ramapur	33	584	256133	818687	0
Ramapur	4	363	255914	846233	0
Ramapur	15	655	152594	750747	0
Ramapur	15	655	151167	752031	0
Ramapur	15	66	159103	757962	0
Ramapur	15	583	156865	759833	0
Ramapur	15	91	148616	751935	0
Ramapur	15	59	148134	750038	0
Ramapur	15	91	148654	754878	0
Ramapur	15	333	140677	754845	0
Ramapur	15	77	156768	744779	0
Ramapur	15	77	159776	746474	0
Ramapur	31	386	179776	785131	0
Ramapur	33	659	277056	801088	0
Ramapur	33	659	272837	800048	0
Ramapur	1	207	130203	784746	0
Ramapur Adhikan	33	659	273623	799162	0
Ramapur Bich	33	659	273640	799107	0
Ramapur Buzurg	20	132	212210	773575	0
Ramapur Chhaiya	33	659	273664	799092	0
Ramapur Dabir	33	661	274792	793318	0
Ramapur Kalan	33	637	260989	817683	0
Ramapur Khurd	33	637	261000	817636	0
Ramapur Pachhan	33	659	273655	799103	0
Ramapur Tihai	33	659	273653	799134	0
Ramapura	33	688	257475	820959	0
Ramapura	15	59	146227	750262	0
Ramapura	15	265	141588	756860	0
Ramapura	15	422	136177	774412	0
Ramapura	15	422	136116	776132	0
Ramapura	15	265	142724	761243	0
Ramapura	15	93	126952	766332	0
Ramapura	15	47	132640	782022	0
Ramapura	15	47	132582	780515	0
Ramapura	15	47	134655	783297	0
Ramapura	15	47	132684	783172	0
Ramapura	15	47	132601	784733	0
Ramapura	15	47	129300	783442	0
Ramapura	15	47	129552	783372	0
Ramapura	15	47	131995	782579	0
Ramapura Ambala	26	-1	120474	752654	0
Ramapuram	30	-1	135166	800863	0
Ramapuram	15	69	120021	773951	0
Ramapuram	16	261	97997	766623	0
Ramapuram	31	144	162059	779509	0
Ramapuram	31	61	179370	794488	0
Ramapuram	31	241	170688	798904	0
Ramapuram	31	241	168516	799975	0
Ramapuram	31	241	169957	799246	0
Ramapuram	31	271	196732	786309	0
Ramapuram	31	447	181764	785704	0
Ramapuram	1	68	165534	810092	0
Ramapuram	1	103	168076	803924	0
Ramapuram	25	349	191584	835822	0
Ramapuram	1	6	143144	800600	0
Ramapuram	1	99	144804	772939	0
Ramapuram	1	99	144804	775232	0
Ramapuram	1	99	149526	777310	0
Ramapuram	1	426	144797	776523	0
Ramapuram	1	426	141162	776328	0
Ramapuram	1	426	146398	778615	0
Ramapuram	1	426	144729	778564	0
Ramapuram	1	426	144462	778938	0
Ramapuram	1	426	137757	770550	0
Ramapuram	15	352	148055	762739	0
Ramapuram	1	99	145898	769173	0
Ramapuram	1	228	159455	773192	0
Ramapuram	31	295	159965	778404	0
Ramapuram	1	228	156161	778911	0
Ramapuram	1	224	151449	777566	0
Ramapuram	1	99	147546	772432	0
Ramapuram	15	44	150647	767268	0
Ramapuram	15	44	156620	769703	0
Ramapuram	1	10	166859	796933	0
Ramapuram	1	10	161251	795555	0
Ramapuram	1	228	155060	780420	0
Ramapuram	1	224	153910	780692	0
Ramapuram	1	221	147578	785148	0
Ramapuram	1	221	148082	787075	0
Ramapuram	1	224	152192	786039	0
Ramapuram	1	221	151492	789048	0
Ramapuram	1	221	145299	781668	0
Ramapuram	1	426	142923	780161	0
Ramapuram	1	190	140876	788203	0
Ramapuram	1	190	136832	781047	0
Ramapuram	15	422	134901	781529	0
Ramapuram	1	207	132327	787098	0
Ramapuram	1	207	131903	787105	0
Ramapuram	30	215	125080	778048	0
Ramapuram	30	215	127240	779195	0
Ramapuram	30	215	125664	781835	0
Ramapuram	30	109	123151	782190	0
Ramapuram	30	215	124210	782422	0
Ramapuram	1	207	128436	784446	0
Ramapuram	30	215	123497	783386	0
Ramapuram	30	109	121132	783268	0
Ramapuram	30	109	121186	783254	0
Ramapuram	30	180	125619	785195	0
Ramapuram	30	184	129270	788679	0
Ramapuram	30	184	129893	788516	0
Ramapuram	30	184	129671	789763	0
Ramapuram	30	184	129790	789827	0
Ramapuram	30	109	121350	786110	0
Ramapuram	30	192	121888	787021	0
Ramapuram	30	215	123567	777327	0
Ramapuram	1	221	144654	786862	0
Ramapuram	1	195	154446	790315	0
Ramapuram	1	195	158583	793648	0
Ramapuram	1	6	150293	794239	0
Ramapuram	1	195	151996	793129	0
Ramapuram	1	195	156669	795789	0
Ramapuram	1	221	147809	790896	0
Ramapuram	1	221	146184	791598	0
Ramapuram	1	190	141338	791263	0
Ramapuram	1	6	148801	796116	0
Ramapuram	1	6	143201	796747	0
Ramapuram	1	45	140702	796652	0
Ramapuram	1	6	145484	799377	0
Ramapuram	1	45	140802	799724	0
Ramapuram	1	45	134935	791418	0
Ramapuram	1	45	134555	791587	0
Ramapuram	1	207	133713	791445	0
Ramapuram	1	207	133535	790531	0
Ramapuram	1	207	132814	791757	0
Ramapuram	1	207	131633	790195	0
Ramapuram	1	207	131820	792468	0
Ramapuram	30	220	132611	794689	0
Ramapuram	1	207	132318	792695	0
Ramapuram	30	158	130946	792834	0
Ramapuram	30	158	130536	793450	0
Ramapuram	30	220	131536	794209	0
Ramapuram	30	158	130467	794342	0
Ramapuram	1	45	136496	796337	0
Ramapuram	1	45	136683	796934	0
Ramapuram	30	220	132843	795381	0
Ramapuram	30	158	130588	795482	0
Ramapuram	30	220	131802	797114	0
Ramapuram	1	45	133760	797669	0
Ramapuram	30	220	131315	799447	0
Ramapuram	30	192	125185	791064	0
Ramapuram	30	192	124970	792227	0
Ramapuram	30	192	121843	790292	0
Ramapuram	30	158	128337	793424	0
Ramapuram	30	158	129008	794524	0
Ramapuram	30	158	129455	794279	0
Ramapuram	30	158	129125	795511	0
Ramapuram	30	192	124041	796698	0
Ramapuram	30	159	129709	799214	0
Ramapuram	30	238	124682	797631	0
Ramapuram	16	148	109993	761385	0
Ramapuram	30	175	113463	794373	0
Ramapuram	30	257	106782	794814	0
Ramapuram	30	254	108438	791575	0
Ramapuram	30	435	81964	774770	0
Ramapuram	30	223	114355	780021	0
Ramapuram	1	99	148743	773754	0
Ramapuram	1	99	148827	774638	0
Ramapuram	1	190	141916	787591	0
Ramapuram	30	184	130383	790471	0
Ramapuram	1	207	131187	791184	0
Ramapurampudur	30	223	112297	781684	0
Ramapurhalli	15	71	168844	770223	0
Ramapuri	12	348	324213	760362	0
Ramapurvadi	15	77	158965	749679	0
Ramar	14	712	236883	838149	0
Ramarajapuram	30	236	92881	776434	0
Ramarajapuram	30	183	102722	781358	0
Ramarajapuram	30	264	100017	782310	0
Ramarajapuram	30	189	101392	775595	0
Ramarajapuram	30	118	95615	780908	0
Ramarajapuram	30	376	118682	789571	0
Ramarajukhandriga	30	220	131393	793768	0
Ramarajukhandriga	1	207	132037	793804	0
Ramarajupalle	1	99	149593	777162	0
Ramarajupalle	1	221	144801	787996	0
Ramarajupalle	1	45	140880	796101	0
Ramarajupuram	31	60	180831	807870	0
Ramaram	31	447	179148	785866	0
Ramaram	31	300	175255	784216	0
Ramaram	29	85	271588	884404	0
Ramaram	31	240	179497	798449	0
Ramaran	31	128	175165	792660	0
Ramaraogudem	1	25	168267	811950	0
Ramaraokote	15	47	130945	784270	0
Ramaraopadu	6	577	178021	810668	0
Ramaraopet	31	90	188196	795160	0
Ramaraopeta	31	63	186405	789231	0
Ramaraopeta	1	259	170725	821428	0
Ramaraopeta	1	25	171669	812025	0
Ramaraopeta	1	25	172063	812759	0
Ramarayapuram	1	176	184377	837948	0
Ramarayapuram	30	236	91180	776533	0
Ramarayudupalem	1	219	175615	828756	0
Ramarazupalle	1	99	150323	778171	0
Ramareddi	31	58	184059	783091	0
Ramareddigudem	31	90	191514	789719	0
Ramareddikulam	26	-1	118701	796636	0
Ramareddipalaiyam	1	45	135876	799153	0
Ramareddipalem	1	45	141411	800083	0
Ramareddipalem	1	45	138564	799767	0
Ramareddipalle	1	426	143602	781163	0
Ramareddipalle	1	190	140562	786560	0
Ramareddipalle	1	195	158735	794340	0
Ramareddipalle	1	195	153858	794747	0
Ramareddipalli	31	100	169717	788735	0
Ramareddipalli	31	58	182476	785529	0
Ramareddipalli	31	229	183473	796644	0
Ramareddiyapatti	30	260	105289	782172	0
Ramareddy	31	58	184113	783685	0
Ramaria	33	451	279689	798997	0
Ramaripatti	30	260	109098	785944	0
Ramaroti	15	50	163102	765669	0
Ramarura	25	262	218338	850047	0
Ramas	10	124	232324	731292	0
Ramas	28	263	262155	741746	0
Ramasagar	31	447	178983	786183	0
Ramasagar	15	246	148289	768016	0
Ramasagara	15	246	144957	766037	0
Ramasagara	15	47	131281	783300	0
Ramasagaram	31	75	184751	783196	0
Ramasagaram	1	426	143333	779311	0
Ramasagaram	15	44	150231	767583	0
Ramasagaram	15	44	150292	767658	0
Ramasagaram	15	352	147614	766049	0
Ramasagaram	15	352	153762	765753	0
Ramasamikuppam	30	192	127134	791716	0
Ramasamireddiyur	30	427	108623	781896	0
Ramasamudra	15	248	132074	750123	0
Ramasamudram	1	190	133666	784244	0
Ramasamudram	15	72	167725	772357	0
Ramasamudram	31	272	165449	776166	0
Ramasamudram	31	241	170944	798048	0
Ramasamudram	1	195	160215	793936	0
Ramasamudram	1	221	148767	789963	0
Ramasamudram	1	190	141724	792241	0
Ramasamudram	1	207	131351	790764	0
Ramasamudram	1	45	133800	795499	0
Ramasamudram	30	220	132279	795156	0
Ramasamudram	30	192	124221	796004	0
Ramasamudram	30	5	92325	782898	0
Ramasandiram	30	215	124355	777574	0
Ramasandiram	30	215	126641	781963	0
Ramasandra	15	47	131206	779492	0
Ramasaram	31	447	182548	790422	0
Ramasari	10	164	230089	731290	0
Ramaseshapuram	30	51	116163	786916	0
Ramasi	4	396	251145	871618	0
Ramasingaram	31	46	175733	811649	0
Ramasingavaram	1	25	168863	811083	0
Ramasingavaram	1	25	170079	813691	0
Ramasni	28	263	259561	736689	0
Ramasni	28	331	261783	733955	0
Ramasni	28	263	261140	736075	0
Ramasre	33	282	275330	815581	0
Ramassheri	16	253	107648	767362	0
Ramaswamichallai	16	253	106924	768026	0
Ramaswamigudi	31	178	176050	791679	0
Ramaswamikavundanpudur	30	260	110607	782033	0
Ramaswamikavundanur	30	223	110927	781156	0
Ramaswaminayakarendal	30	436	99667	787259	0
Ramaswamipalli	15	422	136225	779890	0
Ramaswamipatti	30	5	93905	782656	0
Ramaswamipatti	30	118	94885	781975	0
Ramaswamipeta	1	176	180621	831275	0
Ramaswamipuram	30	118	96437	775955	0
Ramaswamipuram	30	186	88442	776615	0
Ramaswamipuram	30	201	87954	779931	0
Ramaswamipuram	30	118	94931	780988	0
Ramaswamipuram	30	118	93877	780529	0
Ramaswamipuram	30	201	93222	780919	0
Ramaswamipuram	30	236	91401	774539	0
Ramaswamipuram	30	264	97848	777132	0
Ramaswamivalasa	1	194	185707	832238	0
Ramatandalam	30	220	131955	799179	0
Ramatevanpatti	30	118	93418	777147	0
Ramathirth	15	167	178753	768258	0
Ramatirth	15	71	169777	771787	0
Ramatirtha	15	265	144620	757735	0
Ramatirthalu	1	176	181677	834950	0
Ramatirtham	1	6	146417	801420	0
Ramatola	20	168	213031	801468	0
Ramatola	20	168	212912	803954	0
Ramatola	19	142	214289	804986	0
Ramatola	19	142	219972	805413	0
Ramatola	20	168	213519	805367	0
Ramatola	20	168	212341	805076	0
Ramatola	6	455	211233	807164	0
Ramatoli	14	541	231055	850169	0
Ramatoli	14	310	231026	843987	0
Ramau	33	488	273797	807889	0
Ramau	33	605	267944	816622	0
Ramaua	33	522	270722	816677	0
Ramaubur	33	654	260408	811437	0
Ramaul	4	136	258772	860029	0
Ramauli	33	694	254150	832278	0
Ramauli	4	718	250096	833976	0
Ramauli	4	457	270368	843964	0
Ramauli	4	457	271498	844101	0
Ramauli	4	569	259931	859588	0
Ramauli	4	569	261090	861667	0
Ramauli	4	510	255538	861537	0
Ramauli	4	687	258778	854991	0
Ramauli	4	136	259729	857490	0
Ramaupur	33	694	252568	833272	0
Ramaupur	33	694	252632	833373	0
Ramaupur	33	605	264805	820588	0
Ramaupur	33	564	261839	837202	0
Ramautar	33	522	269505	824477	0
Ramautar Purwa	33	282	275181	815403	0
Ramavakkavundanpudur	30	227	104937	772282	0
Ramavaram	1	258	176798	819569	0
Ramavaram	31	218	183558	805253	0
Ramavaram	1	258	174658	819296	0
Ramavaram	31	60	181006	806228	0
Ramavaram	1	258	175681	820557	0
Ramavaram	1	259	171881	820802	0
Ramavaram	1	25	165668	813075	0
Ramavaram	31	60	177956	809060	0
Ramavaram	31	60	175578	807796	0
Ramavaram	1	194	186263	833507	0
Ramavaram	25	108	180049	815251	0
Ramavaram	1	176	181270	833431	0
Ramavaram	31	60	178146	810006	0
Ramavaram	31	46	174798	812128	0
Ramavaram	1	81	178666	832441	0
Ramavaram	31	46	176737	813188	0
Ramavaram	1	224	152834	781252	0
Ramavaramdari Venkammapeta	1	194	186343	833502	0
Ramavarapumudi	1	68	163985	812653	0
Ramavaripalle	1	195	152641	789549	0
Ramavarmapuram	30	435	81836	774260	0
Ramavat Tanda	31	100	167618	789239	0
Ramavishwapuram	30	51	116204	786879	0
Ramawala	33	525	293460	780447	0
Ramawaram	31	100	170697	793347	0
Ramawaram	31	240	177116	795184	0
Ramawaram	31	241	172356	795499	0
Ramawaram	31	75	185920	782891	0
Ramawaram	6	577	183107	816031	0
Ramawaram	31	447	180181	791312	0
Ramawas	28	428	260795	742488	0
Ramawasia	28	263	257214	733312	0
Ramawata	10	140	230794	736310	0
Ramawatpur	4	718	249197	836489	0
Ramayagudem	1	307	166429	813930	0
Ramayampet	31	386	181173	784355	0
Ramayan Purwa	33	282	274609	818733	0
Ramayanachinnanahalli	30	109	120386	781127	0
Ramayanam Khandrika	1	195	156093	795809	0
Ramayanampudur	30	227	106444	773299	0
Ramayanhalli	30	109	120320	783762	0
Ramayanpalli	31	386	179436	783237	0
Ramayanpatti	30	236	90617	776974	0
Ramayanpatti	30	264	100832	780030	0
Ramayapalaiyam	30	220	134706	801937	0
Ramayapalem	1	6	149727	800512	0
Ramayapalem	1	195	158883	791785	0
Ramayapalem	1	212	158230	799473	0
Ramayapalle	1	221	150075	790011	0
Ramayapalle	1	195	154059	792880	0
Ramayapalli	31	386	177818	784747	0
Ramayapalli	31	386	180494	783861	0
Ramayapalli	31	717	186288	796058	0
Ramayapatnam	1	6	150468	800443	0
Ramayapur	33	278	269465	789610	0
Ramayapuram	30	238	125629	801197	0
Ramayaraopeta	1	25	167836	808611	0
Ramayavalasa	1	176	184179	834865	0
Ramayipatti	30	223	113984	781885	0
Ramayogi Agraharam	1	219	177688	829278	0
Ramayogi Agraharam	1	219	179319	830592	0
Ramayyagaripalle	1	190	141775	787127	0
Ramayyagarukhandigai	1	-1	133251	795193	0
Ramayyakavundanvalasu	30	183	106364	774618	0
Ramayyampalaiyam	30	197	119137	795507	0
Ramayyanahalli	15	246	138917	766757	0
Ramayyanapalya	15	92	141083	771382	0
Ramayyanpatti	30	186	87541	776934	0
Ramayyanpatti	30	183	103810	779414	0
Ramayyapeta	1	25	172805	816512	0
Ramayyapeta	1	194	186341	834310	0
Ramayyavalasa	1	453	184823	839964	0