Saint Thomas Mount	30	238	130033	801961	43795
Sainthia	35	347	239483	876804	43221
Saiha	23	20	224918	929814	25110
Saidpur	33	27	255375	832238	22904
Saiyad-ul-ajaib	8	745	285192	772035	17914
Saidpur	33	613	286109	779090	14496
Saij	10	266	232183	725220	13882
Sailana	19	547	234622	749232	11989
Saitual	23	21	236831	929671	11619
Saitlaw	23	12	239719	925745	11043
Saidabad	8	403	285278	772899	10168
Saidpura	4	581	255768	850454	7392
Sairang	23	19	238103	926523	5950
Saidapur	15	72	165644	772649	5432
Saizawh ?E?	23	235	223633	928386	450
Sai	12	460	311971	774471	0
Sai	33	659	274346	797214	0
Sai	33	389	270385	784804	0
Sai	33	417	257172	787816	0
Sai	20	67	199808	776998	0
Sai	33	654	260703	811745	0
Sai	12	348	327829	761309	0
Sai	12	267	317459	769018	0
Sai	12	267	316918	767914	0
Sai	12	279	313196	768637	0
Sai	12	279	313057	767722	0
Sai	12	279	312733	767741	0
Sai	12	279	312690	768711	0
Sai	12	279	313229	768736	0
Sai Buzurg	33	623	269509	830860	0
Sai Buzurg	33	314	265208	832753	0
Sai da Lahr	12	39	319397	764504	0
Sai Garhi	33	682	274656	782190	0
Sai Khurd	33	314	265186	832800	0
Sai Langri	33	623	269421	830945	0
Saia Dhani	28	519	289231	748603	0
Saiadi Chak	4	507	251335	849002	0
Saiaiyatanr	4	117	244555	844693	0
Saiaka	33	174	278614	776984	0
Saiamalgi	6	517	220289	814306	0
Saian	33	282	278549	814519	0
Saiankipuram	1	426	139380	770622	0
Saiapur	19	459	264091	779088	0
Saiapur	33	548	270217	797241	0
Saiaura	19	313	248773	809964	0
Saibapali	25	683	215671	848616	0
Saibara	33	269	274481	820936	0
Saibasa	33	584	251591	822141	0
Saibasa	33	626	254905	812975	0
Saibasi	33	698	258948	805185	0
Saibasi	33	654	262080	809229	0
Saibasi	33	637	263254	814731	0
Saibasi	33	450	263281	804961	0
Saibasi	33	637	262438	813681	0
Saiberni	25	546	211421	841051	0
Saibom	21	649	244254	941011	0
Saichal	23	21	237187	930677	0
Saichana	33	694	252422	833026	0
Saichanan	33	27	255626	833436	0
Saichang	21	421	244488	934073	0
Saichani	4	615	259975	843663	0
Saichu	12	348	329858	765664	0
Said	34	589	298749	788663	0
Said Alampur	33	523	280877	783811	0
Said Ali Chak	4	581	255655	851382	0
Said Ali Chak	4	581	255541	851346	0
Said Alipur	4	581	253785	850102	0
Said Chhapra	33	-1	298519	771762	0
Said Khanpur	33	33	256252	829372	0
Said Mubarik	27	468	318018	751592	0
Said Mubarik	27	468	318059	751608	0
Said Muhammad Chak	33	27	257161	835833	0
Said Nagla	33	525	295244	776448	0
Said Panauli	33	33	259924	825922	0
Said Pathri	13	0	344281	739321	0
Said Pokhar	4	641	263904	875779	0
Said Sarai	33	116	283664	788616	0
Said Sarai	4	520	258495	848356	0
Saida	33	102	246703	832972	0
Saida	33	282	276961	815622	0
Saida	33	282	276942	816809	0
Saida	19	337	239342	802202	0
Saida	6	279	220698	820813	0
Saida	4	117	245270	847118	0
Saida	14	740	234877	846679	0
Saida	25	399	214821	852770	0
Saida Chak	33	27	256725	836718	0
Saida Purwa	33	659	277073	802179	0
Saida Sahu	27	545	310163	747326	0
Saidabad	33	584	253713	821091	0
Saidabad	34	574	296937	780516	0
Saidabad	33	531	289203	790926	0
Saidabad	19	202	218197	766738	0
Saidabad	33	27	254634	835956	0
Saidabad	33	33	256814	826890	0
Saidabad	33	553	292326	781691	0
Saidabad	4	394	249804	839770	0
Saidabad	33	31	269311	811279	0
Saidabad	33	31	269209	813335	0
Saidabad	33	31	267835	812566	0
Saidabad	33	314	263848	832657	0
Saidabad	4	581	254197	847934	0
Saidabad	14	673	245409	840079	0
Saidabad	4	641	263851	875738	0
Saidabad	4	687	255489	853087	0
Saidabad	31	408	173570	785125	0
Saidabad Parsain	4	507	252526	850240	0
Saidadupalli	1	6	142393	795408	0
Saidaha	33	584	254620	820775	0
Saidaha	33	584	254294	821335	0
Saidaha	33	584	254819	822344	0
Saidaha	33	584	256350	818964	0
Saidal	10	157	222794	735027	0
Saidaliganj Banjaria	33	531	288874	789608	0
Saidalipur	31	203	174998	778187	0
Saidalipur	33	645	263078	798666	0
Saidalitola	4	495	253172	855863	0
Saidalpar	19	354	224998	797449	0
Saidalpur	33	389	270260	787249	0
Saidalur	30	260	105388	782654	0
Saidampur	33	613	283042	776961	0
Saidampur	28	463	275513	770213	0
Saidampur ka Bas	28	463	275588	770115	0
Saidan	12	460	311503	770508	0
Saidan Khera	33	659	271904	801955	0
Saidani	33	33	257450	822326	0
Saidani	13	35	334130	755074	0
Saidani Chauki	33	522	269105	821279	0
Saidanpur	33	698	259888	809036	0
Saidanpur	33	33	257293	826604	0
Saidanpur	33	488	272677	811765	0
Saidanpur	33	31	267559	812961	0
Saidanpur	33	31	269533	813941	0
Saidanpur	33	654	261801	812030	0
Saidanpur	33	626	254804	814090	0
Saidanpur	33	522	269784	823772	0
Saidanpur	33	31	271007	812834	0
Saidanpur	33	31	271255	813534	0
Saidanpur	4	363	251944	844267	0
Saidanpur	4	581	254491	852168	0
Saidanpur	4	495	253113	852658	0
Saidanpur	4	495	253495	853385	0
Saidanpur	4	495	253566	854428	0
Saidanpur Kanti	33	698	258677	810891	0
Saidanwala	27	545	309214	746950	0
Saidapatti	27	284	314412	759973	0
Saidapet	30	199	130224	802204	0
Saidapet	30	192	120905	788946	0
Saidapetta	30	192	126647	792733	0
Saidapor Hamchi	13	588	341734	748412	0
Saidapur	31	128	176170	789440	0
Saidapur	20	132	209109	780881	0
Saidapur	15	72	166976	767861	0
Saidapur	15	50	161459	768284	0
Saidapur	15	167	176077	774111	0
Saidapur	20	141	205521	784417	0
Saidapur	31	32	175424	779544	0
Saidapur	33	451	279194	795891	0
Saidapur	33	451	278064	797078	0
Saidapur	33	451	277608	799645	0
Saidapur	33	659	274959	797594	0
Saidapur	33	659	273148	798857	0
Saidapur	33	659	273070	799954	0
Saidapur	20	169	207107	775305	0
Saidapur	20	132	210583	773495	0
Saidapur	20	132	211000	774113	0
Saidapur	20	132	212195	776602	0
Saidapur	15	71	168798	765637	0
Saidapur	15	72	167768	767871	0
Saidapur	33	451	277349	794065	0
Saidapur	33	654	260875	808108	0
Saidapur	33	312	279265	811380	0
Saidapur	33	282	272951	815506	0
Saidapur	33	685	267509	811301	0
Saidapur	33	685	266044	810300	0
Saidapur	33	685	270594	808136	0
Saidapur	33	488	272345	809218	0
Saidapur	33	637	262391	818355	0
Saidapur	33	522	271196	824528	0
Saidapur	33	532	264767	825767	0
Saidapur	33	532	263876	826061	0
Saidapur	27	355	311897	754733	0
Saidapur	33	659	270472	806025	0
Saidapur	33	685	270077	807050	0
Saidapur	33	312	278898	808677	0
Saidapur	33	488	275988	807509	0
Saidapur	33	488	273621	807922	0
Saidapur	33	31	271431	810724	0
Saidapur	33	451	280219	796514	0
Saidapur	4	581	254163	857866	0
Saidapur	15	655	154038	754780	0
Saidapur	4	106	247744	854652	0
Saidapur	33	488	274871	805760	0
Saidapur	33	488	273498	805889	0
Saidapur	31	557	182141	792905	0
Saidapur	33	659	277525	801997	0
Saidapur	33	312	278882	803143	0
Saidapur Ilaka Budhauli	33	329	281778	795967	0
Saidapuram	1	6	141774	797428	0
Saidapuram	1	426	141255	781568	0
Saidapuram	1	221	144969	782665	0
Saidaravalli	15	333	140407	750641	0
Saidaria	33	644	274258	781655	0
Saidatoli	14	740	236212	844867	0
Saidauli	33	532	263949	830627	0
Saidauli	33	479	262631	832410	0
Saidavada	6	578	189901	819155	0
Saidba	14	416	228093	854741	0
Saidba	14	276	226447	853421	0
Saidbari	4	495	253110	853335	0
Saiddipur	33	525	292554	778378	0
Saide Shahwala	27	480	310535	751378	0
Saideke	27	700	307639	745160	0
Saideke Rohilla	27	545	308548	745654	0
Saidepur Chak	33	33	256328	826131	0
Saidganj Razaganj	33	116	281162	791833	0
Saidgarh	13	559	325466	748843	0
Saidgarhi	33	613	282164	781444	0
Saidha	33	548	270752	798568	0
Saidhari	33	312	279693	807764	0
Saidhauli	33	516	260648	837383	0
Saidi	4	495	250669	855994	0
Saidi	4	495	252662	854545	0
Saidi Chak	4	507	251316	849005	0
Saidika	4	117	246429	853004	0
Saidipur	27	543	302106	762652	0
Saidipur	33	698	259415	809123	0
Saidipur	33	33	255278	825507	0
Saidipur	27	665	321735	754693	0
Saidipur	33	312	279213	809046	0
Saidipur	33	488	277129	809339	0
Saidipur Seth	33	672	291267	779256	0
Saidka	28	463	274148	768063	0
Saidkhanpur	33	31	268871	814721	0
Saidkhanpur	33	575	264413	821169	0
Saidkheri	33	553	294116	784343	0
Saidliganj	34	617	289872	793020	0
Saidmuyan	33	479	259466	829210	0
Saidnagar	33	531	289416	791249	0
Saidnagar	33	710	258180	792643	0
Saidnagar	33	531	287800	792997	0
Saidnagar	4	382	266575	849459	0
Saidnagar	4	663	250820	858707	0
Saidnagar Hardo Patti	33	531	287821	790155	0
Saido	13	358	331434	758344	0
Saido	27	250	312227	748248	0
Saido	6	695	227661	827968	0
Saidoke	27	545	305766	743188	0
Saidoke	27	480	305267	752867	0
Saidoke	27	214	316904	752790	0
Saidolel and Kohala	27	214	316591	750996	0
Saidoli	33	492	289403	785434	0
Saidopur	33	564	259730	835875	0
Saidowal	27	544	313203	753700	0
Saidowal	27	468	319754	755141	0
Saidowal	27	284	318231	755696	0
Saidowal	27	355	310941	756524	0
Saidowal Khurd	27	468	319547	755028	0
Saidpur	13	588	341745	748942	0
Saidpur	13	289	343182	744571	0
Saidpur	33	116	278443	793867	0
Saidpur	33	445	272460	792650	0
Saidpur	33	445	270782	793517	0
Saidpur	33	370	244594	787434	0
Saidpur	11	466	288454	769651	0
Saidpur	28	463	282033	768145	0
Saidpur	11	439	298426	768985	0
Saidpur	11	667	280934	762693	0
Saidpur	19	326	234252	783244	0
Saidpur	33	458	289802	774230	0
Saidpur	33	697	288652	776433	0
Saidpur	28	288	281903	757748	0
Saidpur	27	704	308650	763944	0
Saidpur	33	174	277193	776369	0
Saidpur	33	613	284575	779573	0
Saidpur	33	523	281268	778062	0
Saidpur	33	593	277583	788470	0
Saidpur	33	174	273654	778295	0
Saidpur	33	682	275095	787842	0
Saidpur	33	445	273071	789987	0
Saidpur	33	686	267324	795612	0
Saidpur	33	710	260825	796295	0
Saidpur	33	389	273176	787063	0
Saidpur	33	621	255620	795332	0
Saidpur	33	444	251184	804075	0
Saidpur	33	698	255081	811622	0
Saidpur	33	479	258923	827797	0
Saidpur	33	526	269845	782922	0
Saidpur	4	718	250031	837749	0
Saidpur	31	271	196228	787360	0
Saidpur	33	33	255962	826242	0
Saidpur	33	33	257323	824786	0
Saidpur	33	301	265197	807619	0
Saidpur	11	500	283538	765916	0
Saidpur	33	553	290572	781875	0
Saidpur	13	289	340612	740795	0
Saidpur	33	637	263459	814230	0
Saidpur	33	698	258609	812022	0
Saidpur	33	464	289169	782794	0
Saidpur	33	622	287528	784832	0
Saidpur	33	622	283979	787332	0
Saidpur	33	31	265645	815020	0
Saidpur	33	637	266039	816461	0
Saidpur	33	605	266322	817220	0
Saidpur	33	605	267931	818510	0
Saidpur	33	575	262925	821009	0
Saidpur	33	575	262876	821850	0
Saidpur	33	575	263608	823877	0
Saidpur	33	479	258394	830391	0
Saidpur	33	532	265509	826059	0
Saidpur	33	532	264593	826945	0
Saidpur	33	575	262454	825463	0
Saidpur	33	479	261021	827459	0
Saidpur	33	532	265222	828611	0
Saidpur	33	532	263339	827939	0
Saidpur	33	479	263092	831895	0
Saidpur	33	479	260020	831631	0
Saidpur	33	479	261169	831772	0
Saidpur	33	516	260592	837054	0
Saidpur	13	477	323263	754239	0
Saidpur	33	626	253388	816041	0
Saidpur	33	584	253877	817938	0
Saidpur	20	185	212649	746926	0
Saidpur	27	468	318563	751402	0
Saidpur	27	468	318573	751316	0
Saidpur	27	214	316753	751127	0
Saidpur	27	214	316398	751857	0
Saidpur	27	544	313196	752137	0
Saidpur	27	284	316355	756517	0
Saidpur	33	488	277612	807619	0
Saidpur	27	284	313971	759708	0
Saidpur	27	283	310086	761480	0
Saidpur	27	624	307381	763247	0
Saidpur	27	608	306729	766467	0
Saidpur	33	724	288723	780462	0
Saidpur	4	615	260649	843034	0
Saidpur	4	363	256034	846379	0
Saidpur	4	734	251912	845925	0
Saidpur	4	520	257412	849934	0
Saidpur	4	457	271449	844109	0
Saidpur	33	116	282412	790333	0
Saidpur	33	329	285036	794111	0
Saidpur	33	329	283793	794026	0
Saidpur	33	329	284387	794621	0
Saidpur	4	615	262921	846402	0
Saidpur	33	329	287603	795005	0
Saidpur	33	329	285739	795769	0
Saidpur	33	329	286378	796061	0
Saidpur	33	656	286293	797022	0
Saidpur	33	329	280638	795206	0
Saidpur	33	516	259261	841828	0
Saidpur	4	734	251582	848157	0
Saidpur	4	117	250231	848207	0
Saidpur	4	507	250948	849839	0
Saidpur	4	495	250657	856262	0
Saidpur	4	117	246938	850462	0
Saidpur	4	117	247337	851342	0
Saidpur	4	106	247913	854473	0
Saidpur	4	495	249975	855382	0
Saidpur	4	510	255284	862386	0
Saidpur	4	510	253644	861857	0
Saidpur	4	727	255436	865640	0
Saidpur	33	278	267168	791592	0
Saidpur	4	641	260016	873966	0
Saidpur	4	582	250534	870263	0
Saidpur	4	520	258825	850350	0
Saidpur	4	520	257239	851190	0
Saidpur	14	570	248843	871716	0
Saidpur	4	507	251778	850464	0
Saidpur	4	507	251449	850933	0
Saidpur	4	507	251784	850965	0
Saidpur	4	495	251891	851800	0
Saidpur	4	507	250743	851814	0
Saidpur	4	687	257998	853672	0
Saidpur	4	687	256089	853032	0
Saidpur	4	581	255102	852856	0
Saidpur	4	687	256133	853713	0
Saidpur	4	495	253834	853057	0
Saidpur	4	581	254820	854342	0
Saidpur	4	495	253744	854794	0
Saidpur	4	495	252268	852537	0
Saidpur	4	495	251835	853947	0
Saidpur	4	136	259988	856666	0
Saidpur	4	581	254058	857331	0
Saidpur	4	495	253550	857163	0
Saidpur	33	659	275545	800147	0
Saidpur	4	136	256099	856296	0
Saidpur	33	445	272190	791834	0
Saidpur Alma	33	464	289232	783881	0
Saidpur Bagholi	33	445	273072	789986	0
Saidpur Barji	33	479	261440	831488	0
Saidpur Barwalian	11	482	302144	768226	0
Saidpur Bhitri	33	532	263357	825953	0
Saidpur Bijuli	4	687	258541	852962	0
Saidpur Burhai	33	698	256326	811086	0
Saidpur Dabra	4	396	253207	871793	0
Saidpur Dumra	4	687	258569	855189	0
Saidpur Ganesh	4	687	256654	852610	0
Saidpur Gangu	33	622	287548	784758	0
Saidpur Gaonri	33	464	289221	783932	0
Saidpur Imma	33	622	287622	785343	0
Saidpur Jadid	27	544	313215	752285	0
Saidpur Jagdishpur	4	687	257132	852742	0
Saidpur Jairam	33	622	287494	786237	0
Saidpur Jaskoli	33	622	286714	785618	0
Saidpur Kalan	33	458	288861	773259	0
Saidpur Kalan	33	575	261924	823617	0
Saidpur Kani	33	329	282423	793277	0
Saidpur Khadar	33	492	289166	787465	0
Saidpur Khajuria	33	329	283362	794755	0
Saidpur Khurd	33	458	289241	773959	0
Saidpur Khurd	33	329	288387	794578	0
Saidpur Mafi	33	553	290726	785005	0
Saidpur Masallah	4	581	256103	851744	0
Saidpur Mira	33	553	295538	783211	0
Saidpur Misrpur	33	637	261185	816931	0
Saidpur Mulana	27	704	309630	763681	0
Saidpur Naughara	4	112	245937	842360	0
Saidpur Pachmai	33	698	256322	811633	0
Saidpur Pachtaur	33	661	275448	794711	0
Saidpur Pakariya	4	106	248979	853824	0
Saidpur Patera	4	687	257969	852748	0
Saidpur Piare Lal	33	329	285305	794325	0
Saidpur Purai	33	31	267481	813904	0
Saidpur Rahmandadpur	33	661	275592	794200	0
Saidpur Rajauli	4	687	257312	852663	0
Saidpur Ramnagar	33	116	283056	787798	0
Saidpur Rasidpur	33	532	264735	828586	0
Saidpur Saraura	33	329	285231	794810	0
Saidpur Shahidan	11	482	301325	766972	0
Saidpur Umran	33	532	262968	826193	0
Saidpur Zahid	4	136	257737	857783	0
Saidpura	27	608	305896	768714	0
Saidpura	33	431	300076	774060	0
Saidpura	33	525	295568	776388	0
Saidpura	34	574	298003	778638	0
Saidpura	34	574	299077	779157	0
Saidpura	19	208	242656	775794	0
Saidpura	33	694	252807	830724	0
Saidpura	33	694	253163	831631	0
Saidpura	19	509	251371	787305	0
Saidpura	33	553	295112	783790	0
Saidpura	33	492	290708	788191	0
Saidpura	13	588	341155	747938	0
Saidpura	27	250	312419	748762	0
Saidpura	33	525	294736	775744	0
Saidpura	27	624	305860	764274	0
Saidpura	33	431	301185	775672	0
Saidpura	4	520	258193	846044	0
Saidpura	33	116	280244	791718	0
Saidpura	4	615	262064	845417	0
Saidpura	4	567	251980	861819	0
Saidpura	27	214	317041	747713	0
Saidpura	4	581	254774	852164	0
Saidpura	4	687	258083	856056	0
Saidpuri	33	553	296483	782155	0
Saidpuri	33	553	294563	783152	0
Saidpuro	11	439	297005	769525	0
Saidra	33	464	285932	784204	0
Saidraja	33	694	252555	833487	0
Saidrampur	4	734	250899	847191	0
Saiduke Hithar	27	3	304659	740460	0
Saidullaganj	33	329	282827	792349	0
Saidullah Kalota	27	284	319988	755687	0
Saidullahpur	33	269	271286	824313	0
Saidullahpur	33	605	266381	823861	0
Saidullahpur	27	284	317411	755856	0
Saidullahpur	33	312	279126	809057	0
Saidullahpur	33	488	276952	808595	0
Saidullahpur	33	31	270987	812720	0
Saidun Alias	12	39	319022	764716	0
Saidup	14	678	237750	841301	0
Saidupur	11	88	303883	771936	0
Saidupur	33	694	250389	832778	0
Saidupur	33	33	255309	826275	0
Saidupur	4	520	258758	847640	0
Saidupur	33	329	282754	794686	0
Saidupur	33	329	285769	796239	0
Saidupur	33	451	281065	796844	0
Saidupur Kurmian	33	329	283682	795585	0
Saidupur Tanda	31	75	185164	779807	0
Saiduru	15	333	142722	749392	0
Saidwain	13	76	340222	745472	0
Saidwapur	33	522	270728	820697	0
Saidwar	33	496	269428	835841	0
Saidwara	33	605	267925	821919	0
Saidwara	33	312	278073	802714	0
Saidware	33	152	267389	828554	0
Saif Khanpur	33	584	255693	820686	0
Saif Saraiyan	33	31	265861	815294	0
Saifabad	33	645	264706	798203	0
Saifabad	31	408	174025	784578	0
Saifabad	33	584	254098	821591	0
Saifabad	33	152	266230	826377	0
Saifabad	33	152	266267	826404	0
Saifabad	27	544	314069	752466	0
Saifabad	27	355	310418	757952	0
Saifabad	4	495	250099	852478	0
Saifabad	4	687	255981	853054	0
Saifabad Khas	33	688	260188	822743	0
Saifanpur	33	532	265353	828443	0
Saifanpur	33	532	265390	828542	0
Saifganj	4	112	248454	845039	0
Saifganj	4	117	245111	846818	0
Saifganj	4	641	262082	872234	0
Saifkhan Sarai	33	622	285816	785999	0
Saifkhanpur	33	584	255769	819664	0
Saifpur	33	431	297881	774654	0
Saifpur	33	479	257259	831084	0
Saifpur	33	694	254876	832797	0
Saifpur	33	31	269079	814274	0
Saifpur	33	492	290270	785727	0
Saifpur	33	116	282411	787879	0
Saifpur	33	479	260023	831227	0
Saifpur	33	672	291300	779919	0
Saifpur	33	523	280221	783925	0
Saifpur Banjar	33	553	295795	780645	0
Saifpur Chittu	33	492	287237	787908	0
Saifpur Palla	33	492	287543	788324	0
Saifpure	33	389	271277	787877	0
Saifuddinpur	33	526	273878	782765	0
Saifudipur	27	543	303710	764492	0
Saifullah	4	641	259873	875145	0
Saifullahganj	33	116	280739	787608	0
Saifullahganj	33	116	282791	786615	0
Saifullahganj	33	575	262933	821217	0
Saifulpur	27	624	304870	764450	0
Saiganipalli	31	557	182967	791860	0
Saiganj Chak	33	626	255467	814981	0
Saigaon	20	78	205127	747920	0
Saigaon	20	34	186583	764246	0
Saigaon	19	142	216170	797500	0
Saigaon	20	139	208302	795186	0
Saigaon	20	390	209396	798144	0
Saigaon	20	110	204408	798763	0
Saigaon	20	134	204447	799481	0
Saigaon	20	168	206880	802363	0
Saigarh	33	619	251040	814651	0
Saigari	34	179	305862	797827	0
Saigata	20	110	206155	797844	0
Saigavhan	20	112	203928	751484	0
Saigawan	33	523	279353	784391	0
Saigawan	33	417	256378	792727	0
Saigawan	20	141	205836	790557	0
Saighatra	14	476	227060	843076	0
Saigohan	19	443	216808	776157	0
Saigohan	19	443	217065	777327	0
Saigudem	31	128	176342	790707	0
Saiha	6	365	215796	820816	0
Saihabad	33	686	268545	793866	0
Saihala	33	301	262841	808432	0
Saihariya ka Pura	19	459	262293	777324	0
Saihati	35	4	224800	886058	0
Saihla	13	640	331553	750302	0
Saihmali	19	497	250533	815395	0
Saihri Hardo	33	522	270639	824468	0
Saihroli	19	322	262140	786555	0
Saijalpur	33	522	269583	823374	0
Saijana	33	451	279572	799852	0
Saijanpur	33	31	270147	812944	0
Saijasar	28	519	288220	746749	0
Saijbar	4	491	261907	877922	0
Saijidpura	13	289	341039	740369	0
Saijna	34	617	289592	799401	0
Saijpur	28	429	265348	769463	0
Saijpur	10	155	223608	728187	0
Saijpura	28	115	265458	766607	0
Saikal Gauntia	33	329	282507	796618	0
Saikamvaripalle	1	190	140372	786564	0
Saikata	14	276	227604	854352	0
Saikhandara	19	443	218416	779993	0
Saikharauni	4	520	259498	848852	0
Saikhed	20	127	199932	771426	0
Saikhed	19	317	218519	759113	0
Saikheda	20	67	202876	778085	0
Saikhede	20	54	200154	740100	0
Saikhera	20	110	202698	798875	0
Saikhera	19	338	238675	783001	0
Saikhgarhi	33	644	277228	784594	0
Saikhil	34	589	299056	790330	0
Saikhoa Ghat	3	441	277548	955979	0
Saiki	20	139	209126	791933	0
Saiki	4	520	258510	848605	0
Saikkara	16	211	86542	767846	0
Saikul	21	95	250575	940302	0
Saikura	34	413	296877	793168	0
Saikuwa	4	597	253286	839131	0
Sail	13	485	332176	744267	0
Sail	12	267	313819	772883	0
Sail	13	359	326675	752324	0
Sail	19	142	220367	807607	0
Sail	12	348	327429	760161	0
Sail	12	348	325786	761676	0
Sail	12	348	325063	761754	0
Sail	12	348	324776	762643	0
Sail	12	279	313279	768432	0
Sail	12	514	307764	775124	0
Sail	34	413	298163	796189	0
Saila	28	330	253244	723639	0
Saila	34	430	306046	778318	0
Saila	6	374	223950	823046	0
Saila	19	354	219822	798255	0
Saila	19	142	222001	805506	0
Saila	6	374	227206	821738	0
Saila	6	384	229359	840070	0
Sailab Singh	33	522	269393	817601	0
Sailada	25	243	190634	839776	0
Sailada	1	453	184454	839104	0
Sailai	33	593	276172	788757	0
Sailak	33	31	272894	813065	0
Sailakha	33	688	259965	823435	0
Sailakha	33	575	263077	823897	0
Sailakhera	19	325	223082	787596	0
Sailan	34	430	303983	779917	0
Sailan	11	482	299915	767117	0
Sailan	13	1	336184	743845	0
Sailangaon	34	589	301075	789664	0
Sailani	19	317	219942	756211	0
Sailapara	6	374	224019	823008	0
Sailar	33	682	275255	786213	0
Sailariguda	25	499	193648	821555	0
Sailatola	19	354	219864	798246	0
Saildah	33	496	272128	833309	0
Sailendrasarai	25	674	207547	869949	0
Sailgaon	33	312	278573	808466	0
Saili	7	225	202447	730315	0
Saili	13	559	328529	749931	0
Saili	13	640	329599	748776	0
Saili	34	589	299852	786722	0
Saili	12	267	315353	771124	0
Saili	12	348	327136	760723	0
Saili Puarli	12	348	324629	763740	0
Sailkuna	34	692	298984	796873	0
Sailli	12	-1	322585	756639	0
Sailmai	33	445	269857	788699	0
Sailmal	35	347	243232	879820	0
Sailong	25	281	212169	860916	0
Sailopur	4	112	247726	845266	0
Sailot	33	593	275885	788658	0
Sailpar	6	455	211510	804872	0
Sailtia	19	325	220477	783631	0
Sailu	20	616	198635	771177	0
Sailwan	4	112	246819	845617	0
Sailwar	19	607	245586	827642	0
Sailwara	33	688	257819	814449	0
Sailwara	19	461	226870	807009	0
Sailwara	19	449	226844	811836	0
Saim Samut	13	485	334310	743191	0
Saimaha	19	484	258058	786858	0
Saimai	19	484	257843	785117	0
Saimara	20	110	201870	798059	0
Saimara	6	388	217680	830564	0
Saimasa	33	312	278333	811179	0
Saimasa	33	488	277718	811960	0
Saimasa Parsehri	33	488	276015	809029	0
Saimasi	33	605	266380	816991	0
Saimla Khurd	28	113	274691	769319	0
Sain	33	694	253295	831835	0
Sain	33	242	254026	829938	0
Sain	33	242	254072	829926	0
Sain	13	640	334524	747422	0
Sain	12	267	317631	768405	0
Sain	12	267	316512	769096	0
Sain	34	413	295521	791939	0
Sain	34	530	292436	798515	0
Sain	4	581	253601	851084	0
Sain Ahir	33	522	269914	824795	0
Sain Berauna	4	687	259904	851985	0
Sain Chak	4	582	250153	870825	0
Sain Chak	4	581	255733	851006	0
Sain Jot	33	152	266366	826489	0
Sain Ka Takia	33	488	276436	807703	0
Sain Khan	34	530	294047	795180	0
Sain Pura	33	522	271253	820762	0
Sain Purwa	33	312	279809	811455	0
Sain Purwa	33	282	276044	815199	0
Sain Purwa	33	595	276005	819784	0
Sain Purwa	33	522	271332	818447	0
Sain Takia	33	654	264993	811721	0
Sain Tola	20	168	215289	799993	0
Saina	33	417	257442	790085	0
Saina	33	724	287264	779904	0
Saina	33	451	278754	795834	0
Saina	33	621	256259	795398	0
Saina	4	394	250376	839147	0
Saina	33	102	247169	832727	0
Saina	28	163	234576	741002	0
Saina	4	394	248527	840424	0
Sainadoni	14	434	242495	861845	0
Sainagar	20	132	208971	777420	0
Sainaiya Ahmad	33	531	288210	791091	0
Sainaiya Chak	33	531	288205	791021	0
Sainaiya Sukh	33	531	288287	791105	0
Sainal	13	477	324744	755859	0
Sainapur	33	688	257345	821307	0
Sainapuram	1	25	165810	812028	0
Sainar	13	1	337756	742544	0
Sainar	34	589	299843	786804	0
Sainar	34	413	295963	796261	0
Sainbarsa	33	488	274897	812185	0
Sainbasa	33	626	254838	814395	0
Sainbasi	33	698	256317	811387	0
Sainbasi	33	698	257677	806356	0
Sainbasi	33	698	259696	809097	0
Sainbasi	33	31	271551	811769	0
Sainda	33	312	278043	801426	0
Sainda	14	310	232073	847602	0
Saindari	33	622	287265	786214	0
Saindhar	34	589	298703	789867	0
Saindhatoli	14	740	233451	848777	0
Saindhura	19	484	256753	782792	0
Saindih	4	495	250732	855689	0
Saindih	4	117	250248	852036	0
Saindola	33	116	283518	789002	0
Saindur	33	31	272020	810228	0
Saindwar	33	553	291431	782465	0
Sainfi	33	278	268211	792626	0
Sainga	13	359	331282	751224	0
Saingaon	34	589	299037	790390	0
Saingaon	33	282	274550	814279	0
Saingarm	19	338	239920	791266	0
Saingarpura Bara	28	429	265829	769471	0
Saingarpura Chhota	28	429	265748	769464	0
Saingawan	19	484	259901	786270	0
Saingi	12	514	305874	775459	0
Saingni	33	531	288813	789905	0
Sainhata	33	316	294406	773396	0
Saini	33	626	256631	813288	0
Saini	19	568	227227	780978	0
Saini	33	575	264565	818341	0
Saini	33	280	273509	826870	0
Saini	4	535	263688	863831	0
Saini	4	636	257164	865876	0
Saini Ka Lahr Doli	12	315	317765	759972	0
Saini Majra	27	608	308849	766255	0
Saini Majra	11	664	302880	766614	0
Saini Majra	12	604	310396	766420	0
Saini Majra	5	751	307550	767569	0
Saini Mazra	27	704	310307	765999	0
Sainia	33	152	266772	825819	0
Sainian di Kothe	13	559	325964	748942	0
Sainiaur	12	348	324134	764964	0
Sainibas	34	574	299322	779925	0
Sainid Hajimaddin Sahib	13	146	338482	750821	0
Sainien de Kothe	13	559	325778	748822	0
Sainigunta	30	184	130672	788243	0
Sainion ki Dhani	11	586	284984	767524	0
Sainipara	25	572	203115	824718	0
Sainipara	19	129	226564	748024	0
Sainipura	28	288	283173	754610	0
Sainiwas	11	415	288268	755386	0
Sainiya ka Purwa	33	698	257371	811689	0
Sainj	12	653	317672	773022	0
Sainj	34	589	298791	786222	0
Sainj	12	267	313453	773203	0
Sainj	12	267	313984	773133	0
Sainj	12	460	313386	774459	0
Sainj	12	460	311478	772861	0
Sainj	12	460	311526	773259	0
Sainj	12	460	310733	773906	0
Sainj	12	460	310419	773730	0
Sainj	12	604	309508	771531	0
Sainj	12	514	306483	773530	0
Sainj	12	514	307285	774764	0
Sainj	34	430	306377	778096	0
Sainj	34	430	306346	778681	0
Sainj	12	267	313173	769737	0
Sainj	34	-1	310021	778197	0
Sainj	12	460	309830	776721	0
Sainj	12	460	308098	776234	0
Sainj	34	430	308498	777699	0
Sainj	34	430	309462	778541	0
Sainj	34	430	308051	779005	0
Sainj	34	413	295492	795729	0
Sainjalpur	33	389	271177	785698	0
Sainjana	34	617	288918	794375	0
Sainjanan	33	451	280280	797021	0
Sainjani	33	622	284305	787156	0
Sainjani	34	617	289113	794361	0
Sainjani	34	617	288863	797302	0
Sainjanian	33	116	281087	794587	0
Sainjar	34	430	306987	779478	0
Sainji	12	267	313036	771210	0
Sainji	12	460	312077	777925	0
Sainji	34	589	300702	789690	0
Sainjli	12	267	313197	773074	0
Sainjna	33	492	287850	789334	0
Sainjna	33	531	288305	793155	0
Sainjnan	33	656	285897	797663	0
Sainjnan	33	656	286606	798829	0
Sainjni	33	116	279774	793424	0
Sainjni	33	531	288252	790433	0
Sainjni	33	492	290581	787395	0
Sainjni	33	282	271923	816120	0
Sainjni	33	329	287506	794150	0
Sainjni Bankati	33	656	286805	798795	0
Sainjri	12	460	312397	770494	0
Sainkhal	34	413	299099	793757	0
Sainkheda	19	443	216055	780915	0
Sainkheda	19	317	216548	759578	0
Sainkhera	19	503	229589	785782	0
Sainkhera	19	443	217775	780947	0
Sainkhera	19	326	232501	784248	0
Sainkhera	19	326	230750	786280	0
Sainkhera	19	325	215027	787602	0
Sainkhera	19	30	214707	764683	0
Sainkhera	19	30	213163	764963	0
Sainkhera	19	338	238345	788640	0
Sainkul	25	281	211169	861327	0
Sainkura	34	413	297374	792393	0
Sainl Majra	27	543	302895	763080	0
Sainmura	6	676	202034	817956	0
Sainnathpur	33	152	267038	824127	0
Saino	4	396	251134	870108	0
Sainoli	11	722	279645	774944	0
Sainoli	34	413	294756	798723	0
Sainpader	25	373	204641	841935	0
Sainpal	11	689	288534	763616	0
Sainpara	25	373	203252	840772	0
Sainpat Billa	33	316	293431	771672	0
Sainpur	33	451	276351	796738	0
Sainpur	28	429	267843	767837	0
Sainpur	33	431	296587	776804	0
Sainpur	33	531	288884	791101	0
Sainpur	33	644	274888	779469	0
Sainpur	33	659	274955	799560	0
Sainpur	33	619	253641	808564	0
Sainpur	33	242	254149	827370	0
Sainpur	33	605	265448	821157	0
Sainpur	33	532	264885	823560	0
Sainpur	33	314	266805	834717	0
Sainpur	33	654	260592	812629	0
Sainpur	33	116	281644	793717	0
Sainpur	4	615	259139	844522	0
Sainpur	33	488	274561	807208	0
Sainpur	33	686	266563	794133	0
Sainpur	33	686	265195	794431	0
Sainpur	33	312	278938	804719	0
Sainpur Shamshpur	33	532	263697	827018	0
Sainpura	19	502	234290	796657	0
Sainpura	19	484	258985	785243	0
Sainpuri	28	463	277294	766317	0
Sainsa	11	482	299990	766460	0
Sainsa	34	430	306454	778619	0
Sainsarpur	33	548	271835	794593	0
Sainsarwal	27	543	302745	762227	0
Sainsasasan	25	580	200660	858972	0
Sainseratoli	14	416	229612	850461	0
Sainspuri	34	589	299943	783347	0
Sainta	33	626	255493	815279	0
Sainta	12	348	328953	761687	0
Saintala	25	380	204442	833583	0
Saintar	33	314	265476	833670	0
Saintari	12	460	311187	775733	0
Sainth	13	559	327758	745104	0
Sainth	12	604	311846	767363	0
Saintha	33	526	271795	778410	0
Saintha	33	637	261480	816662	0
Saintha Dandi	33	116	278643	793993	0
Sainthakhera	33	531	289666	789677	0
Sainthal	28	679	270361	762962	0
Sainthal	12	267	313049	772042	0
Sainthal	12	460	312570	772910	0
Sainthali	28	463	276380	766789	0
Sainthali Ka Bas	28	463	276550	766890	0
Sainthli	11	353	294981	759937	0
Sainthli	33	464	288160	785132	0
Sainthli	13	529	333506	751770	0
Sainthra	28	113	272838	775568	0
Sainthra	33	661	274772	793515	0
Sainthwa	33	532	263572	830784	0
Sainti	12	348	323869	760572	0
Saintoli	33	531	288650	793148	0
Saintoli	14	310	231178	841804	0
Sainwa	33	174	277227	775879	0
Sainwala	12	514	305440	772541	0
Sainwala	12	514	304911	775175	0
Sainwali	12	514	305562	774673	0
Sainyar	33	417	253547	785678	0
Saipader	25	373	204730	841347	0
Saipai	33	278	269518	789678	0
Saipala	25	572	208277	826769	0
Saipali	25	478	210838	834506	0
Saipara	19	395	244623	775046	0
Saiparsapla	13	477	323452	754952	0
Saipathar	13	573	342635	749596	0
Saipet	31	61	179708	794066	0
Saipeta	31	75	187583	783585	0
Saiphal	20	67	198685	782498	0
Saipung	22	419	253147	926698	0
Saipur	19	607	240500	826667	0
Saipur	28	463	274658	766457	0
Saipur	28	679	269925	768742	0
Saipur	33	686	265612	796065	0
Saipur	33	445	270228	790911	0
Saipur	19	313	245440	805649	0
Saipur	33	31	266310	812558	0
Saipur	13	651	337671	749936	0
Saipur	14	379	245223	848220	0
Saipur	35	347	242334	877653	0
Saipura	28	339	254516	756863	0
Saipura	28	339	253931	754992	0
Saipura	19	323	255862	767444	0
Saipura	19	484	257596	783796	0
Saipura	33	445	274191	790811	0
Saipura	33	661	274214	794615	0
Saipura	19	459	262627	775118	0
Saipura	33	710	259425	792336	0
Saipura	19	462	250478	792218	0
Saipura	19	638	251233	799012	0
Saipura	19	462	246958	792886	0
Saipura	19	638	246813	795447	0
Saipura	33	370	249295	785697	0
Saipura	19	512	249476	803390	0
Saipura	19	512	248735	805399	0
Saipura	19	313	248118	807060	0
Saipura	19	313	246432	806897	0
Saipura	28	120	269835	759247	0
Saipura	28	609	240828	744907	0
Saipura	19	648	229086	766446	0
Saipura Kalan	19	638	246514	794744	0
Saipuri	28	263	261741	742060	0
Sair	6	695	228005	830160	0
Sair	13	559	329509	743650	0
Sair	11	614	299360	762951	0
Sair	33	488	273310	810071	0
Sair	12	279	313359	768413	0
Sair	33	656	283235	797308	0
Sair Binhoni	33	522	273211	820836	0
Sair Purwa	33	488	274812	812620	0
Sair Salaiya	19	324	249997	772122	0
Saira	33	242	254095	828376	0
Saira	13	359	329262	749848	0
Saira	33	314	266608	831196	0
Saira	35	397	254597	878722	0
Saira	4	495	253874	853943	0
Saira Gormura	25	683	215108	850609	0
Sairaiya	33	532	264104	822608	0
Sairapar	33	280	272197	830558	0
Sairapur	33	654	260902	808923	0
Sairapur	33	522	269825	823838	0
Sairara	19	638	241952	791095	0
Sairara	19	502	240795	793159	0
Sairawan	11	606	283466	769186	0
Sairawan ki Dhani	11	606	283345	769086	0
Saireddiguda	31	62	172624	781480	0
Saireddigudem	31	100	168989	787900	0
Saireddipalli	31	240	177617	797790	0
Sairep	23	14	228229	928211	0
Sairganj	33	488	272904	808671	0
Sairgudem	20	-1	193172	799602	0
Sairi	34	430	305615	778437	0
Sairi	12	604	310782	770511	0
Sairi	33	31	272186	814319	0
Sairi Gahna	33	314	265427	833808	0
Sairigam	1	453	185018	839793	0
Sairiya	33	314	266912	831457	0
Sairki	34	430	303496	781367	0
Sairon	33	314	265821	832379	0
Sairon ka Tonk	28	428	258593	741380	0
Sairora	19	638	246425	792427	0
Sairpur	33	698	259590	806374	0
Sairpur	19	646	244322	819961	0
Sairupur	33	152	268726	825398	0
Sairwala	33	553	297311	783729	0
Saisa Subkara	33	619	252675	813893	0
Saisar	4	394	253491	840680	0
Saisauli	33	488	272477	808435	0
Saishwar	20	139	207454	790780	0
Saisingi	25	349	190340	839386	0
Saismalpur	33	575	262361	824340	0
Saispur	28	22	240650	740885	0
Sait	20	132	208946	775532	0
Sait	13	477	325317	753857	0
Saita	4	117	244287	843446	0
Saitana	20	182	212719	744224	0
Saitapatti	33	27	254287	835029	0
Saitapur	33	575	260849	822776	0
Saitgarhi	33	174	278424	777331	0
Saith Bandh	33	27	255554	836736	0
Saitha	4	718	250135	836370	0
Saithan	19	503	229374	786039	0
Saithaul	4	457	272190	844367	0
Saithaulia	33	623	268605	828662	0
Saithiapur	33	659	273700	799914	0
Saithmau	33	31	268062	812272	0
Saitholia	33	152	268951	827683	0
Saithu	4	597	253617	838916	0
Saithwar Tola	33	515	264413	837291	0
Saiti	13	477	327287	755225	0
Saiti Kiratpur	33	31	272578	811323	0
Saitingia	25	373	203398	841599	0
Saitna Salaunja	4	567	250069	861027	0
Saitna Salaunja	4	567	249895	861023	0
Saitola	20	168	215027	801416	0
Saitola	20	168	213218	801366	0
Saitola	20	168	208340	801957	0
Saitola	20	134	205915	801500	0
Saitoli	14	476	224827	841701	0
Saitoli	14	310	228628	847670	0
Saitopa	14	276	227991	856325	0
Saitpalya	15	43	130125	776282	0
Saitpur	33	451	278662	798126	0
Saitpur	27	544	315626	754525	0
Saitthad	22	162	255429	925360	0
Saitu	21	470	250338	938933	0
Saiuwo	28	519	286355	751588	0
Saiwan	20	110	200480	792129	0
Saiwar	28	120	270109	759333	0
Saiwara	28	22	243889	733466	0
Saiwara	20	132	213327	778670	0
Saiya	33	444	254595	806572	0
Saiya Dhanka	33	686	267208	795361	0
Saiyad Alipur	33	654	259909	814384	0
Saiyad Arifpur	33	314	267662	833473	0
Saiyad Bokhara	33	516	260995	837963	0
Saiyad Muhammadpur	4	687	257057	855015	0
Saiyad Qasimpur	33	688	258651	816161	0
Saiyad Yasinpur	33	688	258223	813861	0
Saiyadganj	33	314	269037	834923	0
Saiyadgaon	20	132	210371	773694	0
Saiyadpur	33	553	295476	784123	0
Saiyadpur Sakri	33	548	269933	799864	0
Saiyadwala	34	430	303319	780303	0
Saiyan	33	526	269434	779420	0
Saiyan ka Pura	33	526	269512	779492	0
Saiyan Kaiyan	13	36	335904	749307	0
Saiyanpur	33	575	260441	822116	0
Saiyapur	33	522	270717	820294	0
Saiyapur	33	688	260058	821204	0
Saiyara	4	112	248718	845246	0
Saiydpur	33	654	260053	813591	0
Saiyid Alipet	31	386	177098	782593	0
Saiyid Alipur	33	654	259585	812259	0
Saiyid Chincholi	15	71	174024	767961	0
Saiyid Haji Akbar	13	289	343200	744644	0
Saiyid Jalalpur	27	480	310268	752347	0
Saiyid Khan	33	605	267652	819741	0
Saiyid Khanpur	33	27	256929	837933	0
Saiyid Malik Shah	13	289	342573	743726	0
Saiyid Malikpur	33	479	257428	829921	0
Saiyid Moj Ali jo Tala	28	274	251680	709560	0
Saiyid Muhammad	27	480	310110	751772	0
Saiyid Nagli	33	464	286699	783979	0
Saiyid Purwa	33	654	260237	814782	0
Saiyid Purwa	33	659	276283	801638	0
Saiyid Sarawan	33	626	254879	816316	0
Saiyid Shahabuddin	13	289	342745	744059	0
Saiyidan na Pathra	13	0	344277	739311	0
Saiyidnagar	33	531	289790	791934	0
Saiyidnagar	33	637	265059	816266	0
Saiyidnagar	33	531	289716	789851	0
Saiyidnagar	33	282	278418	813995	0
Saiyidnagar	33	531	290105	790768	0
Saiyidnagar Banjar Patti	33	531	288976	789749	0
Saiyidpur	19	202	217402	762874	0
Saiyidpur	33	33	256764	827849	0
Saiyidpur Behta	33	654	264374	810243	0
Saiyidpur Kehri	33	445	270242	787860	0
Saiyidpur Pahari	33	451	278902	796606	0
Saiyidpur Paran	33	445	270318	787884	0
Saiyidwala	27	3	301294	741035	0