Saknepalli	31	90	189286	794571	32385
Sakleshpur	15	652	129412	757847	24931
Sakti	6	388	220266	829609	21955
Sakri	20	185	209910	743148	21764
Sakharkherda	20	49	202056	763976	14719
Sakoli	20	390	210871	799915	14636
Sakri	6	279	221054	820821	12861
Sakkimangalam	30	264	98812	781924	10854
Sakit	33	682	274346	787790	7811
Saktasanala	10	145	227874	708033	5786
Saka	19	317	217473	760626	0
Saka	19	317	217361	760691	0
Saka	25	373	202079	844001	0
Saka Khera	33	301	263958	810207	0
Sakad	19	317	213999	759938	0
Sakad	19	239	216549	750413	0
Sakada	25	373	198932	836942	0
Sakadapadar	25	349	198037	835376	0
Sakaddi	4	363	255771	847554	0
Sakadehi	19	443	219884	778552	0
Sakadi	25	373	206756	843148	0
Sakadi	25	373	200592	843689	0
Sakaha	33	659	274902	800267	0
Sakaha Dih	33	522	273050	821881	0
Sakahara	4	582	250691	870583	0
Sakal	4	505	250067	863837	0
Sakal Bigha	4	117	246539	848327	0
Sakal Jeypuram	25	243	188398	839431	0
Sakala	27	468	317000	754124	0
Sakala Kottapalle	1	25	165969	810290	0
Sakalalu	15	333	140385	750340	0
Sakalapuram	15	352	146167	764680	0
Sakalatapalli	15	71	169278	773910	0
Sakaldah	33	269	274684	826807	0
Sakaldipa	14	379	242525	844916	0
Sakalenahalli	15	652	129086	761228	0
Sakaleru	6	577	181578	810838	0
Sakalgaon	20	53	194764	761264	0
Sakalgarh	34	692	299602	796518	0
Sakalguda	31	62	172662	782352	0
Sakali Kommuvalasa	1	453	186439	839172	0
Sakali Seripalli	31	100	169303	787509	0
Sakali Seripalli	31	100	169209	787563	0
Sakalpalle Malepalle	1	308	164045	806729	0
Sakalpalli	31	306	168606	779841	0
Sakalpalli	31	144	163778	781844	0
Sakalupura	28	429	266045	772528	0
Sakalvada	15	59	148618	742409	0
Sakam	14	434	246862	859946	0
Sakam	14	434	246804	860014	0
Sakambahar	14	476	224347	846346	0
Sakamurivaripalem	1	6	150446	797379	0
Sakan Pirhi	14	673	241786	841838	0
Sakanan	12	514	309098	772765	0
Sakanayakanahalli	15	652	134452	762474	0
Sakandi	19	610	240279	810675	0
Sakando	12	514	305981	775816	0
Sakandon ka Khera	28	402	250200	745328	0
Sakani	28	493	239366	739963	0
Sakania	34	617	290372	791880	0
Sakanpalli	31	128	175572	791095	0
Sakanyani	34	589	298208	786588	0
Sakao	12	39	322186	762181	0
Sakapuram	31	63	188238	791856	0
Sakar	13	1	338238	741075	0
Sakar	19	317	214114	760023	0
Sakar	10	125	221031	740055	0
Sakar	34	413	296958	796439	0
Sakar	34	530	292126	797305	0
Sakar	34	533	294434	798554	0
Sakar Bariya	19	202	217520	761373	0
Sakar Ghati	33	282	272403	816488	0
Sakarajoda	25	373	198013	836643	0
Sakarapur	33	488	275460	809420	0
Sakarara	28	550	253330	740200	0
Sakarara ka Khera	28	550	253210	740281	0
Sakaravipalem	1	68	163824	809295	0
Sakarbasa	4	510	256397	860717	0
Sakarboga	6	17	218340	834892	0
Sakarda	19	326	234310	784390	0
Sakarda	19	208	235151	780927	0
Sakardah	33	152	268143	824616	0
Sakardara	20	390	215402	798405	0
Sakardha	19	354	220058	794090	0
Sakardi	33	575	260209	823973	0
Sakardih	6	384	229713	840288	0
Sakardih	4	520	258632	847137	0
Sakardih	4	112	250203	847021	0
Sakardih	4	495	252280	853546	0
Sakardina	4	410	261572	870868	0
Sakardina	4	569	258055	863602	0
Sakardoh	20	127	202527	774542	0
Sakarevu	1	258	180454	825815	0
Sakarevu	1	194	185595	831188	0
Sakargaon	19	317	219057	758893	0
Sakargarh	28	298	254595	753216	0
Sakargarh	28	550	256226	740032	0
Sakarha	33	626	255691	815319	0
Sakarha	33	626	255764	815364	0
Sakari	19	502	242015	794074	0
Sakari	25	373	204754	842917	0
Sakari	25	373	203721	844687	0
Sakaria	19	313	245961	809083	0
Sakaria	33	654	260010	813769	0
Sakaria	28	298	251967	743678	0
Sakariya	19	607	244450	824183	0
Sakarja	14	732	241200	852443	0
Sakarjima	19	497	248239	811427	0
Sakarkhedi	19	317	217750	758362	0
Sakarkheri	19	635	228025	758877	0
Sakarkhori	4	112	249585	844763	0
Sakarkiari	25	373	202219	845500	0
Sakarkoni	14	712	243054	837890	0
Sakarla	20	139	214141	790860	0
Sakarla	20	390	213755	796003	0
Sakarlohar	4	569	260144	860883	0
Sakarmahu	20	132	214778	773987	0
Sakarol	34	430	305563	779206	0
Sakarpada	14	541	233771	851229	0
Sakarpar	33	280	271282	830418	0
Sakarpara	14	541	234432	855535	0
Sakarpila	19	576	235114	799614	0
Sakarpur	4	117	244147	845009	0
Sakarpur	14	541	232070	850137	0
Sakarpur	4	518	253847	865023	0
Sakarpur	14	310	230920	845065	0
Sakarra	6	388	219450	829734	0
Sakarra	6	279	220371	820221	0
Sakarri	6	388	219465	829842	0
Sakarsi	33	645	266099	797405	0
Sakarsi	33	575	261208	821363	0
Sakarsi	28	493	235929	737247	0
Sakartunga	6	611	214786	832693	0
Sakarua	33	523	277250	778241	0
Sakarvayi	20	110	197149	793190	0
Sakarwa	33	174	275077	774303	0
Sakarwali	4	636	257581	865765	0
Sakarwalia	4	590	258933	876873	0
Sakarwar	19	336	233528	808245	0
Sakarwara	6	627	206481	815840	0
Sakarwara	19	325	222692	791905	0
Sakarwara	19	337	237697	799116	0
Sakarwara Bagulihal	33	548	269878	796641	0
Sakarwat	19	497	246035	811723	0
Sakas	4	394	249054	839786	0
Sakat Bewar	33	445	272236	793229	0
Sakat Bhairon	19	509	255047	788515	0
Sakat Himmatpur	33	698	259742	807172	0
Sakat Pura	33	314	263153	834463	0
Sakata	19	354	218221	796751	0
Sakati	30	215	125657	777094	0
Sakatia	33	515	262915	841332	0
Sakatia Bahadurpur	33	451	281442	797861	0
Sakatiha	33	488	273947	806364	0
Sakatkheri	19	309	234456	764329	0
Sakatola	19	142	217384	803688	0
Sakatpur	33	116	277521	792106	0
Sakatpur	33	116	278619	794681	0
Sakatpur	33	445	270540	792750	0
Sakatpur	33	548	269124	795449	0
Sakatpur	28	487	248313	765116	0
Sakatpur	19	324	248025	768772	0
Sakatpur	19	459	263949	777921	0
Sakatpur	33	116	279987	789198	0
Sakatpur	33	389	271552	787901	0
Sakatpur	33	526	271610	778496	0
Sakatpur	33	278	267959	788789	0
Sakatpur	28	599	267734	779004	0
Sakatpur	19	420	257418	775267	0
Sakatpur	19	324	246723	772992	0
Sakatpur	33	682	274901	787299	0
Sakatpur	19	502	240239	793515	0
Sakatpur	19	326	233314	779950	0
Sakatpur	19	568	228383	778007	0
Sakatpur	19	512	244962	800918	0
Sakatpur	33	654	262118	808832	0
Sakatpur	33	31	267502	814753	0
Sakatpur	33	654	265131	813266	0
Sakatpur	33	637	265512	813884	0
Sakatpur	33	464	286224	783909	0
Sakatpur	33	522	270435	816974	0
Sakatpur	33	622	287340	784999	0
Sakatpur	33	622	284484	786258	0
Sakatpur	33	116	282564	786904	0
Sakatpur	33	280	273896	826540	0
Sakatpur	33	152	270817	827163	0
Sakatpur	33	280	271862	828920	0
Sakatpur	33	605	266406	822004	0
Sakatpur	33	532	263065	824440	0
Sakatpur	33	479	261543	828610	0
Sakatpur	33	329	284523	792601	0
Sakatpur	33	116	280532	793237	0
Sakatpur	33	329	283894	795393	0
Sakatpur	33	656	285378	797625	0
Sakatpur	19	-1	250447	804986	0
Sakatpur	33	659	274237	800428	0
Sakatpur Bawad	28	463	280196	764986	0
Sakatpur Sakit	33	682	274263	788063	0
Sakatpura	33	531	289597	791914	0
Sakatpura	33	-1	258940	788873	0
Sakatpura	33	492	290611	788960	0
Sakatpura	33	515	263871	836276	0
Sakatraipur	4	569	261787	862470	0
Sakatua	33	531	289021	793350	0
Sakauli	33	31	267580	814699	0
Sakaun	13	559	327472	750801	0
Sakaur	4	491	262102	878437	0
Sakauta	12	348	325662	761005	0
Sakauti	33	316	296251	771438	0
Sakauti	33	672	291851	777156	0
Sakauti	34	574	296942	778609	0
Sakauti	33	672	291565	778789	0
Sakauti Purwa	33	522	270555	819305	0
Sakavaripalli	15	422	138541	779444	0
Sakavulapalli	15	422	137783	777974	0
Sakchi	24	84	264039	948499	0
Sakda	6	494	229659	822147	0
Sakda	31	160	194643	790686	0
Sakdari	4	505	248239	861502	0
Sakdena	34	530	295191	794148	0
Sakdena	34	533	293471	799476	0
Sake	14	416	228181	854887	0
Sake	14	740	233905	845529	0
Sakegaon	20	112	201134	749560	0
Sakegaon	20	78	210429	757394	0
Sakel	13	477	324821	757349	0
Sakelli	31	100	166447	789504	0
Sakeni	25	527	204412	848248	0
Sakeora	35	4	223167	887836	0
Sakera	19	509	251314	788258	0
Sakera	20	134	201368	801865	0
Sakera	12	315	318579	760062	0
Sakera Khurd	19	509	252521	786540	0
Sakeragaon	19	638	248392	798999	0
Sakeratola	20	134	201405	801951	0
Sakeri	6	723	219819	817869	0
Sakeri	6	279	222567	817762	0
Sakeri	19	309	232824	764845	0
Sakeria	19	512	246472	802770	0
Sakes	25	273	196361	832222	0
Saket	8	745	285189	772131	0
Saket	33	672	289870	777263	0
Saket	19	568	226324	777552	0
Saket	6	723	220008	819729	0
Sakethu	33	312	279163	809780	0
Saketi	6	279	220051	819782	0
Saketi	19	607	244202	827015	0
Saketri	11	565	307469	768480	0
Sakevarapalli	15	422	137438	778090	0
Sakh	28	120	267847	759487	0
Sakha	19	502	237242	796027	0
Sakha	6	490	215599	810326	0
Sakha	19	142	220171	807798	0
Sakha	14	483	240586	869332	0
Sakha Mai	33	116	283143	787698	0
Sakha Purwa	33	488	274072	808020	0
Sakhadehi	19	354	219138	795983	0
Sakhadongar	25	478	210694	828260	0
Sakhai	24	7	258802	945034	0
Sakhai Khera	33	685	270395	806001	0
Sakhaila	33	33	257678	828082	0
Sakhaitanr	14	434	243331	859349	0
Sakhakhudra	19	142	217807	806280	0
Sakhalu	24	7	259751	945126	0
Sakham Chak	4	581	253256	849600	0
Sakhan	32	247	238041	921598	0
Sakhan	33	417	258951	789494	0
Sakhan Kalan	33	431	297400	776503	0
Sakhan Khurd	33	431	297353	776639	0
Sakhan Sobhapur	33	622	284748	785240	0
Sakhan Sobhapur Khalsa	33	622	284718	785093	0
Sakhantal	28	519	283666	754148	0
Sakhanu	33	116	279554	792265	0
Sakhanwan	4	117	245637	849653	0
Sakhapuri	19	317	214453	756852	0
Sakhar	20	67	201813	787673	0
Sakhar	20	67	199309	788497	0
Sakhar	20	67	198811	791259	0
Sakhar Bahuli	20	110	204066	791216	0
Sakhara	20	616	198381	767635	0
Sakhara	20	67	200996	785701	0
Sakhara	33	492	286197	788219	0
Sakhara	4	394	250989	842864	0
Sakhara	4	394	251010	842506	0
Sakhara	4	394	249091	841584	0
Sakharam Tanda	20	151	188383	770015	0
Sakhardih	4	106	246142	853296	0
Sakhardoh	20	110	202167	790334	0
Sakhare	20	187	199095	728126	0
Sakhari	20	132	210680	774462	0
Sakharitoli	14	628	230819	859347	0
Sakharkheda	20	139	213497	783447	0
Sakharu	33	314	268819	833588	0
Sakharua	33	314	266779	832421	0
Sakharua	33	314	265261	833026	0
Sakharvihira	20	169	204168	771066	0
Sakharwa Buzurg	33	314	263617	834389	0
Sakharwadi	20	64	180525	743332	0
Sakharwai	20	110	200215	791563	0
Sakhatola	19	142	220133	807806	0
Sakhatora	25	572	208129	825198	0
Sakhatpura	33	278	264572	791102	0
Sakhatpura	34	530	292311	793395	0
Sakhau Khera	33	654	262380	808931	0
Sakhauhan	19	607	240149	824824	0
Sakhaula	33	656	287275	798354	0
Sakhauli	12	514	306155	775825	0
Sakhauli	33	548	269776	798151	0
Sakhauli	33	539	268295	835977	0
Sakhauli Kalan	33	575	261879	822629	0
Sakhauli Khurd	33	575	261897	822684	0
Sakhauna	33	278	268379	788963	0
Sakhauna	33	496	270906	834063	0
Sakhauna	33	314	265767	831989	0
Sakhauna	33	515	265773	836475	0
Sakhauni	33	688	257813	816371	0
Sakhaura	33	196	251655	825961	0
Sakhauta	33	282	272684	816095	0
Sakhavaram	1	6	151462	798128	0
Sakhawa	4	117	248121	848675	0
Sakhawatpur	33	389	272620	783370	0
Sakhed	20	138	189064	777347	0
Sakhelipur	4	718	252249	834126	0
Sakhelipur	4	718	251171	835077	0
Sakhera	33	659	272394	799713	0
Sakhera	20	134	204969	800299	0
Sakhetoli	14	541	231303	850381	0
Sakhetoli	14	416	231881	852508	0
Sakhetu	33	312	279530	804075	0
Sakhi	28	360	289607	728766	0
Sakhi	6	-1	235332	817263	0
Sakhi	20	67	202276	785228	0
Sakhi	19	610	240459	814006	0
Sakhi Buzurg	20	67	201211	785719	0
Sakhi Gopal	25	580	199590	858195	0
Sakhi Khurd	14	570	249957	872045	0
Sakhi Pir	13	1	336215	741176	0
Sakhi Sakrauli	19	-1	265476	790100	0
Sakhi Sultanpur	33	644	276055	783859	0
Sakhia	33	613	285031	777898	0
Sakhia	33	479	261063	832224	0
Sakhia	28	22	245578	739530	0
Sakhia	33	656	283221	798541	0
Sakhiaon	33	698	259083	810172	0
Sakhiar	12	348	323207	761424	0
Sakhigopal	25	580	199463	858147	0
Sakhigopinath	25	546	214770	839875	0
Sakhikura	4	505	248444	862330	0
Sakhimghoshpokhra	35	452	243925	879919	0
Sakhin Buzurg	33	645	263749	796252	0
Sakhincharpara	35	397	254996	878908	0
Sakhinetipalle	1	293	164244	817189	0
Sakhipara	25	373	203181	841126	0
Sakhipur	33	389	273961	786591	0
Sakhipur	33	31	267896	814858	0
Sakhira	27	250	313783	748777	0
Sakhiret	33	269	275059	821672	0
Sakhitola	25	546	214703	839833	0
Sakhlon	19	208	240573	776971	0
Sakhmohan	4	136	256325	859859	0
Sakhnapur	33	31	268265	812314	0
Sakhni	19	465	257658	781823	0
Sakhni	33	564	258620	833954	0
Sakhni	33	515	265676	840065	0
Sakhnor	19	420	251499	776661	0
Sakho Maira	11	565	308142	768829	0
Sakhoda	6	374	228850	825244	0
Sakhohan	33	619	253120	813185	0
Sakhoi	33	33	256753	827987	0
Sakhoi	14	673	241995	841691	0
Sakhol	4	518	251925	864129	0
Sakhopar	33	539	269015	836563	0
Sakhotoli	14	310	232476	847712	0
Sakhowal	27	468	317143	753937	0
Sakhpur	10	209	215643	715244	0
Sakhra	20	67	199572	785391	0
Sakhra	20	134	202537	799917	0
Sakhra Khurd	20	67	201044	783439	0
Sakhrahna	33	31	267256	815663	0
Sakhras	13	146	338197	752338	0
Sakhrewadi	20	151	191624	766182	0
Sakhri	12	267	315507	767768	0
Sakhri	20	110	199949	798850	0
Sakhri Agar	20	226	173708	732213	0
Sakhua	4	394	251406	842764	0
Sakhua	4	363	254693	846391	0
Sakhua	4	394	252729	840672	0
Sakhua	14	673	241226	841013	0
Sakhua	4	410	261734	867624	0
Sakhua	4	636	258358	866713	0
Sakhua	4	632	259493	867197	0
Sakhua	4	632	259656	866667	0
Sakhua	4	636	258489	867472	0
Sakhua	4	636	258508	868347	0
Sakhua	4	632	258503	869184	0
Sakhua	4	396	251335	871662	0
Sakhua	33	312	277582	804399	0
Sakhuadohar	14	379	242189	846125	0
Sakhuahitoli	14	678	239355	846747	0
Sakhuana	4	597	253614	839205	0
Sakhuana	4	363	252444	845702	0
Sakhuani	4	457	272829	842975	0
Sakhuania	4	457	271470	845677	0
Sakhuapur	33	516	258125	838381	0
Sakhuatola	4	590	256630	871411	0
Sakhuatoli	14	416	229386	850818	0
Sakhudih	14	434	242011	859100	0
Sakhui	33	496	271215	833066	0
Sakhui	33	314	269773	832742	0
Sakhui	14	673	241320	841044	0
Sakhui Bazar	33	539	269559	838901	0
Sakhui Buzurg	33	280	272742	827337	0
Sakhui Khurd	33	280	272760	827300	0
Sakhui Misir	33	539	269452	838885	0
Sakhumallatimmapuram	1	259	171967	821385	0
Sakhun	28	120	267046	750969	0
Sakhuri	4	636	257972	867594	0
Sakhuwan	4	394	250517	840186	0
Sakhwa	19	461	225852	803764	0
Sakhwa	4	382	265026	845630	0
Sakhwa	4	117	244110	851185	0
Sakhwa	4	136	257366	862621	0
Sakhwahi	14	379	241846	845576	0
Sakhwanian	33	539	267901	839699	0
Sakhwanian Khurd	33	539	267819	839855	0
Sakhwapanitoli	14	310	233278	842617	0
Sakhwara	28	599	268421	778594	0
Sakhwiakhanr	14	712	244501	837186	0
Saki	1	194	187816	837455	0
Saki	14	377	235954	853983	0
Sakia	14	310	227925	847968	0
Sakia Bakia	33	479	256567	831257	0
Sakibad	14	732	240531	857318	0
Sakilova	25	305	188974	833213	0
Sakin Jhuni	4	590	258511	874466	0
Sakinda	34	589	299778	788099	0
Sakini	25	527	202556	848233	0
Sakipur	33	522	268255	820180	0
Sakipur	33	479	260253	831068	0
Sakiput	1	258	180895	825850	0
Sakirevulapalem	1	259	174294	823424	0
Sakirganj	4	112	248347	845490	0
Sakiri	25	527	200587	849933	0
Sakirna	4	569	258204	863002	0
Sakirpur	35	347	241460	877810	0
Sakiskundru	25	273	196152	832141	0
Sakist	17	8	345458	764986	0
Sakitra	33	174	275045	774607	0
Sakivalasa	1	176	183474	832295	0
Sakivanipeta	1	453	182615	838552	0
Sakka	33	566	283286	776100	0
Sakkaivayal	30	436	100696	788522	0
Sakkal	12	348	324631	762783	0
Sakkalatti	30	114	113444	767442	0
Sakkamanayakkanpatti	30	183	107208	780843	0
Sakkamapatti	30	189	99250	776039	0
Sakkamcheruvu	1	307	164784	817061	0
Sakkammalpatti	30	189	98818	774933	0
Sakkammalpuram	30	201	90403	781231	0
Sakkammalpuram	30	201	86589	780224	0
Sakkammalpuram	30	201	86967	780485	0
Sakkampatti	30	109	120805	784891	0
Sakkampatti	30	427	108485	782344	0
Sakkampatti	30	436	99915	784597	0
Sakkan	15	69	121027	775828	0
Sakkanahalli	15	93	125096	770706	0
Sakkandi	30	436	98777	784461	0
Sakkandi	30	436	98675	788365	0
Sakkangudi	30	175	114193	796148	0
Sakkanurani	30	264	99414	779741	0
Sakkanwali	27	592	305733	745909	0
Sakkapichchanpatti	30	183	103152	782864	0
Sakkapur	33	27	257878	835792	0
Sakkara	15	246	140267	768670	0
Sakkarahalli	15	352	150255	761195	0
Sakkaraikkavundanpalaiyam	30	204	112593	775299	0
Sakkaraikkottai	30	427	107719	782353	0
Sakkaraikkuppam	30	180	125637	785853	0
Sakkaraipalaiyam	30	204	114869	775057	0
Sakkaraipalaiyam	30	227	110545	777231	0
Sakkaraipalaiyam	30	427	110178	779209	0
Sakkaraisamantam	30	254	108090	790903	0
Sakkaraitamadai	30	192	121029	790579	0
Sakkarakottai	30	118	96663	781513	0
Sakkaramangalam	30	175	114605	793684	0
Sakkarapalaiyam	30	223	111260	779341	0
Sakkarappatti	30	189	100509	775383	0
Sakkardara	20	139	211255	791094	0
Sakkare	15	74	125134	762432	0
Sakkarepatna	15	97	134309	759228	0
Sakkarga	15	71	175424	764127	0
Sakkarkheri	19	635	227835	760389	0
Sakkarpur	4	687	257915	854028	0
Sakkattamruttu Kombai	30	51	118527	784149	0
Sakkatu	15	248	135370	747712	0
Sakkavundanpalaiyam	30	204	112460	778270	0
Sakke	19	449	228991	808949	0
Sakkianwali	27	250	315224	751791	0
Sakkilippatti	30	183	102496	780001	0
Sakkilitankal	30	109	118713	785141	0
Sakkiliyakulam	30	264	99730	781579	0
Sakkiliyanattam	30	264	97940	780859	0
Sakkiliyankodai	30	183	102561	781616	0
Sakkiliyankulam	30	5	92643	785794	0
Sakkiliyappatti	30	201	92618	780402	0
Sakkilnatham	30	215	124966	783925	0
Sakkinayakkanpettai	30	254	111071	794710	0
Sakkiramallur	30	158	128608	794128	0
Sakkirapani	30	436	96844	786132	0
Sakkirapuram	30	197	122507	794196	0
Sakkiray	30	223	112784	783446	0
Sakkottai	30	254	109431	793993	0
Sakkottai	30	436	100927	788552	0
Sakkudi	30	264	98651	782245	0
Sakkur	30	436	97167	787010	0
Sakla	33	102	243691	831441	0
Sakla	13	358	330816	756930	0
Sakla	4	394	251880	843796	0
Sakla	4	675	263140	846547	0
Sakla	4	675	263211	846546	0
Sakla Sionara	31	271	196249	789137	0
Sakladih	14	628	228179	859745	0
Saklanhia	33	488	274256	808485	0
Saklani	34	530	292796	796216	0
Saklapahar	14	633	247177	875140	0
Saklapur	4	734	251618	846338	0
Saklapur	33	656	282949	799430	0
Saklapura	15	333	137690	754683	0
Saklaur	6	365	215559	819545	0
Saklavaram	30	159	129827	799842	0
Sakle	34	413	298648	793331	0
Sakli	20	78	211705	756299	0
Sakli	19	443	214236	777222	0
Sakli Purwa	33	31	269330	815668	0
Sakli Umbar	20	182	217442	740154	0
Saklipur	33	31	269422	815887	0
Sakliya	12	514	306570	773499	0
Saklorapalli	31	557	183625	790492	0
Saklyani	34	589	299397	791412	0
Sakma	4	590	259969	876627	0
Sakma	4	590	258662	876542	0
Sakmandai	19	443	223002	780954	0
Sakmunda	34	589	298671	786741	0
Sakmuthi	3	631	265167	930167	0
Sakmuthigoan	3	631	265692	929796	0
Sakna	28	298	254585	749758	0
Sakna	33	174	275274	775874	0
Saknaina	34	413	297032	792120	0
Saknapalli	6	80	189256	803119	0
Saknea	14	732	239783	854057	0
Sakneora	34	692	298705	799876	0
Sakni	34	430	305922	778606	0
Sakni	20	169	204933	770783	0
Sakniana	34	589	301047	789447	0
Sakniana	34	589	300702	789868	0
Sakniani	34	413	298711	793492	0
Sakniani	34	530	293525	794662	0
Saknoli	34	589	298949	789282	0
Saknur	20	138	185788	773594	0
Sako	6	374	226967	827218	0
Sakod	20	185	212370	746079	0
Sakodra	28	493	234317	739476	0
Sakoh	12	39	321755	759124	0
Sakok	21	693	248742	943133	0
Sakol	20	156	182827	768842	0
Sakol	12	267	315859	770870	0
Sakola	19	217	231971	819321	0
Sakola	6	725	228137	820767	0
Sakoli	19	208	241102	779270	0
Sakona	6	384	228083	840853	0
Sakonda	25	349	192086	836848	0
Sakonda	25	349	193206	838890	0
Sakong	2	504	274333	928000	0
Sakonia	19	324	243678	771046	0
Sakopara	35	452	247134	879514	0
Sakor	12	514	306827	772914	0
Sakor	19	502	242083	797165	0
Sakor	12	604	313201	769588	0
Sakora	20	54	203329	746931	0
Sakora	33	329	281922	793935	0
Sakore	20	54	206425	740157	0
Sakori	12	604	309761	771916	0
Sakouha Bara	19	313	244039	806642	0
Sakouha Chota	19	313	243919	806552	0
Sakpandu	19	443	223406	781946	0
Sakpurwa	33	539	266936	836692	0
Sakra	20	67	195027	777508	0
Sakra	11	614	298107	766864	0
Sakra	20	141	206890	787767	0
Sakra	19	576	233537	797328	0
Sakra	31	271	193968	783290	0
Sakra	33	659	274247	799696	0
Sakra	33	682	275667	783409	0
Sakra	33	33	257435	822037	0
Sakra	33	564	259984	836731	0
Sakra	20	127	201625	776581	0
Sakra	20	67	202175	777131	0
Sakra	20	127	201478	772230	0
Sakra	20	390	210092	799748	0
Sakra	20	390	208827	799012	0
Sakra	33	370	242894	788425	0
Sakra	31	271	194759	786990	0
Sakra	33	445	271207	792411	0
Sakra	33	33	257860	824226	0
Sakra	33	33	254600	825937	0
Sakra	19	607	242899	824246	0
Sakra	33	33	257271	828976	0
Sakra	20	141	205459	791034	0
Sakra	20	67	198953	779253	0
Sakra	33	280	270401	829859	0
Sakra	33	688	260163	821185	0
Sakra	33	532	264039	827293	0
Sakra	33	532	262228	828556	0
Sakra	33	27	255531	835067	0
Sakra	33	584	255008	819345	0
Sakra	20	78	210669	752312	0
Sakra	12	267	312364	771584	0
Sakra	33	654	262039	813618	0
Sakra	28	263	249179	732884	0
Sakra	4	106	248897	854518	0
Sakra	4	510	256079	861785	0
Sakra	33	659	277708	801254	0
Sakra	14	541	233620	850511	0
Sakra	14	310	231305	843723	0
Sakra	4	636	257687	864854	0
Sakra	4	381	259719	855652	0
Sakra Khor	33	314	263286	834576	0
Sakra Purab	33	532	264027	827333	0
Sakra Rajapur	20	110	204185	791333	0
Sakra Rampur	33	637	261732	819740	0
Sakraba	24	9	256184	943639	0
Sakrad	19	208	240434	780683	0
Sakradhi	25	281	218258	853900	0
Sakrah	12	267	315278	769178	0
Sakrahna	33	488	275759	810448	0
Sakrahni	33	548	270372	797269	0
Sakrahwan	33	619	250207	811897	0
Sakrai	19	309	232905	765297	0
Sakraicha	33	623	266410	830512	0
Sakraicha	4	581	255076	850761	0
Sakraiha	12	348	325315	762895	0
Sakraili	4	641	260773	873690	0
Sakraili	4	590	257978	876560	0
Sakraili	4	602	255617	877027	0
Sakraili	4	602	254327	877373	0
Sakraini	12	267	315875	770455	0
Sakral	12	348	326103	761229	0
Sakrala	27	284	316880	757149	0
Sakrala	12	348	324559	763127	0
Sakrala	12	39	318163	762508	0
Sakrala	12	604	309706	768767	0
Sakrali	27	543	304877	762295	0
Sakrali	6	388	217504	831057	0
Sakrali Buzurg	19	239	216535	747472	0
Sakram	4	560	265025	857950	0
Sakramau	33	479	257997	828188	0
Sakramau	33	584	256708	818870	0
Sakrampur	33	445	270708	794079	0
Sakrampur	33	445	271241	792320	0
Sakrampura	28	302	257980	755270	0
Sakrampura	28	302	259116	752766	0
Sakran	33	488	276641	810572	0
Sakran	33	488	275644	810494	0
Sakrana	12	348	324692	762001	0
Sakrapar	33	515	262369	839570	0
Sakrapar Khurd	33	515	265846	837435	0
Sakrapur	33	659	275498	797346	0
Sakrapur	33	488	274957	806235	0
Sakrar	33	417	253531	788753	0
Sakrar	4	382	268972	847829	0
Sakrar ka Khirak	19	-1	253306	788769	0
Sakrar Ka Khirak	33	417	253391	788734	0
Sakrara	33	33	257276	825307	0
Sakrara	33	488	274831	806731	0
Sakrara	13	1	337923	742262	0
Sakrari	33	694	254610	833963	0
Sakraria	33	269	272469	823545	0
Sakras	11	524	278489	769935	0
Sakrasanhalli	15	47	127983	782177	0
Sakrauda	34	574	300022	778496	0
Sakrauda	33	553	296257	782386	0
Sakraudi	27	571	303151	760126	0
Sakraul	4	457	270938	843698	0
Sakraul	4	457	271383	846523	0
Sakraul	4	495	251301	855187	0
Sakrauli	33	682	273953	783114	0
Sakrauli	33	278	268177	788894	0
Sakrauli	33	659	276085	798133	0
Sakrauli	33	659	274503	798855	0
Sakrauli	4	718	252222	837484	0
Sakrauli	4	394	251901	838318	0
Sakrauli	33	619	253859	808742	0
Sakrauli	33	152	269593	828392	0
Sakrauli	33	532	261979	828497	0
Sakrauli	33	539	267364	836556	0
Sakrauli	33	688	259035	818867	0
Sakrauli	33	314	263593	834767	0
Sakrauli	4	510	256187	860284	0
Sakrauli	4	687	258081	855752	0
Sakrauna	4	602	256389	877669	0
Sakraundi	33	196	251185	830565	0
Sakrauni	33	686	265401	792416	0
Sakraur	33	242	253417	829732	0
Sakraura	12	514	306938	771983	0
Sakraura	33	584	253588	822682	0
Sakraura	33	522	271291	816898	0
Sakraura	33	522	271194	816801	0
Sakraura	33	280	274748	827274	0
Sakraura	4	495	253568	853278	0
Sakraurha	4	507	252599	851132	0
Sakrauri	33	548	269777	798404	0
Sakrauri	33	659	270883	806404	0
Sakrawa	33	548	269873	794119	0
Sakrawa	33	686	267464	793908	0
Sakrawal	33	605	267480	820099	0
Sakrawan	33	637	261721	816778	0
Sakrawan	4	396	251229	871439	0
Sakrawas	28	263	257229	734536	0
Sakraya	33	174	276257	776745	0
Sakrebail	15	333	138364	755125	0
Sakrechiwadi	20	151	191490	765976	0
Sakregaudana Koppal	15	74	124050	763627	0
Sakrehan	12	267	313175	771415	0
Sakrehr	12	39	321276	764211	0
Sakrej	14	732	242092	855358	0
Sakreli	6	388	220162	828487	0
Sakreli Kalan	6	388	220531	829502	0
Sakreli Khurd	6	388	220901	827882	0
Sakreput	1	258	181607	827415	0
Sakrerh	12	279	312555	768653	0
Sakret	12	604	310743	770499	0
Sakreti	12	348	324549	763351	0
Sakreu	12	348	324861	763457	0
Sakri	4	535	262197	860853	0
Sakri	6	365	215354	820979	0
Sakri	19	576	231074	797805	0
Sakri	13	485	333989	744601	0
Sakri	19	338	235904	789869	0
Sakri	19	568	227461	782324	0
Sakri	6	365	216195	821818	0
Sakri	6	299	213535	820702	0
Sakri	6	299	212789	817313	0
Sakri	6	299	210405	816757	0
Sakri	19	354	224640	797096	0
Sakri	20	132	207072	776563	0
Sakri	4	718	250372	838032	0
Sakri	20	67	200250	777115	0
Sakri	20	169	208197	773885	0
Sakri	20	390	214340	797136	0
Sakri	19	313	240486	804802	0
Sakri	33	301	265777	808638	0
Sakri	33	654	259940	813802	0
Sakri	33	269	276592	821830	0
Sakri	33	314	264255	834212	0
Sakri	19	576	232715	800606	0
Sakri	19	576	232821	804962	0
Sakri	19	576	231020	803126	0
Sakri	19	337	239591	805185	0
Sakri	12	39	321740	759016	0
Sakri	19	142	222783	801086	0
Sakri	19	354	222000	800000	0
Sakri	19	461	227695	805028	0
Sakri	19	142	216220	801492	0
Sakri	33	659	272449	806152	0
Sakri	12	348	326788	762542	0
Sakri	12	39	320089	766473	0
Sakri	6	365	217179	818650	0
Sakri	6	365	216005	818860	0
Sakri	6	299	213216	818670	0
Sakri	19	303	232499	761012	0
Sakri	25	305	185056	827042	0
Sakri	4	734	252765	846833	0
Sakri	19	153	220744	743508	0
Sakri	19	153	220750	743796	0
Sakri	4	734	251730	845625	0
Sakri	20	110	198262	792492	0
Sakri	20	78	210228	758384	0
Sakri	1	-1	190550	783429	0
Sakri	14	732	238137	852516	0
Sakri	6	365	214737	820590	0
Sakri Garha	19	337	238142	806609	0
Sakri Jangal	33	116	279633	790509	0
Sakri Kalan	19	576	233979	799370	0
Sakri Khas	12	39	320013	766361	0
Sakri Khurd	33	548	269790	799954	0
Sakri Kuian	33	269	274591	826743	0
Sakri Qasimpur	33	116	279555	790935	0
Sakria	28	210	274889	716937	0
Sakria	28	321	239895	756325	0
Sakria	14	712	242254	837951	0
Sakria	28	22	245754	739924	0
Sakria ki Bagali	28	550	252659	736706	0
Sakriakheri	28	22	246934	739203	0
Sakrialu	12	39	318767	762954	0
Sakridabratola	19	142	218895	806776	0
Sakrigali	4	505	246964	864868	0
Sakrigarh	14	442	252464	876507	0
Sakrikita	14	570	250766	874639	0
Sakrindi	12	267	312789	771157	0
Sakripar	6	455	209914	808856	0
Sakriputtu	1	258	184442	824564	0
Sakritola	20	168	212688	804136	0
Sakritola	19	449	229983	808163	0
Sakritola	19	142	215906	804773	0
Sakritola	20	168	213696	804179	0
Sakriyan	13	690	325741	752654	0
Sakrod	6	642	209950	813391	0
Sakroda	28	550	251457	739794	0
Sakroda	28	550	250639	737821	0
Sakroda	28	22	245691	738561	0
Sakroha	12	267	316143	769768	0
Sakroha	12	279	312740	768833	0
Sakrohra	4	727	256024	868261	0
Sakroi	12	39	318065	764179	0
Sakrora	33	278	266976	793013	0
Sakrorha	4	495	251835	854253	0
Sakrouli	14	310	231581	847927	0
Sakrutola	19	325	222952	792854	0
Saksari	14	310	231437	844048	0
Saksena	19	313	244237	805369	0
Sakshibidu	15	93	126518	763805	0
Saksohara	4	495	253635	857013	0
Sakspur	4	510	256012	860875	0
Sakta Khera	11	563	298953	746376	0
Saktakhal	34	413	296377	791035	0
Saktali	19	311	228888	763923	0
Saktalpur	33	553	290868	781775	0
Saktanpur	33	242	253876	827991	0
Saktapur	19	202	219479	766622	0
Saktapur	19	202	219334	766783	0
Saktapur	19	446	222172	769684	0
Saktapur	33	488	275475	808562	0
Saktapur	19	202	221867	762554	0
Saktapur	19	202	221794	766837	0
Saktar	14	310	229930	843032	0
Saktara	19	512	242844	805013	0
Saktauli	4	675	263838	841524	0
Saktesgarh	33	196	249840	828218	0
Sakti	2	511	276167	917167	0
Sakti	14	712	241363	834652	0
Sakti	33	515	261970	839913	0
Sakti	25	478	210510	828205	0
Sakti	4	117	250073	848885	0
Sakti Bhagdu	19	449	232035	806167	0
Sakti Than	4	495	251553	853251	0
Saktia	19	311	225448	768923	0
Saktia	33	282	276011	814495	0
Saktiapani	19	239	219330	749702	0
Saktigarh	35	361	232090	879734	0
Saktikulamkara	16	528	89258	765501	0
Saktipur	35	452	238584	881958	0
Saktipur	33	152	267637	823569	0
Saktipur	35	452	241268	879438	0
Saktiya	19	446	222868	768971	0
Saktol	35	397	254508	879339	0
Saktu	33	661	276730	791779	0
Saktu	33	370	244597	787032	0
Saktu Ka Nagla	33	174	273077	777315	0
Saktu Nagla	33	531	289495	791013	0
Saktu Nagla	33	492	288611	788780	0
Saktu Nangal	27	214	317709	748885	0
Saktu Purwa	33	282	277387	814137	0
Saktupur	33	595	276459	819636	0
Saku Majra	27	704	307749	764746	0
Sakuahi	4	117	245888	846186	0
Sakuchi	4	495	251054	855977	0
Sakud	20	34	187829	764305	0
Sakuili	33	661	272263	793646	0
Sakul	13	36	337111	750936	0
Sakula	34	530	292702	796293	0
Sakulapalem	1	258	177110	822210	0
Sakuli	19	509	254774	788724	0
Sakuli	34	530	295031	795716	0
Sakuli Khirak	19	509	254819	788651	0
Sakulpur	33	698	259817	809210	0
Sakuna	34	413	296909	799051	0
Sakunavalli	15	333	146269	751095	0
Sakundi	12	460	313138	774728	0
Sakuni	34	413	297274	794699	0
Sakunitimmanahalli	15	92	135118	773165	0
Sakunitola	4	396	252305	874094	0
Sakunta	31	557	185349	791768	0
Sakur	20	150	193483	742990	0
Sakur	20	67	202094	779755	0
Sakur	20	138	197061	779726	0
Sakur	20	54	205542	747897	0
Sakurevallu	1	258	176298	820342	0
Sakuri	20	54	204083	746378	0
Sakurli	20	141	206845	788259	0
Sakurpur	33	697	288417	776377	0
Sakurta	34	589	302349	788431	0
Sakuruade	13	485	331937	740992	0
Sakusingha	25	372	206872	844946	0
Sakut	19	568	224683	779541	0
Sakvad	20	185	213207	748485	0
Sakwa	33	575	261561	821560	0
Sakwah	19	461	224865	803373	0
Sakwah	19	461	225655	808949	0
Sakwahtola	19	461	224800	803225	0
Sakwal	33	661	273223	794709	0
Sakwapur	33	488	275710	809007	0
Sakwara	10	170	232524	740820	0
Sakwara	28	22	247105	739306	0
Sakyang	35	473	271289	886010	0
Sakyong	29	28	275667	884000	0