Sarwar	28	428	262425	751288	20372
Sarwa	13	690	325317	749667	0
Sarwa	12	460	310492	774893	0
Sarwa	12	514	309135	773907	0
Sarwa	19	322	264260	783610	0
Sarwa	19	465	258523	781963	0
Sarwa	33	116	279760	788164	0
Sarwa	19	638	244779	792738	0
Sarwa	33	445	272473	791367	0
Sarwa	33	196	251782	826423	0
Sarwa	33	282	274891	816152	0
Sarwa	33	116	283211	789122	0
Sarwa	33	532	265025	823765	0
Sarwa	33	605	266500	824660	0
Sarwa	13	35	332113	758845	0
Sarwa	28	163	232087	746873	0
Sarwa	6	365	216943	824989	0
Sarwa	33	659	271300	806369	0
Sarwa	33	488	272582	808258	0
Sarwa	33	488	273077	808876	0
Sarwa	33	31	272078	812425	0
Sarwa	12	267	315267	768211	0
Sarwa	33	116	280684	792560	0
Sarwa	33	488	273521	806404	0
Sarwa	33	659	276643	800886	0
Sarwa	14	541	234069	849941	0
Sarwa C.	28	163	232242	745856	0
Sarwa Dih	33	584	256165	821321	0
Sarwa Dih	33	152	268492	824049	0
Sarwa Gauhan	33	584	256962	817888	0
Sarwa Gauhan	33	584	257072	817991	0
Sarwa Jalalpur	33	488	273733	809470	0
Sarwa Misirpur	33	688	256998	821239	0
Sarwa Nagla	33	523	280475	778922	0
Sarwa Nala	33	444	256077	809555	0
Sarwa Pipra	33	515	262176	838988	0
Sarwa Tappa Tigain	33	645	265083	799015	0
Sarwad	10	145	229800	707000	0
Sarwad	15	80	167101	756393	0
Sarwada	14	416	229263	853287	0
Sarwadag	14	416	232188	851634	0
Sarwadi	20	53	197283	762057	0
Sarwadih	6	365	216304	823077	0
Sarwadih	4	520	257857	848205	0
Sarwadih	4	136	258975	860749	0
Sarwag	12	514	307286	775056	0
Sarwahan	33	479	259978	828927	0
Sarwahan	12	267	317141	768853	0
Sarwahda	33	654	259664	812785	0
Sarwahi	19	610	240875	814865	0
Sarwahi	19	610	241054	814708	0
Sarwahi	19	610	240982	814819	0
Sarwahi	19	449	232155	805247	0
Sarwahi	19	217	228265	815111	0
Sarwai	19	638	251838	802870	0
Sarwai	33	548	270171	794550	0
Sarwaiya	33	301	265524	808831	0
Sarwal	12	514	306323	775045	0
Sarwal	33	698	257193	808001	0
Sarwal	14	541	232587	854040	0
Sarwal	14	541	232502	854205	0
Sarwala	12	267	318999	768957	0
Sarwali	33	312	277570	812363	0
Sarwali	27	468	318941	751417	0
Sarwali	25	683	215252	851743	0
Sarwan	28	22	241178	733119	0
Sarwan	19	547	234846	748298	0
Sarwan	12	267	315595	770990	0
Sarwan	13	0	345311	744149	0
Sarwan	28	428	257680	740430	0
Sarwan	33	417	253065	784294	0
Sarwan	33	564	259146	836130	0
Sarwan	33	33	254962	825050	0
Sarwan	33	301	265196	808777	0
Sarwan	33	575	263349	820919	0
Sarwan	33	31	271695	810038	0
Sarwan	33	637	262375	813709	0
Sarwan	4	734	252099	846649	0
Sarwan	4	581	254591	848954	0
Sarwan	4	581	253771	850495	0
Sarwan	4	687	258420	854188	0
Sarwan Dih	33	27	257245	836136	0
Sarwan ka Pura	28	429	266557	773255	0
Sarwan Ka Pura	28	429	266108	773265	0
Sarwan Khas	4	117	245276	849779	0
Sarwan Majra	11	439	299227	769724	0
Sarwan Math	4	581	253799	850441	0
Sarwan Singh Purwa	33	282	272441	815324	0
Sarwan Tara	33	595	275419	818739	0
Sarwan Tikta	33	31	267057	815965	0
Sarwana	19	313	246030	809318	0
Sarwanaubati	33	654	262447	811993	0
Sarwand	15	91	146021	755375	0
Sarwandag	4	718	248038	836866	0
Sarwandi	6	676	202921	817214	0
Sarwani	6	388	220251	828301	0
Sarwani	6	388	220519	829542	0
Sarwani	6	279	219630	822136	0
Sarwani	19	420	254655	772588	0
Sarwani	6	365	216750	825054	0
Sarwani	6	669	219313	827754	0
Sarwani	12	39	319933	762564	0
Sarwani	6	17	218532	831896	0
Sarwani	6	17	217508	832703	0
Sarwani Jagir	19	547	231865	750202	0
Sarwanipur	33	242	253955	827636	0
Sarwaniya Maharaj	19	630	245729	749646	0
Sarwannagar	33	685	267462	809078	0
Sarwanpara	6	279	223935	820355	0
Sarwanpur	33	682	275873	788235	0
Sarwanpur	33	698	255907	811894	0
Sarwanpur	33	626	256312	812763	0
Sarwanpur	33	584	251583	822524	0
Sarwanpur	33	242	253449	829088	0
Sarwanpur	33	553	295698	783367	0
Sarwanpur	33	31	266706	814267	0
Sarwanpur	33	605	264883	820326	0
Sarwanpur	33	479	262505	830164	0
Sarwanpur	33	564	260438	836352	0
Sarwanpur	33	31	271029	811349	0
Sarwanpur	33	516	256467	840185	0
Sarwanpur Chaube	33	152	266609	826147	0
Sarwanpur Kurmi	33	637	261549	818103	0
Sarwanpur Pande	33	152	266664	826255	0
Sarwantala	33	532	265720	823356	0
Sarwantola	20	168	213521	805244	0
Sarwapet	31	90	189514	798058	0
Sarwapur	31	58	183636	779929	0
Sarwaqazi	33	626	255276	815582	0
Sarwar	19	497	250362	817241	0
Sarwar Bunhli	12	267	317742	768584	0
Sarwar Buzurg	33	522	269723	823564	0
Sarwar Khurd	33	522	269555	823897	0
Sarwar Pimpalgaon	20	34	192389	763575	0
Sarwara	19	484	256663	786257	0
Sarwara	19	512	243773	802744	0
Sarwara	33	301	265036	808699	0
Sarwara	28	493	237662	739503	0
Sarwaram	31	717	185571	795802	0
Sarwaram	31	717	185500	795891	0
Sarwarapur	13	289	341383	745300	0
Sarwari Purohitan	28	274	260062	724806	0
Sarwaria	4	636	259385	866029	0
Sarwarian Purwa	33	654	260202	811797	0
Sarwarikhera	20	132	216775	773162	0
Sarwarka	28	113	277081	771259	0
Sarwarkhera	34	617	292162	789331	0
Sarwarkhera	34	617	292073	789354	0
Sarwarnagar	33	531	289143	792075	0
Sarwarnagar	33	27	255550	833390	0
Sarwarpur	33	278	269640	791061	0
Sarwarpur	11	425	294804	753223	0
Sarwarpur	27	647	307937	762517	0
Sarwarpur	19	208	241393	775702	0
Sarwarpur	33	27	255511	831206	0
Sarwarpur	33	27	255736	832935	0
Sarwarpur	33	688	258851	821417	0
Sarwarpur	33	152	267151	823812	0
Sarwarpur	33	688	260325	822720	0
Sarwarpur	33	626	253385	815388	0
Sarwarpur	33	488	274302	808099	0
Sarwarpur	4	734	251450	845238	0
Sarwarpur Alampur	33	661	272879	795503	0
Sarwarpur Khas	33	564	261147	835569	0
Sarwas	12	348	328983	761542	0
Sarwasa	4	602	255760	875860	0
Sarwat	33	525	294859	777075	0
Sarwat	6	269	238681	831118	0
Sarwat	14	712	235866	839306	0
Sarwat Khani	33	561	253062	826327	0
Sarwatola	20	168	213728	802326	0
Sarwawan	33	637	262600	818906	0
Sarwawaram	31	241	172526	798130	0
Sarwel	31	128	171618	789296	0