Sar Sara Khas	33	33	255693	824659	0
Sar Sara Muafi	33	33	255668	824675	0
Sarsa	10	155	225449	730694	0
Sarsa	11	482	299325	766647	0
Sarsa	33	526	270872	777544	0
Sarsa	33	661	276334	791771	0
Sarsa	28	599	268076	778585	0
Sarsa	33	196	252191	830663	0
Sarsa	33	102	245134	833914	0
Sarsa	19	646	244548	821327	0
Sarsa	33	282	274623	817217	0
Sarsa	33	31	267469	814236	0
Sarsa	33	31	267335	815012	0
Sarsa	19	449	229219	806966	0
Sarsa	4	615	262378	842836	0
Sarsa	4	505	249268	860446	0
Sarsa	4	112	246833	843021	0
Sarsa	14	633	246694	876504	0
Sarsa	14	541	232238	850389	0
Sarsa	14	483	241544	869340	0
Sarsa	4	505	245091	864875	0
Sarsa Ghogra	11	415	288249	762664	0
Sarsabad	14	643	242996	875246	0
Sarsadh	11	466	291949	767321	0
Sarsadi	10	140	233571	738497	0
Sarsaha	19	313	247600	809100	0
Sarsahela	19	324	243911	771629	0
Sarsai	10	181	213419	706971	0
Sarsai	19	322	264716	790464	0
Sarsai	33	710	261808	794902	0
Sarsai	33	659	274947	797389	0
Sarsai	33	621	257325	799586	0
Sarsai	33	710	259453	797324	0
Sarsai	33	621	256328	795991	0
Sarsai	33	27	256254	830743	0
Sarsai	19	484	255913	786693	0
Sarsai	33	488	274830	805811	0
Sarsai	4	687	257913	853086	0
Sarsai Ban	33	593	277311	787683	0
Sarsai Buzurg	33	698	258004	811023	0
Sarsai Helu	33	278	269966	791806	0
Sarsai Kasht Pathak	33	314	265045	832295	0
Sarsai Khurd	33	698	257975	811042	0
Sarsai Naro	33	593	277274	787770	0
Sarsai Nawar	33	278	269603	792382	0
Sarsaila	33	389	273819	786369	0
Sarsaila	19	502	233911	792761	0
Sarsaini	19	459	264964	777245	0
Sarsainra	33	417	256157	791015	0
Sarsaiya	33	659	272716	801436	0
Sarsajol	14	643	241389	875096	0
Sarsal	33	613	281192	779454	0
Sarsala	13	485	333060	741577	0
Sarsala	19	503	230925	791652	0
Sarsala	13	359	331046	751973	0
Sarsala	31	160	193082	796463	0
Sarsali	28	115	264720	764780	0
Sarsali	19	323	255129	766889	0
Sarsalu	12	267	315653	768448	0
Sarsam Buzarg	20	616	198459	772438	0
Sarsam Khurd	20	616	198576	772470	0
Sarsamba	15	71	175776	764159	0
Sarsan	10	164	231500	731333	0
Sarsan Harani	10	140	231590	738163	0
Sarsan Moti	10	140	231609	738055	0
Sarsan Nani	10	140	231533	737966	0
Sarsan Ranani	10	140	231534	738049	0
Sarsana	11	327	290538	755374	0
Sarsana	11	327	293613	760224	0
Sarsana	31	271	197207	787196	0
Sarsand	19	638	252034	803473	0
Sarsand	33	-1	250670	803439	0
Sarsanda	33	31	269385	812510	0
Sarsandh	33	31	273147	813973	0
Sarsangiguda	25	243	188538	839838	0
Sarsapara	28	163	231948	743026	0
Sarsar	28	519	283383	746641	0
Sarsara	33	33	258024	824250	0
Sarsara	25	478	212995	836102	0
Sarsara	25	262	217130	848245	0
Sarsara	25	372	208017	843055	0
Sarsara	25	372	207858	843039	0
Sarsara Buzurg	33	314	263826	833037	0
Sarsara Khurd	33	314	263802	833047	0
Sarsarah	33	152	267980	823472	0
Sarsaraon	33	152	269257	823445	0
Sarsari	27	480	310037	752783	0
Sarsari	28	428	259602	751044	0
Sarsat	33	282	273794	814213	0
Sarsatia	14	712	243410	837669	0
Sarsatola	19	449	228369	812853	0
Sarsatola	19	217	228046	814768	0
Sarsatpur	33	688	259050	822148	0
Sarsau	10	205	240500	733399	0
Sarsaua	33	659	273553	802145	0
Sarsaud	11	327	293217	758363	0
Sarsaul	33	523	279132	780361	0
Sarsaul	33	242	254122	831731	0
Sarsaula	4	382	267546	849793	0
Sarsauli	33	389	271317	787693	0
Sarsauli	33	698	255405	812049	0
Sarsauli	4	112	248626	843414	0
Sarsaunda	33	33	257680	828398	0
Sarsaundi	33	242	253571	829783	0
Sarsaundi	33	31	269537	810493	0
Sarsauni	4	590	259626	874723	0
Sarsaura	19	509	252451	786145	0
Sarsauti	4	590	259345	872316	0
Sarsawa	33	431	300167	774007	0
Sarsawa	33	451	279869	795130	0
Sarsawa	33	196	248155	825168	0
Sarsawa	33	312	279176	810660	0
Sarsawa	33	685	270268	809737	0
Sarsawa	33	575	262528	824895	0
Sarsawa	12	39	320981	765910	0
Sarsawa	10	140	231058	738446	0
Sarsawa	33	329	281303	795582	0
Sarsawa	4	727	255972	866247	0
Sarsawabar	33	196	250462	829708	0
Sarsawah	33	31	271808	813905	0
Sarsawan	33	593	277805	787934	0
Sarsawan	33	626	254672	812836	0
Sarsawan	33	312	279177	809259	0
Sarsawan	33	451	277530	800586	0
Sarsbal	25	380	205326	834056	0
Sarsehtu	33	31	272017	810777	0
Sarseir	19	638	253085	792970	0
Sarsel	28	163	231793	744566	0
Sarsela	19	395	245935	781178	0
Sarsela	33	710	260927	796456	0
Sarsela	19	512	242998	800638	0
Sarsena	28	429	269827	768634	0
Sarsena	33	564	258434	833788	0
Sarsena Khalsa	33	479	259730	830508	0
Sarsenda	33	621	255859	796954	0
Sarsendi	33	584	252749	817355	0
Sarsendi	33	584	252771	817323	0
Sarseni	6	279	219142	822282	0
Sarseni	6	365	215753	820463	0
Sarseni	6	279	220522	820192	0
Sarsenr	33	370	250240	786179	0
Sarseri	11	664	303459	768825	0
Sarset	33	593	277143	787665	0
Sarsi	11	415	285945	756711	0
Sarsi	19	630	244543	751604	0
Sarsi	20	132	211237	780174	0
Sarsi	19	459	266613	782840	0
Sarsi	33	659	277097	799891	0
Sarsi	33	645	264870	799710	0
Sarsi	20	132	207352	777148	0
Sarsi	19	610	240729	810194	0
Sarsi	33	688	259873	821048	0
Sarsi	33	450	262558	802986	0
Sarsi	33	152	268791	823046	0
Sarsi	13	358	330927	755407	0
Sarsi	19	449	229091	806838	0
Sarsi	19	449	228930	806855	0
Sarsi	19	334	239994	760906	0
Sarsi	19	309	235844	763097	0
Sarsi	4	581	253163	847454	0
Sarsi	4	112	246872	843040	0
Sarsi Dih	33	688	259906	821135	0
Sarsi Istamrar	4	590	258508	872902	0
Sarsi Kham	33	688	259877	821164	0
Sarsia	28	298	255733	751544	0
Sarsia	33	152	269900	825768	0
Sarsia	28	298	255945	753104	0
Sarsia	4	675	263283	845691	0
Sarsiabe	19	16	240200	770099	0
Sarsiboth	20	127	201894	773003	0
Sarsikhan	12	267	318005	767712	0
Sarsilli	19	323	257251	770051	0
Sarsinda	33	605	267237	822351	0
Sarsini	27	608	304533	767809	0
Sarsiri	28	302	259078	754014	0
Sarsiri	28	428	263178	744343	0
Sarsiwa	6	611	216314	829302	0
Sarsiwan	4	363	256610	845920	0
Sarso	4	535	262333	861768	0
Sarsod	28	339	256682	756749	0
Sarsod	19	420	254027	780441	0
Sarsoda	19	326	233050	780036	0
Sarsoda	19	311	229635	762604	0
Sarsodiya	19	309	236449	763731	0
Sarsokhi	33	710	260219	795103	0
Sarson	33	196	249360	828100	0
Sarson	34	413	295926	796640	0
Sarson Malla	34	413	298842	791336	0
Sarson Talla	34	413	298870	791381	0
Sarsona	34	430	305389	778884	0
Sarsona	19	420	253803	781147	0
Sarsona	28	163	232357	746828	0
Sarsonda	28	113	269889	775736	0
Sarsonpur	33	605	266225	820265	0
Sarsonpuri	6	627	207798	816485	0
Sarsopar	33	314	265778	833467	0
Sarsori	34	589	298985	788703	0
Sarsot	13	640	334313	747287	0
Sarsot	14	673	244635	842632	0
Sarsotha	33	116	280921	787515	0
Sarspur	27	468	319289	753701	0
Sarsu	12	514	308462	772103	0
Sarsu	12	514	306643	773708	0
Sarsu	4	117	249259	853626	0
Sarsua	33	605	264911	821616	0
Sarsua	33	672	291457	777650	0
Sarsuba	4	505	248288	864894	0
Sarsud	19	446	220995	769401	0
Sarsunda	28	428	261150	750508	0
Sarsunda	28	298	257987	747850	0
Sarsuva	10	140	234188	738144	0
Sarsuwah	33	444	253464	804140	0
Sarsuwan	19	576	232620	799340	0
Sarswahi	19	576	232166	800886	0
Sarswan	19	576	231996	803322	0
Sarswati	20	49	199928	764953	0