Solan	12	604	309091	771087	40283
Solsumba	10	251	201575	727891	18796
Solap	35	538	221278	881586	13751
Solim	9	24	156152	737674	10936
Solakut	13	0	345391	742553	3973
Sola	13	690	325637	752454	0
Sola	14	673	241200	841760	0
Solabandha	25	292	204211	851675	0
Solabham	1	258	179735	825838	0
Solabommenahalli	15	246	140872	766026	0
Solabu	1	258	176676	822582	0
Solacheri	30	236	89741	775127	0
Solachur	30	180	124360	784586	0
Solag	12	279	313549	768334	0
Solagadia	25	423	200959	845298	0
Solagamputtu	1	-1	183203	823913	0
Solagamputtu	1	258	184342	824772	0
Solagaon	25	292	205214	859803	0
Solagaon	25	277	210910	853114	0
Solagaria	35	347	241160	875887	0
Solagaria	14	633	246480	877780	0
Solagora	25	373	204063	841330	0
Solaguda	25	373	200652	839107	0
Solaguda	25	373	202125	841258	0
Solaguda	25	373	201815	841704	0
Solaguda	25	373	203346	842984	0
Solaguda	25	373	203489	843308	0
Solahala	25	580	199720	857526	0
Solaheri	28	487	247684	767037	0
Solahpur	4	505	249715	858600	0
Solai	25	399	216652	852323	0
Solaiarugavur	30	192	124505	794443	0
Solaikhamar	25	281	216105	855932	0
Solaikkadu	30	183	103361	777513	0
Solaikkadu	30	223	113061	783581	0
Solaikondampalaiyam	30	175	118078	795881	0
Solaikudiyiruppu	30	201	84837	780085	0
Solaikuppam	30	238	125273	801431	0
Solaimadam	30	197	120934	795413	0
Solaimalaiyanpatti	30	201	91467	782188	0
Solaimatti	30	260	113002	786242	0
Solaimudi	30	436	97088	786780	0
Solaiseri	30	118	94188	775035	0
Solaittandavankuppam	30	-1	119532	798380	0
Solaittevanpatti	30	189	98936	774914	0
Solaiyammapatti	30	260	104078	784982	0
Solaiyampalaiyam	30	204	115409	776466	0
Solaiyappakavundanpudur	30	227	109522	773951	0
Solaiyur	30	180	125815	785748	0
Solaiyur	30	154	111493	768115	0
Solaiyur	30	436	97479	786524	0
Solakalipalaiyam	30	204	110613	779032	0
Solakallpalaiyam	30	204	110682	779081	0
Solakavundanpatti	30	118	95990	780045	0
Solaki	28	22	248019	735337	0
Solaki ka Gudha	28	550	254458	739076	0
Solakkappatti	30	215	122753	785030	0
Solakkur	30	175	113205	795911	0
Solala	13	1	335098	741854	0
Solalattur	30	204	116415	772664	0
Solamahu	20	132	213414	773767	0
Solampatti	30	193	102628	787204	0
Solampatti	30	260	110170	784316	0
Solampattu	30	192	126362	793589	0
Solamul	1	258	180496	825995	0
Solamuttanayakkanur	30	183	106440	780363	0
Solana	28	288	280630	755697	0
Solana	33	672	288710	776588	0
Solanaiyur	15	69	120915	775694	0
Solanampattam	30	198	110619	796741	0
Solanda	25	399	209114	847030	0
Solandur	30	5	95725	788543	0
Solandur	30	5	95641	788598	0
Solang	19	607	242056	825587	0
Solang	34	89	309557	778350	0
Solangadu	30	436	100852	789460	0
Solangapalaiyam	30	204	112221	778407	0
Solangbira	14	310	228635	847880	0
Solangheri	11	524	282711	769865	0
Solangi	33	682	275579	791171	0
Solangia	25	373	201049	842042	0
Solankhio ka Khera	28	402	250667	745833	0
Solankhipura	33	282	277838	813382	0
Solankhiyo ka Khera	28	298	252432	747198	0
Solankiyatada	28	331	265367	722695	0
Solankupam	30	197	123565	794270	0
Solankuppam	30	192	124661	790968	0
Solankuppam Mel	30	192	124677	789410	0
Solankuruni	30	264	98067	781198	0
Solanur	30	154	107301	770401	0
Solapa	25	305	185462	825632	0
Solapa	25	305	185263	827971	0
Solapaguda	25	305	185564	829054	0
Solapalaiyam	30	154	112396	771269	0
Solapalaiyam	30	204	113327	774965	0
Solapatia	25	580	199679	862647	0
Solapetia	14	633	244837	877251	0
Solappadi	30	109	121535	780396	0
Solapur	14	442	251192	876903	0
Solapuram	30	118	93757	775598	0
Solapuram	30	201	90517	780233	0
Solar	25	305	187314	829600	0
Solarampatti	30	436	100613	785416	0
Solargandi	19	217	229908	813910	0
Solargop	15	655	151667	750804	0
Solari	12	514	308058	771326	0
Solariyakheri	19	324	243535	768554	0
Solasa	1	10	162294	802177	0
Solaseshanallur	30	257	105365	795689	0
Solattiram	30	175	113669	795085	0
Solavalasu	30	227	109411	776051	0
Solavampalaiyam	30	154	108370	770256	0
Solavan	19	239	215421	751170	0
Solavaram	30	192	124334	790444	0
Solavaram	30	192	125816	794139	0
Solavaram	30	192	127312	796309	0
Solavurani	30	436	96604	786916	0
Solbaga	25	546	219216	843814	0
Solban	13	119	343826	748315	0
Solbandh	25	572	205047	826558	0
Solbandh	25	546	215491	839377	0
Solda	33	370	242852	788191	0
Solda	12	39	322525	760557	0
Soldega	25	262	219536	848053	0
Soldevanhalli	15	43	130912	774875	0
Soldevanhalli	15	375	130071	773506	0
Soldia	25	290	218772	839977	0
Soldia	25	290	217365	837956	0
Solea	14	377	236076	852714	0
Solegeri	15	652	130020	756285	0
Solegundui	14	276	228079	852632	0
Solehpur	33	479	257756	829482	0
Solempur Nawalsingh	33	686	264984	795168	0
Solga	14	310	227527	846880	0
Solgavhan	20	53	197120	761026	0
Solgere	15	603	123569	772905	0
Solghati	28	22	241617	733826	0
Solhadih	6	365	216798	823566	0
Solhanda	4	507	250707	849494	0
Solhani	4	410	260482	865354	0
Solhanpur	33	27	254843	834932	0
Solhra	11	722	281860	775139	0
Solhwa	33	532	264077	830129	0
Soli	28	357	252434	760513	0
Soli	34	413	296514	791877	0
Soli	34	692	298605	795894	0
Solia	10	205	242930	730748	0
Solia	28	428	261753	749992	0
Solia	19	153	224811	746440	0
Solibi Somarajupeta	1	176	181934	834647	0
Soliem	9	24	155366	740453	0
Solikavundanur	30	109	119995	779662	0
Solikuntlapalle	1	426	139166	780171	0
Solim	25	273	198494	833623	0
Solimakulapalli	15	422	137277	778248	0
Solindabad	4	636	258463	865907	0
Solipalaiyam	30	227	111344	772966	0
Solipalaiyam	30	154	106396	770552	0
Solipet	31	241	172751	795221	0
Solipet	31	128	176047	787398	0
Solipi	1	453	186803	838979	0
Solippalaiyam	30	204	113064	776001	0
Solippalaiyam	30	204	112663	776405	0
Solipur	31	62	170387	782110	0
Solipur	31	100	170461	790647	0
Solipur	31	46	172826	798292	0
Solipur	31	178	179524	791500	0
Solipuram	1	-1	159496	782099	0
Soliraspara	6	577	186635	816568	0
Solisettipalli	1	207	128552	783262	0
Solisokkunam	30	197	121677	795877	0
Soliya	28	402	251738	745505	0
Soliyabeh	19	324	243853	769026	0
Soliyakkudi	30	5	97092	789911	0
Soliyampalaiyam	30	204	112406	777158	0
Soliyankottagam	30	198	112154	796381	0
Soliyankottagam	30	198	112180	796568	0
Soliyappakavundanur	30	183	105710	778242	0
Soliyavalasu	30	227	108087	775584	0
Soliyavilagam	30	254	111543	795423	0
Solkandha	4	602	255243	877828	0
Solki	13	485	331570	744264	0
Sollagapeta	1	176	181090	834885	0
Sollahalli	15	603	123642	774592	0
Sollapeta	1	219	178860	830840	0
Sollapura	15	246	142073	763517	0
Sollapura	15	97	137218	760577	0
Sollapuram	1	99	148172	771588	0
Sollebail	15	97	134000	753667	0
Sollepur	15	74	121364	762260	0
Sollepura	15	93	127664	764427	0
Sollepura	15	93	126012	769872	0
Sollepura	15	43	128304	777557	0
Solmara	3	726	263796	912951	0
Solmari	35	397	252848	878969	0
Solna	4	136	256322	858410	0
Solon	33	698	255987	811170	0
Solon	12	604	309053	769817	0
Soloniyan	28	357	248711	762146	0
Solopa	25	305	189440	824624	0
Solopaguda	25	305	189530	827739	0
Solopogam	25	373	202676	843149	0
Solopoguda	25	423	200119	844203	0
Solpaguda	25	108	185738	823292	0
Solpali	25	290	217237	839098	0
Solpali	25	546	215583	839315	0
Solpata	25	405	215618	870591	0
Solpata	25	527	200760	850970	0
Solpiguda	6	578	189572	819841	0
Solpokhari	25	527	203443	850387	0
Solpur	25	297	210397	837937	0
Solpurpili	28	113	276053	771608	0
Solsanda Mota	10	133	240870	729050	0
Solsanda Nana	10	133	240886	728990	0
Solsinda	19	635	228783	758389	0
Solsindi	19	635	229646	759144	0
Solta	12	348	324235	760346	0
Solti	29	85	271371	883380	0
Soltitti	30	260	112860	786752	0
Solu Majra	11	614	298649	765782	0
Soludaiyappatti	30	223	112755	784032	0
Solur	15	603	130725	772452	0
Solur	15	375	130732	778445	0
Solur	30	51	118724	782324	0
Soluru	15	375	132637	776551	0
Soluru	15	43	126666	776879	0
Solvadgi	15	80	165106	760952	0
Solwa	6	374	224420	829947	0
Solwach	12	267	315033	770851	0