Sonipat	11	466	289948	770194	289333
Sonepur	4	520	256961	851667	37776
Sonamukhi	35	549	233052	874134	28334
Songadh	10	126	211697	735636	26515
Sonepur	25	297	208333	839167	20770
Sonari	3	600	270246	950163	19810
Sonkach	19	311	229717	763467	16545
Sonpet	20	151	190259	764739	15765
Sonegaon	20	141	206292	786921	12614
Sonamura	32	552	234755	912659	11285
Sonegaon	20	139	211367	789973	9387
Son	6	279	217498	823816	0
Son	31	346	190106	783847	0
Son	33	174	273955	775701	0
Son	33	526	269842	778585	0
Son	15	71	169967	766426	0
Son Bigha	4	117	247019	851958	0
Son Budrukh	20	182	218445	741358	0
Son Buzurg	33	479	262733	833061	0
Son Dehra	33	694	252377	833389	0
Son Dih	33	269	277096	821574	0
Son Dihra	4	718	251281	836362	0
Son Kalan	33	116	280714	785955	0
Son Kanhai	4	569	259698	862958	0
Son Khap	4	117	245595	848098	0
Son Khas	20	67	204220	779927	0
Son Khera Kalan	19	16	238658	765575	0
Son Khera Khurd	19	16	238608	765619	0
Son Kheri	19	311	226381	770268	0
Son Khurd	20	182	218478	741432	0
Son Manya	25	305	187063	829068	0
Son Para	33	269	272807	822767	0
Son Pura Khas	33	688	260127	823647	0
Son Purwa	14	712	242517	834515	0
Son Purwa	33	242	254513	827490	0
Son Purwa	33	522	271846	819972	0
Son Sangvi	20	156	182382	767020	0
Son Silang	34	413	295802	798986	0
Sona	34	489	302480	805383	0
Sona	12	604	309756	771732	0
Sona	33	329	284652	790767	0
Sona	33	682	274262	783205	0
Sona	19	395	246082	782575	0
Sona	19	208	240973	778582	0
Sona	33	102	247303	829901	0
Sona	33	672	290019	778768	0
Sona	4	581	254262	849463	0
Sona Arjunpur	33	431	297532	774583	0
Sona Bhar	33	688	260242	821137	0
Sona Bhari	33	488	272267	808703	0
Sona Bigha	4	117	248411	849271	0
Sona Chak	4	581	254492	851572	0
Sona Dabar	33	516	257753	841756	0
Sona Dighi	4	491	262425	878392	0
Sona Dih	33	564	261674	835254	0
Sona Dih	33	516	261627	838045	0
Sona Jankipur	33	661	274494	794297	0
Sona Ka Bas	33	526	272911	779930	0
Sona Lachhman	33	515	266867	836803	0
Sona Mota	10	140	231306	735030	0
Sona Purwa	4	597	254613	839483	0
Sona Rai	33	539	267377	841015	0
Sona Rupa Chak	13	477	323936	755267	0
Sona Sangwi	20	54	202319	742746	0
Sona Semar	14	379	243111	851733	0
Sonabad	14	483	241856	867822	0
Sonabad	14	738	240270	864869	0
Sonabandi	33	496	272359	832510	0
Sonabedha	25	305	187536	828327	0
Sonabera	25	572	205105	824592	0
Sonabeta	25	305	184227	828740	0
Sonabhag	13	640	333545	749042	0
Sonabigha	4	112	246687	844288	0
Sonabil	3	342	268187	926411	0
Sonabo	4	718	249912	834590	0
Sonad	14	387	240198	864442	0
Sonada	35	551	269575	882700	0
Sonadeh	19	443	222615	778095	0
Sonadi	19	630	244211	754490	0
Sonadia	33	539	267859	840066	0
Sonadih	6	374	224241	823646	0
Sonadih	6	365	217560	821950	0
Sonadih	33	496	271560	831851	0
Sonadih	6	669	217731	828003	0
Sonadih	14	628	226891	859009	0
Sonadihtola	4	394	250243	841014	0
Sonadiya	4	363	255901	846321	0
Sonadongari	19	354	221914	795377	0
Sonadula	6	669	221131	823524	0
Sonadula	6	611	216910	826881	0
Sonadula	6	388	219395	829587	0
Sonadula	6	611	216409	831792	0
Sonag	33	496	269961	834721	0
Sonaganahalli	15	422	135560	774268	0
Sonaghati	19	443	219249	778747	0
Sonaguji	14	570	250997	873143	0
Sonaha	33	196	251431	823731	0
Sonaha	4	520	259318	849737	0
Sonahalli	15	74	120925	762929	0
Sonahalli	15	74	121896	764158	0
Sonahar	4	394	249420	839023	0
Sonahatu	14	541	231954	857054	0
Sonahi	33	698	258643	808041	0
Sonahra	33	33	256271	823809	0
Sonahra	33	282	273121	816674	0
Sonahra	33	532	264705	825164	0
Sonahra	33	27	257664	834461	0
Sonahta	33	710	259376	796308	0
Sonahthu	4	117	246467	848308	0
Sonahti	33	280	271804	826787	0
Sonahti Buzurg	33	152	268344	828140	0
Sonahti Khurd	33	152	268381	828125	0
Sonahula	4	396	250900	871623	0
Sonahula	33	694	254240	832033	0
Sonahula	4	615	262030	840353	0
Sonahula Chandra Bhan	4	675	265619	842666	0
Sonahula Damodar	4	675	265534	842690	0
Sonahula Gokhul	4	675	265468	842643	0
Sonai	20	150	193956	748195	0
Sonai	33	174	275720	778875	0
Sonai	33	278	268528	789878	0
Sonai	33	445	273577	789195	0
Sonai	33	389	273740	786517	0
Sonai	33	196	251743	830120	0
Sonai	19	512	246273	802683	0
Sonai	33	33	255849	825229	0
Sonai	19	512	243104	804948	0
Sonai	33	584	252570	819191	0
Sonai	4	505	249952	861880	0
Sonai	4	535	265340	858945	0
Sonai	3	364	247322	928897	0
Sonai Ahir Purwa	33	637	262683	814180	0
Sonai Buzurg	33	314	265438	834816	0
Sonai Dih	33	694	252042	831954	0
Sonai Khurd	33	314	265382	834521	0
Sonai Purwa	33	584	253878	818289	0
Sonaicha	33	561	252854	823624	0
Sonaicha	33	314	264108	834253	0
Sonaidih	6	669	218767	827280	0
Sonaidih	6	365	216712	824413	0
Sonaidongri	6	642	206649	813758	0
Sonaihita	33	33	257817	823943	0
Sonaijuri	35	400	234569	866046	0
Sonaijuri	35	400	233421	863293	0
Sonaikkanpatti	30	436	98238	781318	0
Sonaila	4	602	254748	876902	0
Sonaili	4	602	255867	877294	0
Sonaili Bazar	4	602	256080	877159	0
Sonailtanr	4	505	246995	862473	0
Sonaimukh	3	364	247256	928812	0
Sonaippatti	30	436	99576	784308	0
Sonaippiriyankottai	30	5	93201	784708	0
Sonaippiriyankottaipatti	30	5	93140	784570	0
Sonaipura	33	278	265913	789950	0
Sonairo	28	22	246811	736739	0
Sonaisa	33	605	266588	822430	0
Sonait	33	694	247828	831156	0
Sonait	33	102	241076	833302	0
Sonaiyankadu	30	193	102661	789717	0
Sonaj	20	49	208590	764152	0
Sonajhar	19	443	218057	777206	0
Sonajharia	25	290	218743	841407	0
Sonajharia	25	290	217335	841535	0
Sonajori	14	633	247341	876530	0
Sonajori	14	633	246490	877992	0
Sonajori	25	281	215160	854013	0
Sonak Simar	4	410	260863	866002	0
Sonakandar	4	641	262166	876687	0
Sonakar Bara	14	442	247369	878081	0
Sonakar Chhota	14	442	247309	878255	0
Sonakhal	35	4	222307	887111	0
Sonakhali	35	432	228008	886725	0
Sonakhali	35	650	225521	877677	0
Sonakhan	6	365	215174	825716	0
Sonakhan	25	290	217987	835692	0
Sonakhaptoli	14	541	234870	853005	0
Sonakhar	19	325	220607	789916	0
Sonakhari	19	325	216384	790597	0
Sonakheda	20	132	212730	771999	0
Sonakheri	19	395	244919	782137	0
Sonakhira	3	601	245706	922884	0
Sonakol	35	397	253660	878707	0
Sonakpur	33	492	286348	787002	0
Sonakpura	33	417	253816	792826	0
Sonakulattupaatti	30	183	102425	780818	0
Sonal	20	127	203263	772091	0
Sonal	19	395	244761	781275	0
Sonal	33	584	251927	821599	0
Sonal	20	112	200815	754161	0
Sonal	20	112	200375	754179	0
Sonal	9	24	155394	741894	0
Sonal	15	59	148013	742256	0
Sonal Parwal	33	710	261632	792981	0
Sonala	20	49	211236	767415	0
Sonala	20	34	187901	762717	0
Sonala	31	58	185304	776495	0
Sonala	31	271	194184	783172	0
Sonala	20	169	206544	771558	0
Sonala	20	169	207096	774046	0
Sonala	34	179	300863	795197	0
Sonala	20	78	207442	756879	0
Sonale	15	333	138488	751296	0
Sonali Dabri	3	540	263488	898270	0
Sonalipur	15	375	131353	777908	0
Sonamagar	6	627	203273	819131	0
Sonamai	25	373	205525	841537	0
Sonamal	25	290	217654	840418	0
Sonamani	4	590	260598	877806	0
Sonamara	14	276	227760	855665	0
Sonamarg	17	-1	343037	752982	0
Sonamau	33	444	258717	804342	0
Sonamau	33	688	258194	813523	0
Sonamohan	25	290	217715	842240	0
Sonamudi	25	546	212427	840263	0
Sonamui	35	340	225376	880106	0
Sonamul	13	0	344619	741584	0
Sonamundi	6	393	212437	828900	0
Sonamundi	6	393	209300	824912	0
Sonamundi	25	572	202470	825286	0
Sonamuri	25	572	203715	826916	0
Sonana	33	613	283554	782044	0
Sonana	33	523	280458	780687	0
Sonana	28	263	252823	735186	0
Sonanayakanhalli	15	92	128282	770039	0
Sonanda	28	679	265704	763457	0
Sonanduru	15	55	129693	752054	0
Sonangallur	30	51	118220	777999	0
Sonangalpudur	30	51	118171	777957	0
Sonangeri	15	55	125880	753923	0
Sonangpadar	25	273	198883	833519	0
Sonanpur	28	463	274414	766143	0
Sonanu	12	460	309798	777071	0
Sonao	4	718	251348	834781	0
Sonapah	13	76	340101	746049	0
Sonapakar	33	539	268699	836481	0
Sonapali	33	516	259493	838524	0
Sonapali	25	546	214679	839949	0
Sonapar	33	522	272439	819457	0
Sonapar	33	269	272094	822752	0
Sonapara	14	483	241206	869049	0
Sonapara	25	290	219072	841913	0
Sonapara	25	290	219450	843332	0
Sonapati	6	393	210021	824109	0
Sonapatti	4	718	249979	835301	0
Sonapettai	30	257	107325	793762	0
Sonapind Gali	13	0	345884	744726	0
Sonapipri	19	325	221400	788017	0
Sonapipri	19	325	219864	790806	0
Sonapos	14	276	225854	854610	0
Sonaposi	25	281	220250	855815	0
Sonaposi	14	276	222083	856898	0
Sonaposi	14	628	227237	857346	0
Sonaposi	14	276	224890	858166	0
Sonaposi	14	276	220778	859098	0
Sonaposi	25	281	218958	857127	0
Sonappadi	30	51	118099	781545	0
Sonapshi	14	628	225297	859503	0
Sonapur	3	345	261177	919722	0
Sonapur	33	710	263435	793167	0
Sonapur	20	67	201335	789067	0
Sonapur	20	132	212886	773382	0
Sonapur	20	141	204998	790916	0
Sonapur	20	110	204833	795861	0
Sonapur	20	110	200880	799682	0
Sonapur	15	72	163570	765290	0
Sonapur	31	271	194533	788762	0
Sonapur	33	479	259445	832165	0
Sonapur	25	572	202743	825977	0
Sonapur	31	160	195349	793630	0
Sonapur	31	90	190782	793215	0
Sonapur	31	160	191904	793068	0
Sonapur	31	160	191937	793363	0
Sonapur	20	110	198364	796582	0
Sonapur	20	110	195303	795641	0
Sonapur	20	134	198973	798784	0
Sonapur	4	510	253561	862082	0
Sonapur	20	110	196870	792019	0
Sonapur	4	641	263716	872162	0
Sonapur	4	641	260977	871233	0
Sonapur	4	641	263270	874326	0
Sonapur	4	590	260897	878044	0
Sonapur	4	590	258427	871165	0
Sonapur	4	641	259832	871365	0
Sonapur	4	590	257559	871879	0
Sonapur	4	590	259336	873615	0
Sonapur	14	570	251491	874020	0
Sonapur	4	590	259837	875989	0
Sonapur	4	602	256003	875189	0
Sonapur	4	590	258039	878182	0
Sonapur	35	587	259889	878420	0
Sonapur	4	602	256107	877856	0
Sonapur	4	602	257141	878270	0
Sonapur	4	602	255982	878983	0
Sonapur	35	397	253187	879341	0
Sonapur	14	633	244229	877429	0
Sonapur	14	633	246566	878649	0
Sonapur Pard	31	160	192304	793452	0
Sonar	19	420	255428	780072	0
Sonar	19	443	220028	783365	0
Sonar	33	269	274149	822263	0
Sonar Bigha	4	495	250411	854714	0
Sonar Chak	4	112	247141	846788	0
Sonar Jot	33	152	268412	827643	0
Sonar Khap	4	112	245452	841186	0
Sonar Khap	4	117	246844	851437	0
Sonar Khaptola	4	112	245636	842581	0
Sonara	20	182	212283	739320	0
Sonarai	19	338	240096	789309	0
Sonarai	35	397	253372	879794	0
Sonaraindaihan	6	627	206788	819069	0
Sonaran Purwa	33	488	276954	810672	0
Sonaran Purwa	33	282	271909	815644	0
Sonaran Purwa	33	282	272041	815568	0
Sonaran Purwa	33	282	272070	815641	0
Sonarap	28	22	243896	731350	0
Sonardeori	6	365	215660	822448	0
Sonardih	4	505	247545	863014	0
Sonardih	14	434	243988	863040	0
Sonargadde	15	248	139643	746530	0
Sonarhalli	15	59	148438	745562	0
Sonari	20	48	183657	754191	0
Sonari	20	17	189104	729879	0
Sonari	20	138	191979	777499	0
Sonari	31	346	192014	779115	0
Sonari	20	67	199775	780588	0
Sonari	33	698	255015	812292	0
Sonari	33	27	256257	838485	0
Sonari	20	169	207184	773400	0
Sonari	33	102	246671	831506	0
Sonari	19	313	242497	811334	0
Sonari	33	33	257441	828310	0
Sonari	33	516	259457	839012	0
Sonari	33	637	260838	818292	0
Sonari	33	637	261177	819130	0
Sonari	33	280	271746	829382	0
Sonari	33	637	261026	820007	0
Sonari	33	623	265458	830531	0
Sonari	33	515	264788	836566	0
Sonari	20	78	207095	753793	0
Sonari	20	112	202097	753912	0
Sonari	33	488	273376	808818	0
Sonari	33	492	287626	787626	0
Sonari	28	22	248528	738566	0
Sonari	4	734	250817	847350	0
Sonari	4	106	246827	853822	0
Sonari	20	78	208338	758695	0
Sonari	3	600	270734	950275	0
Sonari Ramchandar	33	314	266116	832180	0
Sonari Shankar	33	314	266157	832271	0
Sonari Town	14	562	228206	861721	0
Sonaria	10	209	214706	712401	0
Sonaria	28	163	232218	744560	0
Sonariberni	25	297	209317	841432	0
Sonaridiha	33	280	271472	827419	0
Sonarihola	3	631	265484	928807	0
Sonarijangaon	3	391	262239	931368	0
Sonariposi	25	281	219454	857594	0
Sonaritar	25	572	207718	825913	0
Sonariu Muwara	10	164	230654	732153	0
Sonarka Purwa	33	282	273757	814050	0
Sonarkeri	15	59	143787	744785	0
Sonarkhapa	19	443	217987	779688	0
Sonarkheda	20	78	208673	750686	0
Sonarkhera	20	132	210090	775376	0
Sonarkhota	34	530	295197	796785	0
Sonarkottai	30	436	100040	788741	0
Sonarkunda	35	347	242655	877867	0
Sonarli	20	110	198465	791160	0
Sonarmera	34	530	293569	794259	0
Sonarpara	35	347	244637	878250	0
Sonarpatti	4	535	262031	862797	0
Sonartola	20	168	212946	804603	0
Sonaru	4	581	254961	852975	0
Sonarupa	19	497	246117	815177	0
Sonarvadi	20	57	159798	742934	0
Sonarvadi	15	77	157361	743793	0
Sonarwa	4	518	250551	864091	0
Sonarwai	20	139	209429	796080	0
Sonarwain	13	119	344442	746525	0
Sonasanwari	19	568	226278	777635	0
Sonasar	28	288	282153	753842	0
Sonasati	4	457	270762	845033	0
Sonasi	33	645	266905	799233	0
Sonasi	33	659	270056	801255	0
Sonasilli	6	285	210204	820426	0
Sonasilli	6	393	211978	824283	0
Sonatanr	14	483	241695	869156	0
Sonatanr	14	483	241031	867924	0
Sonath	15	71	176119	771107	0
Sonatha Bara	33	645	265830	797075	0
Sonatha Chhota	33	645	265879	797088	0
Sonati	20	78	209169	759998	0
Sonatikri	35	268	228689	880603	0
Sonatikri	35	432	226839	885936	0
Sonatola	19	354	220211	796494	0
Sonatoli	14	310	231998	841646	0
Sonatsuk	13	412	338368	748421	0
Sonauli	33	626	254025	813683	0
Sonauli	4	520	260618	847470	0
Sonauli	33	516	258221	842760	0
Sonaulia	33	280	271167	829444	0
Sonaur	19	313	247602	807819	0
Sonaur	33	584	252958	816232	0
Sonaur	4	535	262591	860243	0
Sonaur	4	590	258041	878149	0
Sonaura	19	497	245756	813475	0
Sonaura	19	497	245665	813443	0
Sonaura	19	313	244141	809655	0
Sonaura	19	313	244193	809748	0
Sonaura	33	280	270798	828552	0
Sonaura	33	152	268685	828015	0
Sonaura	33	280	271180	830263	0
Sonaura	33	623	269141	830212	0
Sonaura	33	479	262901	832973	0
Sonaura	4	394	248209	840897	0
Sonaura	4	112	247481	842018	0
Sonaura Buzurg	33	314	270211	831637	0
Sonaura Khurd	33	314	270322	831617	0
Sonaurha	33	269	275043	820919	0
Sonauri	19	497	249031	818789	0
Sonauri	33	584	253081	816660	0
Sonauti	33	102	246999	829802	0
Sonauti	33	584	254636	819163	0
Sonauti Umri	33	584	254112	820048	0
Sonaval	20	206	157925	740759	0
Sonavaram	1	103	168464	802752	0
Sonawa	13	485	331996	741189	0
Sonawaing	13	0	343553	743878	0
Sonawal	6	269	240340	833739	0
Sonawan	4	718	251990	835307	0
Sonawan	4	718	251094	837286	0
Sonawan	4	718	249293	837009	0
Sonawan	33	688	259616	820037	0
Sonawan	33	522	269601	824211	0
Sonawan	33	575	260279	823499	0
Sonawan	4	581	255445	852387	0
Sonawan	4	495	251344	852616	0
Sonawani	19	142	219204	798889	0
Sonawar	13	588	340732	748418	0
Sonawari	13	119	342372	746348	0
Sonbachharwar	6	725	227129	820546	0
Sonbad	14	434	243386	859285	0
Sonbad	14	434	243934	859049	0
Sonbad	14	434	242231	863053	0
Sonbad	14	434	240392	864221	0
Sonbah	33	515	263766	836157	0
Sonbahiar	14	434	242192	862110	0
Sonbai	33	584	252714	816540	0
Sonbai	33	584	252771	816478	0
Sonbala	6	611	214279	833632	0
Sonbandha	6	279	222532	818924	0
Sonbans Khera	33	654	264436	811963	0
Sonbara	4	632	256387	868108	0
Sonbaraghat	3	364	247540	928400	0
Sonbardi	20	67	200462	785128	0
Sonbardi	20	169	210515	770276	0
Sonbardi	20	78	208738	752991	0
Sonbarea Khurd	33	196	250631	829618	0
Sonbari	19	313	242286	807902	0
Sonbarisa	4	363	256686	843713	0
Sonbarisadera	4	363	257033	843899	0
Sonbarsa	4	560	268469	855800	0
Sonbarsa	33	584	255958	820154	0
Sonbarsa	19	646	245335	820575	0
Sonbarsa	33	33	255835	830155	0
Sonbarsa	33	242	254311	831156	0
Sonbarsa	33	694	254888	831700	0
Sonbarsa	33	694	250178	831514	0
Sonbarsa	33	27	256539	833204	0
Sonbarsa	33	694	253910	834063	0
Sonbarsa	33	694	251971	832607	0
Sonbarsa	33	27	257856	836748	0
Sonbarsa	4	718	251332	835052	0
Sonbarsa	33	27	256955	839015	0
Sonbarsa	4	718	253710	837761	0
Sonbarsa	4	394	251571	839332	0
Sonbarsa	4	718	251641	837680	0
Sonbarsa	4	394	250591	839435	0
Sonbarsa	33	102	247659	833713	0
Sonbarsa	14	712	242930	834816	0
Sonbarsa	4	718	249867	837209	0
Sonbarsa	4	718	249593	836834	0
Sonbarsa	14	673	244583	838751	0
Sonbarsa	19	313	246700	811025	0
Sonbarsa	19	497	248719	817127	0
Sonbarsa	19	497	248189	815242	0
Sonbarsa	19	497	246824	816021	0
Sonbarsa	19	497	246896	815970	0
Sonbarsa	19	497	247480	816915	0
Sonbarsa	19	497	249392	818305	0
Sonbarsa	19	497	249033	818515	0
Sonbarsa	19	313	242398	812816	0
Sonbarsa	19	646	244009	817985	0
Sonbarsa	19	646	241147	818095	0
Sonbarsa	33	698	258295	807512	0
Sonbarsa	33	688	259252	822777	0
Sonbarsa	33	196	251010	824060	0
Sonbarsa	33	561	253076	826007	0
Sonbarsa	33	242	253495	827887	0
Sonbarsa	33	584	254717	821833	0
Sonbarsa	33	196	251488	828465	0
Sonbarsa	33	584	249833	822280	0
Sonbarsa	33	196	249121	823347	0
Sonbarsa	33	196	248471	828983	0
Sonbarsa	33	584	252294	821280	0
Sonbarsa	14	712	245038	835684	0
Sonbarsa	4	394	249381	839172	0
Sonbarsa	33	575	264303	818793	0
Sonbarsa	33	575	264940	819393	0
Sonbarsa	33	595	278032	820311	0
Sonbarsa	33	595	277946	821175	0
Sonbarsa	33	522	273887	820437	0
Sonbarsa	33	522	271820	820757	0
Sonbarsa	33	269	273236	823421	0
Sonbarsa	33	269	272264	822647	0
Sonbarsa	33	280	271769	824839	0
Sonbarsa	33	280	271887	824933	0
Sonbarsa	33	269	274737	825723	0
Sonbarsa	33	280	273706	826367	0
Sonbarsa	33	280	271536	825278	0
Sonbarsa	33	280	271360	825593	0
Sonbarsa	33	280	271771	827374	0
Sonbarsa	33	152	270481	827329	0
Sonbarsa	33	280	271905	829497	0
Sonbarsa	33	522	269972	820673	0
Sonbarsa	33	605	265447	820907	0
Sonbarsa	33	605	266255	820938	0
Sonbarsa	33	575	262620	820115	0
Sonbarsa	33	575	262386	820078	0
Sonbarsa	33	688	260324	820354	0
Sonbarsa	33	575	262282	821003	0
Sonbarsa	33	575	260741	822408	0
Sonbarsa	33	575	262407	822214	0
Sonbarsa	33	152	268682	822859	0
Sonbarsa	33	152	267732	824150	0
Sonbarsa	33	522	269753	824721	0
Sonbarsa	33	152	268974	823577	0
Sonbarsa	33	479	257584	831756	0
Sonbarsa	33	522	269655	825096	0
Sonbarsa	33	152	267920	825062	0
Sonbarsa	33	152	266568	826844	0
Sonbarsa	33	33	261202	826659	0
Sonbarsa	33	152	269582	827667	0
Sonbarsa	33	152	267955	827738	0
Sonbarsa	33	152	269062	828086	0
Sonbarsa	33	496	271105	833527	0
Sonbarsa	33	496	270469	834254	0
Sonbarsa	33	496	270930	836389	0
Sonbarsa	33	496	271715	836670	0
Sonbarsa	33	623	269675	831050	0
Sonbarsa	33	314	266364	831515	0
Sonbarsa	33	314	268377	833587	0
Sonbarsa	33	314	268787	834070	0
Sonbarsa	33	539	268014	836949	0
Sonbarsa	33	314	267404	835824	0
Sonbarsa	33	314	266873	836135	0
Sonbarsa	33	515	265291	836238	0
Sonbarsa	33	515	266441	836543	0
Sonbarsa	33	515	264139	835851	0
Sonbarsa	33	516	260896	838226	0
Sonbarsa	33	515	262383	838522	0
Sonbarsa	33	516	261190	838937	0
Sonbarsa	33	27	256844	836699	0
Sonbarsa	33	584	251554	817152	0
Sonbarsa	33	584	251102	819857	0
Sonbarsa	19	313	247774	810858	0
Sonbarsa	19	497	247898	810862	0
Sonbarsa	6	669	221719	825344	0
Sonbarsa	6	517	220513	813247	0
Sonbarsa	6	365	216911	819413	0
Sonbarsa	25	572	200429	826157	0
Sonbarsa	6	269	235842	838199	0
Sonbarsa	6	17	219381	831343	0
Sonbarsa	33	654	260178	813955	0
Sonbarsa	4	615	260780	843032	0
Sonbarsa	4	615	261618	844435	0
Sonbarsa	4	394	251730	843629	0
Sonbarsa	4	520	258598	845841	0
Sonbarsa	4	520	259778	849934	0
Sonbarsa	4	457	268906	842178	0
Sonbarsa	4	615	261096	841240	0
Sonbarsa	4	457	269336	843394	0
Sonbarsa	4	457	268788	846572	0
Sonbarsa	4	382	266641	847314	0
Sonbarsa	4	675	264116	845921	0
Sonbarsa	4	615	261210	846659	0
Sonbarsa	4	382	266777	847532	0
Sonbarsa	4	675	262374	848090	0
Sonbarsa	4	520	261596	848881	0
Sonbarsa	33	516	258543	840621	0
Sonbarsa	4	597	256197	840742	0
Sonbarsa	4	117	250303	849082	0
Sonbarsa	14	673	245490	840288	0
Sonbarsa	4	112	246093	840903	0
Sonbarsa	4	112	246398	841139	0
Sonbarsa	14	673	240339	842390	0
Sonbarsa	4	394	252425	841182	0
Sonbarsa	33	516	257910	842984	0
Sonbarsa	33	516	258499	843868	0
Sonbarsa	33	516	257662	844883	0
Sonbarsa	4	363	254786	843991	0
Sonbarsa	4	363	252937	844808	0
Sonbarsa	4	112	248706	842630	0
Sonbarsa	4	112	249491	843469	0
Sonbarsa	4	112	249752	845396	0
Sonbarsa	4	112	248386	846536	0
Sonbarsa	4	117	246673	847405	0
Sonbarsa	14	379	242915	846300	0
Sonbarsa	19	313	250305	806470	0
Sonbarsa	4	136	258565	857635	0
Sonbarsa	4	535	262270	863887	0
Sonbarsa	4	410	260998	864569	0
Sonbarsa	4	632	260256	868626	0
Sonbarsa	4	510	256695	860699	0
Sonbarsa	4	510	253088	862354	0
Sonbarsa	4	636	256713	864700	0
Sonbarsa	4	727	254829	864904	0
Sonbarsa	4	636	258450	866973	0
Sonbarsa	4	727	255530	866363	0
Sonbarsa	4	727	255258	867217	0
Sonbarsa	4	636	257069	867379	0
Sonbarsa	4	632	255927	869043	0
Sonbarsa	4	632	257001	869189	0
Sonbarsa	4	396	253250	868987	0
Sonbarsa	4	396	253739	869001	0
Sonbarsa	4	112	245962	843200	0
Sonbarsa	4	112	247195	844292	0
Sonbarsa	4	117	248434	848613	0
Sonbarsa	4	117	245086	848952	0
Sonbarsa	4	117	245250	849585	0
Sonbarsa	14	570	249613	872150	0
Sonbarsa	4	457	272871	843686	0
Sonbarsa	14	732	238825	852021	0
Sonbarsa	14	678	238692	841375	0
Sonbarsa	33	280	272164	830418	0
Sonbarsa	33	496	271928	833540	0
Sonbarsa	4	112	246326	842633	0
Sonbarsa	14	379	244869	848115	0
Sonbarsa Amad	4	381	259782	854158	0
Sonbarsa Chakki	4	510	255293	862755	0
Sonbarsa Inglis	4	394	251331	841599	0
Sonbarsa Kalan	33	196	250570	829673	0
Sonbarsa Khaira	4	112	246711	841763	0
Sonbarsa Musalman	33	605	265613	820273	0
Sonbarsa Raj	4	636	256943	867075	0
Sonbarsa Shah	4	381	259823	854416	0
Sonbarsadih	4	381	259849	854268	0
Sonbarsapatti	33	688	259639	822184	0
Sonbarsha	19	313	248759	809534	0
Sonbarsi	14	712	244081	837913	0
Sonbha	33	654	265091	811680	0
Sonbha	33	31	266220	812054	0
Sonbhadar	4	734	251250	847230	0
Sonbhadra	4	734	251264	847287	0
Sonbhanga	4	590	257762	876829	0
Sonbharia	33	564	261041	836895	0
Sonbhata	6	681	216997	815889	0
Sonbhatta	6	490	213696	810606	0
Sonbhatta	6	299	213362	818883	0
Sonbigha	14	379	242088	849228	0
Sonbihat	4	569	260071	862066	0
Sonbilhatoli	14	678	237350	847617	0
Sonburhi	33	116	280699	786290	0
Sonchal	13	485	332686	744593	0
Sonchar	19	338	244271	782518	0
Sonchipi	14	541	234795	850570	0
Sonchipur	13	0	344931	741008	0
Sonchiraia	6	681	217320	813660	0
Sonchri	4	495	251875	853308	0
Sond	6	681	215376	814412	0
Sond	20	141	209418	786581	0
Sond	13	146	337005	751926	0
Sond	13	359	327042	754745	0
Sonda	15	59	147350	748091	0
Sonda	33	697	288362	775238	0
Sonda	28	487	247350	769064	0
Sonda	33	613	281857	778082	0
Sonda	33	492	286921	788584	0
Sonda	33	312	278837	808861	0
Sonda	27	624	305901	763359	0
Sonda	19	648	231445	769335	0
Sonda	14	442	250915	876761	0
Sonda	20	127	199782	772981	0
Sonda	25	297	208641	840703	0
Sondabhi	20	67	195306	780475	0
Sondad	20	168	210683	800904	0
Sondadar	6	393	210671	823988	0
Sondadar	6	393	210781	825075	0
Sondadar	25	478	210313	827888	0
Sondag	14	712	239553	837889	0
Sondaha	4	117	245760	846233	0
Sondakhera	28	298	252374	742645	0
Sondalagere	15	92	129773	770919	0
Sondalgondi	20	168	212648	801465	0
Sondalva	1	258	179507	818697	0
Sondampatti	30	193	105639	789021	0
Sondana	34	481	303037	781859	0
Sondane	20	185	208577	748191	0
Sondanguda	1	258	184192	828001	0
Sondar	13	35	334739	758656	0
Sondar	20	390	209582	796615	0
Sondar	25	399	216349	852391	0
Sondaura Kalan	33	312	278194	811875	0
Sondaura Khurd	33	312	278150	812046	0
Sondedih	14	454	243948	855988	0
Sondekela	6	17	217851	834265	0
Sondekere	15	246	141821	765859	0
Sondekola	15	246	141296	763606	0
Sondekoppa	15	43	130199	773838	0
Sondekoppa	15	92	129228	769491	0
Sondenhalli	15	375	130907	778059	0
Sondev	20	53	198606	762138	0
Sondganhalli	15	375	131513	779134	0
Sondha	19	322	264891	784861	0
Sondha	19	322	265135	784909	0
Sondha	33	451	279253	796226	0
Sondha	6	279	224733	820216	0
Sondha	6	279	224959	820661	0
Sondha	19	461	225813	810732	0
Sondha	33	656	283836	798538	0
Sondhamai	33	116	278563	792853	0
Sondhan Muhammadpur	33	622	285244	784389	0
Sondhan Patti	33	479	261378	831439	0
Sondhani	19	325	226160	791430	0
Sondhanpur	33	575	260815	823790	0
Sondhanpur	33	516	260566	837568	0
Sondhapur	11	286	293776	769345	0
Sondhar	19	461	227937	802887	0
Sondhar	19	461	223660	805387	0
Sondhar	19	142	221841	806234	0
Sondhara	33	27	258003	835763	0
Sondhi	33	710	260523	798204	0
Sondhi	33	33	259637	826725	0
Sondhi	11	586	285137	767952	0
Sondhi	6	723	219299	818214	0
Sondhi	6	723	219523	818740	0
Sondhi	4	363	254799	844640	0
Sondhi	4	567	250997	861011	0
Sondhia	33	626	253940	814473	0
Sondhia	33	584	251728	819088	0
Sondhia	33	584	251626	819164	0
Sondhia	33	656	283714	798538	0
Sondhia Kanjaura	33	152	266765	827467	0
Sondhiamai	33	626	256629	812273	0
Sondhibas	33	431	301542	774412	0
Sondhila	4	597	255429	840084	0
Sondho Dullah	4	687	259016	853569	0
Sondho Ratti	4	687	259186	853516	0
Sondhodih	4	687	259112	853499	0
Sondhri	33	479	260931	830182	0
Sondi	33	539	269298	836902	0
Sondighi	14	434	244398	862537	0
Sondih	6	669	221257	823808	0
Sondih	4	112	247073	845362	0
Sondiha	14	712	242285	834292	0
Sondiha	14	712	242842	836231	0
Sondiha	33	623	265426	830533	0
Sondiha	4	495	253023	858018	0
Sondiha	4	117	245683	851134	0
Sondiha	4	518	250985	866551	0
Sondiha	4	117	248291	847730	0
Sondiha	4	117	245282	848085	0
Sondiha	4	117	245119	849521	0
Sondiha	4	590	255956	870845	0
Sondiha	4	582	248950	870175	0
Sondiha	14	570	248166	871221	0
Sondiha	14	377	237261	855784	0
Sondiha	4	727	253955	867309	0
Sondihal	4	675	264941	840475	0
Sondihra	4	394	249898	838924	0
Sondika	6	611	215478	830295	0
Sondila	31	717	187600	795475	0
Sondimau	33	688	258534	821650	0
Sondimra	14	377	234748	857883	0
Sondip	4	590	256307	871928	0
Sondip Milik	4	590	256171	871926	0
Sondipi	4	510	253514	862749	0
Sondipi	4	505	249355	864126	0
Sondiya	19	16	238732	766979	0
Sondiya	19	443	218658	784459	0
Sondiya	20	390	215324	798544	0
Sondiyatola	20	390	215276	798644	0
Sondka	6	17	219273	831930	0
Sondla	28	163	232415	742097	0
Sondla	20	185	210930	747502	0
Sondlapur	20	141	207129	786953	0
Sondo	20	110	196637	793250	0
Sondongri	6	681	215159	812218	0
Sondongri	6	299	212777	815947	0
Sondra	6	299	213648	816383	0
Sondra	33	445	270613	788487	0
Sondri	20	110	206306	799096	0
Sondu	13	359	326616	752728	0
Sondul	19	239	220644	748088	0
Sonduveli	30	183	103592	782428	0
Sondwa	19	153	221151	743750	0
Sone	4	505	244657	863154	0
Sone ka Gurja	28	599	264917	775612	0
Sonebachenhalli	15	375	131454	778480	0
Sonedih	14	454	243797	857759	0
Sonegaon	20	150	185671	754153	0
Sonegaon	19	443	219139	783081	0
Sonegaon	19	443	218456	784529	0
Sonegaon	20	141	211150	783216	0
Sonegaon	20	139	211433	786313	0
Sonegaon	20	139	212329	788315	0
Sonegaon	20	132	207255	782439	0
Sonegaon	20	616	192441	771857	0
Sonegaon	20	141	206810	784379	0
Sonegaon	20	67	204869	783951	0
Sonegaon	20	141	206057	785668	0
Sonegaon	20	141	205042	786745	0
Sonegaon	20	139	207921	789563	0
Sonegaon	20	141	205252	788006	0
Sonegaon	19	354	220499	796517	0
Sonegaon	20	139	213201	791524	0
Sonegaon	20	139	214254	794186	0
Sonegaon	20	139	211859	793107	0
Sonegaon	19	142	216884	797772	0
Sonegaon	20	390	211937	798571	0
Sonegaon	20	139	209999	792560	0
Sonegaon	20	110	205101	793381	0
Sonegaon	20	139	208903	796009	0
Sonegaon	20	390	209094	797091	0
Sonegaon	20	390	208815	797989	0
Sonegaon	20	110	205887	799157	0
Sonegaon	20	110	203774	791335	0
Sonegaon	20	110	203311	792358	0
Sonegaon	20	110	204195	794418	0
Sonegaon	20	67	199631	787876	0
Sonegaon	20	141	204242	786781	0
Sonegaon	20	390	210144	797194	0
Sonegaon	20	390	214830	798105	0
Sonegaon	20	168	214866	799948	0
Sonegaon	20	141	206220	790086	0
Sonegaon	20	110	205123	792400	0
Sonegaon	20	110	201812	791556	0
Sonegaon	20	168	213816	801272	0
Sonegaon	20	110	199688	791730	0
Sonegaon	20	139	210961	790548	0
Soneghat	20	139	214235	793112	0
Sonegri	28	263	254262	736767	0
Sonehara	14	712	241619	835891	0
Sonehra	19	461	225916	801624	0
Sonei	28	263	256702	733739	0
Sonei ki Dhani	28	263	258773	730100	0
Sonei ki Dhani	28	263	258562	730515	0
Sonei Lakha	28	263	258978	730442	0
Sonek	33	451	276975	795355	0
Sonekanhar	6	676	201908	810660	0
Sonekhari	20	390	211087	797977	0
Sonekhari	20	168	212861	798411	0
Sonekhari	20	168	212890	803630	0
Sonela Mota	10	140	231561	736000	0
Sonela Nana	10	140	231505	735900	0
Sonemau	33	698	256714	810405	0
Sonenhalli	15	375	134351	774909	0
Sonenhalli	15	43	130135	777320	0
Sonenhalli	15	422	134013	778999	0
Sonenhalli	15	43	129434	774804	0
Sonepur	33	659	273571	798815	0
Sonepur	33	532	264996	827583	0
Sonepur	25	273	199351	833055	0
Sonepura	33	710	263440	792274	0
Sonepurwa	14	673	240717	840290	0
Soner	19	648	227990	772462	0
Sonera	19	395	244290	775373	0
Sonerangi	20	134	204801	801628	0
Sonesangwi	20	34	185933	760944	0
Sonesarar	6	275	214410	813587	0
Sonesarar	19	142	215391	805445	0
Sonesarar	6	490	214101	809805	0
Sonesarar	6	455	210145	809546	0
Sonesarartola	19	142	215407	805498	0
Sonesaria Math	10	140	231724	736801	0
Sonesilli	6	299	210030	818378	0
Soneswar	3	612	263438	916423	0
Sonevadi	20	185	213296	747845	0
Sonevadi Budrukh	20	54	201021	741650	0
Sonevadi Khurd	20	54	201080	741418	0
Sonewani	19	142	218721	803490	0
Sonewara	6	627	207161	817433	0
Sonf	11	747	286831	762526	0
Sonf	19	461	223693	804150	0
Sonftola	19	461	223613	804212	0
Song	11	565	307302	770838	0
Song	29	406	272464	885062	0
Songad	10	133	242142	724474	0
Songaleyi	1	258	180606	824501	0
Songani	13	559	329552	747345	0
Songaon	20	64	180553	745306	0
Songaon	19	311	225622	770531	0
Songaon	20	132	210725	773501	0
Songaon	20	132	207853	779811	0
Songaon	20	110	204741	794090	0
Songaon	33	532	263694	825165	0
Songaon	19	317	218805	757783	0
Songapur	31	271	195498	788020	0
Songar	33	33	259039	827535	0
Songar	4	718	250268	833795	0
Songar	33	33	259059	827375	0
Songar	33	564	258589	834290	0
Songar	28	402	250450	747723	0
Songar	28	402	250135	749736	0
Songar	4	136	258205	856448	0
Songarh	10	165	217142	718877	0
Songarh	10	205	243501	730023	0
Songarh	19	30	214130	761140	0
Songarh	19	607	242728	822991	0
Songarh	19	635	228042	757796	0
Songarh	33	464	289792	782077	0
Songarh	19	129	227198	749294	0
Songarh	1	-1	190132	783729	0
Songarha	33	196	247515	822817	0
Songarha	33	637	261043	820256	0
Songarha	4	641	261647	876225	0
Songawan	4	394	249009	839841	0
Songawan	19	576	234631	800330	0
Songchal	21	421	241647	933712	0
Songel	25	108	181275	817022	0
Songel	25	108	181426	816928	0
Songhatta	4	363	256110	847635	0
Songhra	33	314	264831	831179	0
Songi	33	637	261472	819344	0
Songimane	15	59	147975	747259	0
Songir	20	185	210803	747877	0
Songir	19	202	217417	762451	0
Songir Pada	20	182	213197	741794	0
Songiri	20	169	205503	770376	0
Songkong	21	421	240904	936789	0
Songllaka	29	708	272016	887185	0
Songohan	20	127	199516	772108	0
Songorha	6	388	221063	827757	0
Songpekmun	21	424	243216	932862	0
Songra	33	682	276024	785356	0
Songra	33	33	256882	823067	0
Songra	33	523	280752	780344	0
Songra	14	276	227904	853495	0
Songra	14	310	231773	846788	0
Songrai	14	628	225296	859604	0
Songran ki Kheri	28	402	250165	747221	0
Songsak	22	471	256432	906117	0
Songsang	21	424	244857	933163	0
Songsong	21	111	254982	941367	0
Songudda	19	142	217999	805770	0
Songudem	31	128	173546	788964	0
Songuha Badli	33	152	267536	823380	0
Songuradya	19	635	226683	759848	0
Sonh	12	514	307171	771479	0
Sonha	33	27	257936	835935	0
Sonhad	4	569	260172	862277	0
Sonhalli	15	375	132149	776285	0
Sonhan	4	718	250476	836976	0
Sonhan	33	152	269896	826731	0
Sonhan	33	152	266647	827545	0
Sonhan	33	623	266016	828725	0
Sonhani	4	615	261016	847073	0
Sonhar	33	682	275049	788708	0
Sonhar	33	561	254113	826211	0
Sonhar	33	659	271537	802395	0
Sonhar	14	498	236696	858969	0
Sonhar	14	498	236604	859050	0
Sonhara	19	512	247240	802424	0
Sonhara	33	532	265850	825376	0
Sonhara	6	269	236322	835378	0
Sonharia	33	27	255869	834947	0
Sonharia	33	27	254853	834386	0
Sonharia Buzurg	33	659	271621	802476	0
Sonhariya Buzurg	19	638	251597	802639	0
Sonhat	6	598	234829	825182	0
Sonhat	33	464	286248	783234	0
Sonhat	33	269	272635	824951	0
Sonhat Khurd	33	464	286301	783352	0
Sonhat ki Mandaiyan	33	464	286288	783143	0
Sonhathu	4	112	249845	845044	0
Sonhatia Pura	33	152	270533	825778	0
Sonhatti	15	77	159469	745487	0
Sonhauli	33	27	255508	833305	0
Sonhauli	4	112	248672	843807	0
Sonhauli	4	727	255108	864707	0
Sonhauli	4	518	250077	866458	0
Sonhauli	4	396	251662	870089	0
Sonhi	4	117	244145	849603	0
Sonhi Sarai	14	673	240664	841796	0
Sonhiwra	20	34	188390	763670	0
Sonhra	33	479	258834	827837	0
Sonhul	33	694	250584	832154	0
Soni	19	322	265225	785565	0
Soni	28	487	248488	767384	0
Soni	28	599	265407	774606	0
Soni	4	597	253583	838398	0
Soni	4	394	251292	839414	0
Soni	20	390	206883	799223	0
Soni	20	168	213437	802710	0
Soni	4	394	251669	842125	0
Soni	4	394	251601	842120	0
Soni	4	112	249953	843842	0
Soni Ghuri	33	522	271355	820142	0
Soni Harlal	33	522	271390	820028	0
Soni Head	19	322	265459	785414	0
Soni ka Pura	28	429	266311	773470	0
Soni Kapur	33	522	271422	820040	0
Sonia	33	102	247205	831802	0
Sonia	33	539	268229	837074	0
Sonia	27	468	318232	751701	0
Sonia	28	428	260727	742650	0
Sonia	4	520	258930	846020	0
Sonia	4	520	260703	846335	0
Sonia	14	379	243137	851597	0
Sonia Dakhin	33	496	269845	835749	0
Sonia Mota	10	140	232279	737049	0
Sonia Uttar	33	496	269876	835752	0
Soniadih	6	611	216342	828387	0
Soniadih	14	276	227750	856344	0
Soniadih Kalan	6	611	217129	827461	0
Soniamar	19	217	229477	815575	0
Soniana	28	428	258810	741934	0
Soniana	28	550	250205	742096	0
Soniana	28	298	251614	743463	0
Soniapar	33	27	256502	831157	0
Soniapat	6	669	220052	827649	0
Soniawan	4	581	253645	849076	0
Soniawan	4	495	251864	851787	0
Sonighat	4	636	257329	868473	0
Sonihar	4	727	255935	862872	0
Sonijawla	20	34	186814	761081	0
Sonik	33	301	265786	805761	0
Sonikhera	33	526	267665	774874	0
Sonikpur	33	33	258785	827061	0
Sonikpur	33	31	266269	813071	0
Sonikpur	33	659	272121	805970	0
Sonikpur	4	675	265172	842374	0
Sonil	4	505	247782	862700	0
Sonim	13	289	341237	745292	0
Sonipur	33	659	273713	798913	0
Sonipur	33	688	258521	820458	0
Sonipura	19	420	255361	773783	0
Sonipura	19	317	218572	756622	0
Sonisim	34	413	295033	796903	0
Sonitola	4	602	257196	879510	0
Sonitpur	3	342	267820	924491	0
Soniwadi	20	138	184587	774270	0
Soniya	33	523	276797	778554	0
Soniyaguda	25	305	185437	827932	0
Soniyana	28	402	251217	746345	0
Soniyana	28	550	250818	739571	0
Soniyasar	28	296	277656	740223	0
Soniyatola	19	354	224934	793809	0
Sonj	35	347	240249	877357	0
Sonja	33	591	254170	797946	0
Sonja	13	477	327148	755777	0
Sonjh	33	645	266035	798526	0
Sonjhar	33	102	244605	832080	0
Sonjhar	19	607	243480	825211	0
Sonjhar	14	570	247510	872398	0
Sonjhari	6	627	205537	818208	0
Sonjhari	19	142	216488	800168	0
Sonjhari	6	517	217783	809913	0
Sonjharitola	6	455	211800	806836	0
Sonjhdu	12	267	312880	770616	0
Sonjhia	4	641	262741	874038	0
Sonjhiri	19	354	224222	800310	0
Sonjitwa	33	280	271579	828758	0
Sonjna	19	324	246011	773015	0
Sonka	20	390	210035	800519	0
Sonkabari	25	281	215187	859378	0
Sonkach	19	16	237683	769932	0
Sonkachh	28	115	258907	765900	0
Sonkachh	19	326	233492	779295	0
Sonkachi	19	311	229779	763729	0
Sonkapara	6	681	218714	818431	0
Sonkara Auwal	4	615	260459	842287	0
Sonkara Sani	4	615	260362	842231	0
Sonkardih	25	281	217513	852696	0
Sonkh	11	524	281264	769849	0
Sonkh	33	174	274867	778351	0
Sonkhai	19	646	243853	819065	0
Sonkhal Lahr	12	39	318984	762328	0
Sonkham Pada	20	182	211685	740315	0
Sonkhapra	4	582	249273	870547	0
Sonkhar	33	280	271906	826048	0
Sonkhar	33	280	271221	829289	0
Sonkhar	33	152	267228	829603	0
Sonkhar	19	354	222898	800336	0
Sonkhar	19	142	223045	801196	0
Sonkhar	4	457	271783	843391	0
Sonkhara	33	196	250504	830175	0
Sonkhari	33	280	271146	829277	0
Sonkhari	33	280	271926	829449	0
Sonkhari	33	280	272015	829627	0
Sonkhas	20	67	204966	783813	0
Sonkhas	20	67	202772	783543	0
Sonkhas	20	67	200165	783453	0
Sonkhas	20	127	204071	770410	0
Sonkhas	20	127	201231	770881	0
Sonkhas	20	169	205839	772842	0
Sonkhas	20	127	203080	773244	0
Sonkhas	20	132	209777	773344	0
Sonkhas	31	271	196725	788076	0
Sonkhawa	19	325	221709	789150	0
Sonkhed	20	138	190299	772172	0
Sonkhed	20	151	190235	764678	0
Sonkhed	20	151	191886	771403	0
Sonkhed	20	132	208687	771650	0
Sonkheda	20	112	200109	752421	0
Sonkhedi	20	78	210901	752111	0
Sonkhedi	19	239	213950	754807	0
Sonkhedi	19	239	213981	754738	0
Sonkhedi	19	317	219628	756634	0
Sonkhera	19	324	249356	772205	0
Sonkheri	19	443	217663	780393	0
Sonkheri	19	208	241192	774347	0
Sonkheri	19	317	216959	760257	0
Sonkheri	19	317	217008	760095	0
Sonkheri	19	446	224267	771448	0
Sonkhori	33	584	256192	821006	0
Sonki	4	363	256457	843986	0
Sonki	4	569	261308	860015	0
Sonkorokholo	25	373	203208	842942	0
Sonkpur	33	31	269454	815432	0
Sonkraposi	25	281	216986	854345	0
Sonkriput	25	108	186065	824014	0
Sonkukra	4	581	253574	850221	0
Sonkund	6	725	227088	820374	0
Sonkurha	4	505	249865	861728	0
Sonkurthua	4	636	258593	863503	0
Sonli Khurd	20	110	204807	797558	0
Sonmahu	19	443	214469	779779	0
Sonmai	4	581	254234	851389	0
Sonmane	15	59	148816	745467	0
Sonmani	4	136	258281	862012	0
Sonmanjri	20	138	189998	770836	0
Sonmanki	4	727	255727	864829	0
Sonmara	20	390	209797	799349	0
Sonmati	4	535	265125	863506	0
Sonmau	19	325	219060	787788	0
Sonmer	14	416	231176	851690	0
Sonmer	14	310	229194	848006	0
Sonmer	14	310	229369	849432	0
Sonmoh	20	139	212293	786834	0
Sonmuth	6	384	228843	841435	0
Sonna	15	352	150193	761082	0
Sonna	20	151	194304	765366	0
Sonna	20	151	192436	766855	0
Sonna	20	151	191370	770991	0
Sonnabada	25	373	203116	843629	0
Sonnabada	25	373	203197	843620	0
Sonnaganahalli	15	422	136595	778723	0
Sonnagar	33	280	273939	827147	0
Sonnaikanpuram	15	43	127288	776583	0
Sonnakoppa	15	47	129588	782785	0
Sonnakoppa	1	-1	129951	784560	0
Sonnampatti	30	109	122070	783432	0
Sonnamuddamahalli	15	375	133323	776471	0
Sonnanaikanhalli	15	47	131101	779215	0
Sonnapalli	15	47	134702	782508	0
Sonnapanahalli	15	43	131583	776245	0
Sonnappagunte	15	47	132471	785570	0
Sonnappanhalli	15	375	133047	775796	0
Sonnappanhalli	15	43	131557	776179	0
Sonnappanhalli	15	47	129522	779445	0
Sonnappanhatti	15	47	129255	780056	0
Sonnappanpalya	15	375	132733	772484	0
Sonnarasanapalli	1	207	127667	782796	0
Sonnarhalli	30	215	123622	784258	0
Sonnathadi	20	34	191419	763329	0
Sonnavadi	15	47	131494	784078	0
Sonnavara	15	43	127003	776801	0
Sonnegaunipalli	15	-1	129008	784446	0
Sonnenahalli	15	92	135254	772759	0
Sonnenahalli	15	43	131980	775007	0
Sonnenhalli	15	375	132993	774074	0
Sonnenhalli	15	375	133099	776827	0
Sonnenhalli	15	47	130042	779889	0
Sonnenhalli	15	47	131534	779719	0
Sonnepuram	30	215	128097	779582	0
Sonnepuram	30	215	126226	777522	0
Sonninayakkanahalli	30	215	125568	780323	0
Sonnurpalle	1	190	137026	782362	0
Sono	4	505	247375	863017	0
Sonokhar	28	113	277456	772397	0
Sonoli	20	139	213667	786260	0
Sonoli	20	110	203984	796228	0
Sonoli	19	443	217428	782424	0
Sonoli	20	390	212330	796590	0
Sonoli	20	139	208964	790065	0
Sonoli	6	620	207254	806276	0
Sonoli	15	77	158328	743912	0
Sonoli Buzurg	20	110	204563	796382	0
Sonon	20	49	199336	766213	0
Sonopahari	14	434	245068	860764	0
Sonopeth	14	628	228798	856970	0
Sonor Buzurg	20	132	207376	779374	0
Sonora	19	443	218050	780633	0
Sonora	19	443	217603	782026	0
Sonora	20	141	206390	782877	0
Sonora	19	443	213951	777852	0
Sonora	19	443	217215	780367	0
Sonori	20	169	208185	775247	0
Sonori	20	132	212850	777765	0
Sonorli	20	110	196673	793515	0
Sonorli	20	110	199535	792384	0
Sonorli	20	110	197445	790708	0
Sonoro	14	276	226650	857795	0
Sonorokuti	14	276	226675	857477	0
Sonosi	20	49	199187	762665	0
Sonoth	33	523	278551	779355	0
Sonoth Janubi	33	174	273538	776064	0
Sonoth Shimali	33	174	273632	776097	0
Sonpa	4	597	254591	838401	0
Sonpa	15	71	171735	763237	0
Sonpa	28	609	240068	744924	0
Sonpai	4	505	249119	862508	0
Sonpairi	6	627	207283	818343	0
Sonpairi	6	299	211146	816382	0
Sonpairi	6	299	211712	818775	0
Sonpairi	6	299	212616	818144	0
Sonpalli	31	271	194972	783277	0
Sonpalli	31	271	194006	785551	0
Sonpalsar	28	519	285118	741667	0
Sonpandar	6	681	216053	812491	0
Sonpar	13	359	326923	752521	0
Sonpara	20	182	213240	739824	0
Sonpara	6	725	227237	820492	0
Sonparam	21	554	250200	935910	0
Sonpatahi	4	535	264649	862853	0
Sonpatahi	4	535	264222	863812	0
Sonphar	12	514	307253	775455	0
Sonpherwa Buzurg	33	280	272404	828213	0
Sonpherwa Khurd	33	280	272167	828246	0
Sonphul	33	694	248011	833655	0
Sonpitola	4	112	250286	845700	0
Sonpri	28	550	255593	739473	0
Sonpri	28	120	268084	758191	0
Sonpri ki Dhani	28	120	268055	758186	0
Sonpukhor	25	262	222309	850025	0
Sonpukhri	14	276	224456	852304	0
Sonpur	33	595	279167	817167	0
Sonpur	4	520	256934	851718	0
Sonpur	6	596	197013	810124	0
Sonpur	19	576	232201	800724	0
Sonpur	6	17	226328	833175	0
Sonpur	25	405	217327	871535	0
Sonpur	19	338	236933	782854	0
Sonpur	19	326	235474	786214	0
Sonpur	19	338	235114	789242	0
Sonpur	19	338	235889	789911	0
Sonpur	19	568	225814	783105	0
Sonpur	20	139	211876	786687	0
Sonpur	20	139	215419	789763	0
Sonpur	6	365	213437	826644	0
Sonpur	6	676	203310	816012	0
Sonpur	6	627	202821	817944	0
Sonpur	6	634	200361	817535	0
Sonpur	6	517	219358	811643	0
Sonpur	6	275	210420	815845	0
Sonpur	19	325	226185	792011	0
Sonpur	19	325	223598	790256	0
Sonpur	19	325	216182	790541	0
Sonpur	20	139	214343	793450	0
Sonpur	19	446	220863	770879	0
Sonpur	19	443	220026	776702	0
Sonpur	20	139	209483	793715	0
Sonpur	20	139	213047	789220	0
Sonpur	20	139	213300	789464	0
Sonpur	33	196	250448	829932	0
Sonpur	33	595	275933	819873	0
Sonpur	33	269	277021	821932	0
Sonpur	33	269	275255	821409	0
Sonpur	33	522	273585	820232	0
Sonpur	33	269	274169	820901	0
Sonpur	33	269	274394	824006	0
Sonpur	33	269	274911	825706	0
Sonpur	33	688	258443	817853	0
Sonpur	6	627	209170	816824	0
Sonpur	20	134	207171	804389	0
Sonpur	20	134	205779	802960	0
Sonpur	20	134	205391	805772	0
Sonpur	12	39	320334	766550	0
Sonpur	6	578	193434	821026	0
Sonpur	14	379	243078	845201	0
Sonpur	4	569	262178	862359	0
Sonpur	4	535	264760	864081	0
Sonpur	4	535	261702	863753	0
Sonpur	4	117	249668	849569	0
Sonpur	14	379	241362	848860	0
Sonpur	6	269	231944	840350	0
Sonpur	14	416	229860	855540	0
Sonpur	4	569	259235	862813	0
Sonpur	14	434	242010	863242	0
Sonpur Dih	33	269	274132	820864	0
Sonpur Kamrihwa	33	269	273771	821812	0
Sonpura	28	429	263312	770613	0
Sonpura	19	446	220748	769164	0
Sonpura	19	208	239318	781399	0
Sonpura	33	33	258671	823104	0
Sonpura	33	33	257880	824987	0
Sonpura	33	516	258974	839570	0
Sonpura	33	584	251050	816669	0
Sonpura	4	363	254981	845844	0
Sonpura	33	516	258043	841804	0
Sonpura	4	394	248142	840347	0
Sonpura	4	112	246003	841279	0
Sonpura	4	117	244555	844531	0
Sonpura	14	673	240945	844379	0
Sonpura	19	202	221485	766127	0
Sonpura	19	202	220450	767144	0
Sonpura	19	202	220252	765982	0
Sonpura	14	379	243193	851556	0
Sonpura	4	106	247851	853046	0
Sonpura	14	732	244019	853515	0
Sonpura	14	732	241736	854209	0
Sonpura	14	454	243730	855475	0
Sonpura	4	636	257537	865431	0
Sonpura	14	732	238193	852403	0
Sonpura	14	498	236627	859082	0
Sonpura Bigha	14	379	243805	846856	0
Sonpura Kalan	14	379	242625	852750	0
Sonpura Khurd	14	379	242642	852771	0
Sonpurchak	20	134	204016	800909	0
Sonpurgarh	14	416	229418	851904	0
Sonpuri	6	374	224370	827165	0
Sonpuri	6	365	216860	821523	0
Sonpuri	12	460	311335	777423	0
Sonpuri	6	681	216215	812422	0
Sonpuri	6	490	214850	811053	0
Sonpuri	6	279	218980	820945	0
Sonpuri	6	517	218266	811427	0
Sonpuri	6	681	219999	815297	0
Sonpuri	20	390	214266	796136	0
Sonpuri	20	390	211230	799497	0
Sonpuri	20	139	209833	795370	0
Sonpuri	19	142	219280	801908	0
Sonpuri	20	168	215208	800943	0
Sonpuri	19	142	219508	804640	0
Sonpuri	19	142	216282	803427	0
Sonpuri	19	142	217501	805514	0
Sonpuri	20	168	213630	805031	0
Sonpuri	6	279	225127	820250	0
Sonpuri	6	517	222128	814276	0
Sonpuri	6	723	220709	816191	0
Sonpuri	6	723	221217	816426	0
Sonpuri	6	517	219768	812840	0
Sonpuri	6	723	220246	817593	0
Sonpuri	6	517	219251	814265	0
Sonpuri	6	681	217382	816954	0
Sonpuri	6	681	218801	817838	0
Sonpuri	6	723	220844	815355	0
Sonpuritola	20	168	213506	804968	0
Sonpurwa	14	712	242997	837488	0
Sonpurwa	14	712	244459	838153	0
Sonpurwa	14	712	241727	838154	0
Sonpurwa	33	516	258888	839435	0
Sonpurwa	14	712	239622	838029	0
Sonpurwa	33	516	260003	840932	0
Sonpurwa	14	673	241470	842843	0
Sonpurwa	14	673	239641	841790	0
Sonr	14	377	235759	856735	0
Sonr Khap	14	732	241428	855742	0
Sonra	19	-1	252519	793307	0
Sonra	33	526	269704	779204	0
Sonra	19	497	245232	811617	0
Sonra	33	33	261370	825109	0
Sonra	33	496	271770	835570	0
Sonra	33	314	265921	831802	0
Sonra	33	584	251276	817646	0
Sonra	33	685	270897	807383	0
Sonra Dih	33	496	272164	834503	0
Sonraha	33	654	264285	813802	0
Sonrahi	33	444	256186	805414	0
Sonrai	33	370	248961	784409	0
Sonrai	19	638	241911	792991	0
Sonrai	19	638	243882	790294	0
Sonrai	33	370	243196	787650	0
Sonrai	33	595	275071	819139	0
Sonrai	33	688	260377	822702	0
Sonrallapalli	31	63	186507	788782	0
Sonratikra	25	478	213129	836545	0
Sonratikra	25	297	211397	837537	0
Sonre	4	535	262630	863763	0
Sonre	14	434	245568	862202	0
Sonri	28	274	250754	712551	0
Sonri	28	467	291766	747015	0
Sonrigund	13	412	338877	749888	0
Sons	14	379	240354	848051	0
Sons	14	673	239923	843989	0
Sons	14	541	235169	849553	0
Sonsa	33	174	274495	775580	0
Sonsa	19	420	255409	774051	0
Sonsa	33	488	273612	810956	0
Sonsa	33	564	259785	834393	0
Sonsa	4	106	248742	854122	0
Sonsa	4	136	258147	861886	0
Sonsa	4	117	250187	852604	0
Sonsa	4	495	252891	856007	0
Sonsaitola	6	620	207924	807015	0
Sonsar	19	311	232128	760912	0
Sonsar Patti	33	33	261950	826020	0
Sonsari	20	134	205164	802347	0
Sonsari	6	279	217511	823685	0
Sonsari	6	669	219411	823658	0
Sonsari	6	388	219344	828023	0
Sonsaripur	33	637	261016	820412	0
Sonsaripur	33	575	260977	821088	0
Sonsarkhera	19	568	228332	781939	0
Sonsarwan	33	564	259832	833366	0
Sonsdohai	14	678	239397	844726	0
Sonsera	19	208	237281	780972	0
Sonsera Chak	19	208	237403	781062	0
Sonshelu	20	185	212624	746601	0
Sonsihari	4	106	249733	855427	0
Sonsikra	4	495	253067	856541	0
Sonspur	27	284	318873	757396	0
Sonta	33	316	294473	774492	0
Sonta	13	477	325618	753913	0
Sonta	33	525	293380	777410	0
Sonta Rasulpur	33	316	295336	774109	0
Sontabug	13	412	338465	748664	0
Sontadih	14	483	240944	867881	0
Sontaibhanj	25	399	213219	853271	0
Sontala	19	462	248972	792828	0
Sontalai	19	446	223466	768710	0
Sontalai	19	443	219255	782393	0
Sontalai	19	576	232311	798208	0
Sontalai	19	568	226222	779621	0
Sontalav	19	317	217817	755230	0
Sontammanhalli	15	43	130203	776987	0
Sontapara	6	374	224173	824237	0
Sontara	6	517	223159	812712	0
Sontara	19	337	234075	803493	0
Sontara	6	299	214424	818282	0
Sontarai	6	695	229285	829139	0
Sontarri	4	632	256344	870318	0
Sontarri	4	632	255667	870529	0
Sontek	20	78	207747	754046	0
Sontekri	19	461	226883	805296	0
Sontenahalli	15	603	127024	774102	0
Sonth	6	275	211909	813952	0
Sonth	6	299	210125	818526	0
Sontha	4	491	261861	877766	0
Sontha	19	497	245375	815341	0
Sonthai	12	514	305864	773648	0
Sonthal	12	460	310257	773589	0
Sonthala	12	348	326312	760820	0
Sonthaltola	35	587	258337	879526	0
Sonthar	19	568	228112	782562	0
Sonthdhana	19	443	218619	775395	0
Sonthi	33	458	292163	772461	0
Sonthi	6	388	220141	829644	0
Sonthi	19	324	245969	772563	0
Sonthi	6	279	221846	823826	0
Sonthi	6	669	219579	826957	0
Sonthiya	19	208	234810	778006	0
Sonthwa	19	323	257688	765768	0
Sontivanipalem	1	176	180778	830768	0
Sontiyur	30	180	125958	785243	0
Sontola	4	590	259308	877856	0
Sonturpi	14	434	240848	858121	0
Sonua	14	276	225819	854634	0
Sonua	4	590	256231	870652	0
Sonua	14	276	223939	854307	0
Sonua	25	262	218811	853012	0
Sonua ka Nagla	33	445	269765	792150	0
Sonud	19	30	214361	764928	0
Sonudih	4	396	251156	870214	0
Sonudih	4	396	251735	871571	0
Sonula	20	151	192385	765870	0
Sonupar	33	152	270230	828551	0
Sonupar	33	152	267641	827698	0
Sonupur	4	136	258000	860253	0
Sonura	20	132	207962	782933	0
Sonurli	20	67	204259	784581	0
Sonurli	20	67	201531	786720	0
Sonuru	15	47	128962	779006	0
Sonus	9	24	155311	740393	0
Sonutola	4	396	253392	873640	0
Sonvad	20	182	215110	745226	0
Sonvad	20	185	210609	748301	0
Sonvad Budrukh	20	78	210772	753468	0
Sonvad Khurd	20	78	210763	753436	0
Sonvada	19	317	218496	758649	0
Sonvadhona	20	67	204368	779540	0
Sonvadi	20	112	204828	752099	0
Sonval	20	182	216041	743687	0
Sonval	20	182	215969	745327	0
Sonvara	19	317	216076	757503	0
Sonvarsha	19	610	240902	811332	0
Sonvay	19	635	226191	757699	0
Sonvihari	20	168	215581	801067	0
Sonwa	28	302	260937	757864	0
Sonwa	28	487	253256	763125	0
Sonwa	33	479	261378	826904	0
Sonwa ka Pura	33	584	256838	819146	0
Sonwahi	19	142	220606	809727	0
Sonwahitola	6	517	220462	809767	0
Sonwal	33	496	272214	836240	0
Sonwal	33	539	269639	840122	0
Sonwal	4	382	265948	845670	0
Sonwal Ahirauliya Ke Andar	4	382	266058	845841	0
Sonwali	34	413	297445	793767	0
Sonwalia	33	152	267847	828136	0
Sonwalia	4	675	262249	847847	0
Sonwan	33	595	276571	817533	0
Sonwan	33	685	270244	809424	0
Sonwan	4	136	258785	861678	0
Sonwan	4	569	259648	860343	0
Sonwan	4	510	256258	862161	0
Sonwan	4	507	250777	850780	0
Sonwan Dehukali	4	569	259341	861063	0
Sonwanagar	20	139	211502	791504	0
Sonwani	33	27	256878	839595	0
Sonwani	33	516	257756	843038	0
Sonwanitola	6	455	208742	806082	0
Sonwapar	33	314	266089	834128	0
Sonwar	33	694	247396	831608	0
Sonwar	14	678	236520	843823	0
Sonwara	28	23	248609	729505	0
Sonwara	33	626	252972	814032	0
Sonwara	33	479	259638	831085	0
Sonwardhira	33	496	271878	833934	0
Sonwari	10	213	208538	729732	0
Sonwari	4	535	263851	861467	0
Sonwarsa	19	313	241560	806740	0
Sonwat	33	102	246784	832618	0
Sonwat	33	688	258707	821910	0
Sonway	19	635	226422	760188	0
Sonwe	4	106	246812	854215	0
Sonwe Gunraha	33	314	268022	835171	0
Sonyan Saidnar	13	289	342919	743102	0
Sonyan Saidnar	13	289	342986	743167	0