Subulia	25	297	208959	841693	5072
Sub-Tahail	13	640	332674	750042	0
Suba Bazar	33	314	267165	834450	0
Suba Jadid	27	545	309481	745639	0
Suba ka Pura	33	561	254036	824931	0
Suba Khera	33	444	250655	803768	0
Suba Purwa	33	522	268946	819888	0
Suba Purwa	33	659	272068	801407	0
Suba Qadim	27	545	309551	745810	0
Subadar	33	522	270554	816284	0
Subadar	33	522	270944	817149	0
Subadar	33	522	270204	816874	0
Subadar Khera	33	654	264793	811641	0
Subadar Khera	33	654	264669	811688	0
Subadar Pura	33	522	272939	818972	0
Subadar Purwa	33	522	271296	817673	0
Subadar Purwa	33	522	271330	818033	0
Subadar Purwa	33	522	270962	819758	0
Subadar Purwa	33	522	270938	819953	0
Subadar Purwa	33	654	263914	813153	0
Subadar Purwa	33	522	271997	817318	0
Subadar Purwa	33	522	271758	817288	0
Subadar Purwa	33	522	271505	817018	0
Subadar Purwa	33	522	271358	817233	0
Subadar Purwa	33	522	270682	817378	0
Subadar Purwa	33	522	269616	819449	0
Subadar Purwa	33	522	269736	819861	0
Subadar Purwa	33	654	262053	812634	0
Subadar Purwa	33	654	261181	813020	0
Subadar Purwa	33	654	260606	813755	0
Subadar Purwa	33	654	261053	814219	0
Subadar Purwa	33	31	268134	815694	0
Subadar Purwa	33	31	269593	816411	0
Subadaran Khera	33	654	264044	810959	0
Subadaran Purwa	33	522	271947	817510	0
Subadarhalli	15	652	132560	762091	0
Subadrapalem	1	87	170265	814096	0
Subahdar Chattram	15	43	130201	775612	0
Subahdar Khera	33	301	265993	807548	0
Subahdaranahalli	15	92	133359	764205	0
Subahdarpeta	1	6	144563	799854	0
Subai	25	349	191245	837051	0
Subaib	12	83	314967	782346	0
Subain Arazi	33	496	272214	834585	0
Subakachhar	19	568	225220	779908	0
Subakahan Chand	27	545	309283	745693	0
Subakot	34	413	297706	796287	0
Subakpura	33	561	254066	825014	0
Subalaya	1	453	186952	839619	0
Subalaya	25	527	203196	849092	0
Subalaya	25	292	204729	850082	0
Subalaya	25	527	202088	851686	0
Subalaya	25	527	201786	851629	0
Subalur	15	93	123486	769912	0
Suban Jot	33	269	272099	824532	0
Subana	11	586	284673	765698	0
Subane	14	712	239007	838988	0
Subankarpur Tikauli	4	687	257890	854920	0
Subankhata	3	585	267867	914170	0
Subankhol	25	373	204185	842511	0
Subanpara	25	290	219530	841942	0
Subanpur	25	546	212653	839571	0
Subanravpettai	30	192	126771	793103	0
Subans Purwa	33	685	266875	811907	0
Subansai	14	276	227080	855255	0
Subansipur	33	488	275799	811731	0
Subantha	4	-1	252103	833810	0
Subantha	33	694	250931	832542	0
Subantha	33	196	252330	824203	0
Subantha	33	516	256925	840140	0
Subaon	33	196	248918	822808	0
Subaon Raja	33	196	249963	822973	0
Subapur	33	654	261656	807778	0
Subapur	33	637	262746	818412	0
Subapur	15	77	159061	749800	0
Subarayapettai	30	238	126883	800531	0
Subari	33	561	253609	823168	0
Subarnagiri	25	373	198329	838596	0
Subarnapali	25	546	216826	843539	0
Subarnapur	25	399	208761	843709	0
Subarnapur	25	372	208635	841757	0
Subarni	33	688	257773	818956	0
Subarnpur	25	292	204108	852283	0
Subarpur	33	532	263813	826210	0
Subarsi Khera	33	450	263645	804841	0
Subas Khera	33	301	264628	809037	0
Subasgarh	28	429	267467	767836	0
Subasheri	11	500	280119	765956	0
Subasheri	11	524	281789	769070	0
Subaspur	33	33	256508	826354	0
Subaspur	33	33	256404	826400	0
Subatola	4	396	253530	873294	0
Subautpur	33	637	262242	816794	0
Subavuppalavadi	30	175	117799	797932	0
Subayapalaiyam	30	215	125080	777792	0
Subayi	1	194	188713	836652	0
Subbagaudanakoppal	15	93	125808	766406	0
Subbagundlapalli	15	47	134591	782927	0
Subbaikavundanpudur	30	154	106274	769320	0
Subbaiyampalaiyam	30	204	113219	774892	0
Subbaiyanpalaiyam	30	223	111124	779297	0
Subbaiyapalya	15	43	130063	776399	0
Subbaiyapuram	30	236	90176	774260	0
Subbakavundanpalaiyam	30	227	110176	774490	0
Subbakkapalle	1	195	151491	794430	0
Subbakkapalli	31	229	183604	796394	0
Subbalapuram	30	201	93046	781243	0
Subbalyapuram	30	186	89450	776338	0
Subbammalpuram	30	201	89636	779456	0
Subbampadu	1	258	175249	822216	0
Subbampeta	31	60	180973	807582	0
Subbanaiyakkanpalaiyam	30	184	128025	788862	0
Subbanayadukhandigai	30	158	130297	797194	0
Subbanayakakhandriga	30	220	132123	795647	0
Subbanayakanhalli	15	603	125249	773933	0
Subbanayakkanur	30	183	106908	780333	0
Subbanayakkanur	30	183	106355	780168	0
Subbanayakkanur	30	183	104678	780555	0
Subbanayakkanur	30	260	110585	782989	0
Subbanayanipalle	1	426	140628	777829	0
Subbanayudukhandriga	1	45	134147	796460	0
Subbannagaripalle	1	426	141250	782702	0
Subbannaguntapalle	1	426	143019	781373	0
Subbannapalle	1	190	138704	783251	0
Subbannapeta	1	176	180096	835404	0
Subbanpettai	30	197	119722	794898	0
Subbanur	30	227	111190	774665	0
Subbapeta	1	453	185189	839506	0
Subbappagaripalli	15	422	137946	779664	0
Subbarajugaripalli	1	190	141965	791341	0
Subbarajugarupalle	1	190	140835	788464	0
Subbarampalli	31	90	188314	797997	0
Subbaraopeta	31	60	178164	809105	0
Subbaraopeta	1	426	142337	775434	0
Subbaraopeta	1	426	144635	777810	0
Subbaraopeta	1	426	138845	777523	0
Subbaravuchattram	1	6	151288	800236	0
Subbarayadupeta	1	259	171459	821601	0
Subbarayadupeta	1	259	171162	821776	0
Subbarayampatti	30	260	108503	785825	0
Subbarayampatti	30	260	103807	785189	0
Subbarayanbyadarhalli	15	603	128438	771636	0
Subbarayanipalle	1	426	138715	774813	0
Subbarayanipalle	1	426	141013	780759	0
Subbarayanipalle	1	426	139949	781128	0
Subbarayanipalle	1	426	138003	781315	0
Subbarayanipalle	1	190	137184	782445	0
Subbarayankoppal	15	93	128666	766120	0
Subbarayanpet	15	422	133073	779560	0
Subbarayapalaiyam	30	154	110632	771291	0
Subbarayapalaiyam	30	154	110986	772146	0
Subbarayapalaiyam	30	204	112038	778523	0
Subbarayapalaiyam	30	227	107454	775224	0
Subbarayapalli	15	422	136226	779545	0
Subbarayapuram	26	437	109376	797927	0
Subbarayapuram	30	5	94941	786020	0
Subbarayapuram	30	201	84348	779466	0
Subbarayapuram	30	369	110891	791006	0
Subbarayapuram	30	236	90532	774569	0
Subbarayareddipudur	30	427	108667	782048	0
Subbarayavalasu	30	204	113050	777498	0
Subbaraydupalem	1	219	176550	826537	0
Subbareddipalaiyam	30	220	132745	802407	0
Subbareddipalem	1	10	165145	793218	0
Subbareddipalem	1	10	165396	797943	0
Subbareddipalle	1	195	156374	794426	0
Subbayagudem	31	46	171091	806600	0
Subbayagudem	1	103	168711	802642	0
Subbayapalem	1	10	161685	799195	0
Subbayapalli	31	61	179987	795034	0
Subbayyankudikkadu	30	254	105434	792682	0
Subbayyapalem	1	45	137560	797316	0
Subbayyapuram	30	236	89040	775631	0
Subbayyapuram	30	201	90286	781528	0
Subbayyapuram	30	201	92391	782576	0
Subbegowdanpalya	15	603	130023	771751	0
Subbiahpalem	1	6	149677	800520	0
Subbiahsastrulupeta	1	453	183166	839445	0
Subbireddigaripalle	1	190	137000	783812	0
Subbireddipalle	1	426	138430	775441	0
Subbugiri	30	215	126726	779371	0
Subbulapuram	30	189	100155	776568	0
Subbunayakkanpalaiyam	30	184	128898	788987	0
Subda	20	141	212627	781128	0
Subdahan	33	575	264866	818933	0
Subdalpur	4	507	250942	849451	0
Subdant Topa	28	302	260437	754070	0
Subdar Bigha	4	734	251153	846516	0
Subdega	25	262	222889	841077	0
Subdhan Purwa	33	269	275061	821177	0
Sube Chak	13	559	325692	749272	0
Sube Purwa	33	575	261634	822439	0
Subedabeda	1	258	182883	829674	0
Subedar	33	575	264597	820520	0
Subedar ka Pura	33	688	259811	816589	0
Subedar ka Pura	33	688	256969	815277	0
Subedar ka Purwa	33	654	259831	811853	0
Subedar ka Purwa	33	688	256620	815807	0
Subedar ka Purwa	33	584	255751	817317	0
Subedar ka Purwa	33	584	256639	817127	0
Subedar ka Purwa	33	688	257215	816372	0
Subedar ki Dhani	28	288	281540	757435	0
Subedar Purwa	33	575	261594	823791	0
Subedarganj	33	584	254333	818000	0
Subedari	31	61	179962	795407	0
Subedarpur	19	512	249994	804008	0
Subedarpur	33	637	263005	817691	0
Subedarpurwa	33	698	257888	809589	0
Subedartola	4	602	252777	877979	0
Subeha	33	31	266383	815144	0
Subepalli	31	90	188638	793030	0
Subha Chak	13	477	324666	752616	0
Subha Purwa	33	654	262276	812742	0
Subha Singh Purwa	33	659	277091	801502	0
Subhadra	1	194	186387	834613	0
Subhadrammavalasa	1	194	188721	835636	0
Subhadrammavalasa	1	194	188434	835177	0
Subhadrapuram	1	453	182310	837221	0
Subhadrapuram	1	453	184878	838997	0
Subhadrayyammapeta	1	259	174249	825087	0
Subhag Purwa	33	269	274332	821332	0
Subhagpur	33	522	270617	818772	0
Subhagpur	33	522	272051	819884	0
Subhagpur	33	522	269047	821490	0
Subhagpura	28	22	246073	737070	0
Subhagpura	28	550	253756	738460	0
Subhahittanhobli	15	333	138575	749790	0
Subhaibandh	33	516	258289	841017	0
Subhain	34	179	304804	796771	0
Subhajipur	33	479	261202	827705	0
Subhakharpur	33	532	263409	824340	0
Subhakharpur	33	27	256766	836151	0
Subhan	33	682	275135	791289	0
Subhan Ahmad Purwa	33	654	260038	814609	0
Subhan Ali Jungle	33	314	268003	834729	0
Subhan Heti	20	67	202205	785844	0
Subhan Khera	33	-1	250622	803418	0
Subhan Khera	33	31	266225	812534	0
Subhan Pahar	13	146	337736	751002	0
Subhan Purwa	33	282	276648	815258	0
Subhanaik Ka Chak	19	324	243879	768848	0
Subhanipur	33	27	257393	838371	0
Subhanipur	4	136	256034	858061	0
Subhankarpur	4	535	264288	860423	0
Subhannagar	33	661	273495	793062	0
Subhannagar	33	685	270803	810242	0
Subhanpur	31	62	171017	783506	0
Subhanpur	33	661	275618	795631	0
Subhanpur	33	431	299157	774143	0
Subhanpur	33	458	288251	772463	0
Subhanpur	33	329	284837	792289	0
Subhanpur	33	661	273959	796967	0
Subhanpur	33	661	275427	793352	0
Subhanpur	33	116	281420	785828	0
Subhanpur	33	688	256342	817235	0
Subhanpur	20	53	202917	757324	0
Subhanpur	27	544	314673	754037	0
Subhanpur	27	284	313891	759833	0
Subhanpur	4	381	262486	849792	0
Subhanpur	4	106	250351	857183	0
Subhanpur	33	686	267415	793744	0
Subhanpur	4	663	252735	857306	0
Subhanpur Bodar	20	132	213518	776240	0
Subhanpura	28	487	246961	769714	0
Subhanpura	28	599	265135	772717	0
Subhanpura	19	202	222226	766760	0
Subhanuddin	33	329	282740	792564	0
Subhaopur	33	33	257748	826039	0
Subharia	19	461	225184	802773	0
Subhasgarh	34	574	298371	780327	0
Subhash Colony	11	664	303337	768509	0
Subhashnagar	8	739	286362	771149	0
Subhashnagar	33	697	286663	774404	0
Subhashnagar	33	672	289802	777172	0
Subhashnagar	20	138	189876	770813	0
Subhashnagar	20	139	211213	790445	0
Subhashnagar	20	138	196135	782058	0
Subhashnagar Banda	33	688	259602	819506	0
Subhata	4	615	259611	843409	0
Subhau	33	196	249919	828069	0
Subhaul	33	516	258405	842728	0
Subhauli	33	450	263424	804270	0
Subhdhan Patti	33	575	260638	821803	0
Subhepur	33	-1	287487	772585	0
Subhewara	19	461	224933	802137	0
Subhi Purwa	33	575	263801	818777	0
Subhia	33	152	270597	827363	0
Subhkhar	33	152	266981	829665	0
Subhnathahi	33	516	257553	844509	0
Subhri	11	664	302035	769993	0
Subhri	11	439	296920	770556	0
Subiahnapalya	15	603	129336	772352	0
Subil	12	604	313008	769379	0
Subir	10	166	209305	737753	0
Subiya	4	394	251337	842778	0
Subkara	33	523	278636	778836	0
Subkaran Sarai	4	734	251668	848145	0
Subkha	33	595	275616	818151	0
Subkhar	19	449	229583	810448	0
Subkharan Pura	33	152	270478	825712	0
Subkona	34	589	296713	790118	0
Subnadriguda	31	241	167022	799718	0
Subnathtola	4	363	257086	846038	0
Subog	12	348	329303	761545	0
Subra	33	613	282923	776793	0
Subra	33	464	284919	783863	0
Subrahmaniyapuram	30	236	92661	774231	0
Subrahmaniyapuram	30	236	92269	774089	0
Subrahmanya	15	55	126652	756141	0
Subrahmanyakavundanur	30	183	107250	780736	0
Subrahmanyam	1	45	140434	796845	0
Subrahmanyapillaiyur	30	183	106192	780763	0
Subrahmanyapulam	30	118	94098	780503	0
Subrahmanyapuram	30	220	133102	801600	0
Subrahmanyapuram	30	236	93259	775078	0
Subrahmanyapuram	30	236	92771	775635	0
Subrahmanyapuram	30	118	93833	777169	0
Subrahmanyapuram	30	201	90069	776947	0
Subrahmanyapuram	30	201	91344	777188	0
Subrahmanyapuram	30	186	83041	776677	0
Subrahmanyapuram	30	186	84413	777223	0
Subrahmanyapuram	30	193	101561	789626	0
Subrahmanyapuram	30	201	90705	780844	0
Subrahmanyapuram	30	201	90251	782257	0
Subrahmanyapuram	30	201	92523	782608	0
Subrahmanyapuram	30	5	98254	789479	0
Subrahmanyapuram	30	201	83559	779159	0
Subrahmanyapuram	30	201	84168	779377	0
Subrahmanyapuram	30	201	84115	779961	0
Subrahmanyapuram	30	201	86755	780248	0
Subrahmanyapuram	30	201	85142	780474	0
Subrahmanyapuram	30	201	85616	781053	0
Subrahmanyapuram Sanarkudi	30	201	83489	779207	0
Subrahmanyaswami	30	238	126196	801968	0
Subraitola	20	168	211627	803573	0
Subramaniyapalaiyam	30	154	110594	769343	0
Subramanniayya Kshetram	16	148	109875	759845	0
Subramanya Nagar	15	43	130073	775570	0
Subramanyakavundanvalasu	30	227	108896	777199	0
Subrampura	28	120	270207	756889	0
Subraon	13	477	325512	756417	0
Subrayanahalli	15	422	137018	776253	0
Subrayangudem	1	25	171294	809469	0
Subrayar Koppal	15	74	124414	760678	0
Subrgar	13	358	331267	756274	0
Subri	33	431	297229	774673	0
Subri	33	316	295839	771674	0
Subri	33	431	296868	775918	0
Subri	4	117	244106	845629	0
Subri Khera	28	599	268696	777432	0
Subri ki Thali	33	316	295867	771783	0
Subri Lower	28	22	243774	731747	0
Subri Upper	28	22	244089	731697	0
Subudhia	33	539	267700	836288	0
Subudhia Bishunpur	4	381	259618	854303	0
Subudhia Khurd	33	539	267404	836118	0
Subudhia Nathan	4	381	259559	854165	0
Subuk	29	85	272286	883208	0
Subulia	25	372	207447	843543	0
Subulia	25	372	207059	843914	0
Subulia	25	373	203234	844929	0
Subura	13	289	340458	741082	0