Suchindram	30	435	81544	774670	13193
Sucavalasa	1	176	184762	835569	0
Suchai Kurmi	33	605	267711	822017	0
Suchan	29	594	271984	882960	0
Suchanmehta	19	354	226110	798553	0
Sucharevudu	31	46	175748	812201	0
Suchat Purwa	33	575	260432	823062	0
Suchchani	30	5	97784	789135	0
Suchchapura	19	322	266237	785813	0
Suchchinakkudi	30	436	96916	786614	0
Suchchinakkudi	30	436	96768	786757	0
Suchchiyarendal	30	436	96964	785966	0
Suchela Deva	33	431	300579	774581	0
Suchet	33	522	270154	816794	0
Suchet	33	33	261110	824846	0
Suchet Kurmi	33	522	269959	825513	0
Sucheta	33	526	271656	779557	0
Sucheta Colony	33	619	251865	814594	0
Suchetapuri	33	697	288559	775895	0
Suchetgarh	13	559	325724	746683	0
Suchetpur	33	152	269757	826034	0
Suchi	33	654	260820	813624	0
Suchikoppa	15	333	139961	751686	0
Suchit	33	522	270833	816222	0
Suchit Deoria	33	269	273550	822339	0
Suchit Kurmi	33	522	270164	824003	0
Suchit Purwa	33	522	270199	824419	0
Suchitpur	33	33	256981	828237	0
Suchitpur	33	496	270768	834011	0
Suchitpur	33	496	270712	834176	0
Suchitpur	33	314	269228	834234	0