Uppal Kalan	31	300	174058	785591	118259
Uppala	16	294	126844	749007	11542
Uppidamangalam	30	427	109034	781575	11292
Uppinangadi	15	55	128364	752461	7813
Uppiliyapuram	30	260	112636	785139	7705
Uppalavadi	30	175	117652	797765	7281
Upper Sileru Project Site Camp	1	258	180585	820325	4632
Uppacheru	1	258	182544	823526	0
Uppada	1	259	170833	823333	0
Uppadihalli	1	426	138790	773496	0
Uppaditangal	1	45	135407	799194	0
Uppahalli	15	333	144073	751297	0
Uppahalli	15	652	129732	760408	0
Uppal	31	61	181795	794760	0
Uppal	31	295	159743	776798	0
Uppal Nowgaon	31	160	194134	792826	0
Uppalada	25	243	188324	841703	0
Uppalagere Koppal	15	93	122918	769928	0
Uppalaguptam	1	293	165533	820975	0
Uppalam	30	220	133630	802034	0
Uppalam Melavurkudiyiruppu	30	435	81065	774677	0
Uppalamarti	1	45	139566	799811	0
Uppalancha	31	100	173531	793171	0
Uppalapad	1	195	153881	788821	0
Uppalapadu	1	212	158873	799116	0
Uppalapadu	1	195	155827	797567	0
Uppalapadu	1	224	151704	780440	0
Uppalapadu	31	128	174913	792119	0
Uppalapadu	1	258	173968	820271	0
Uppalapadu	1	259	171631	820054	0
Uppalapadu	1	10	161937	800323	0
Uppalapadu	1	308	160765	802347	0
Uppalapadu	1	308	163069	805168	0
Uppalapadu	1	25	170288	812156	0
Uppalapadu	1	10	163862	799983	0
Uppalapadu	1	426	144684	779150	0
Uppalapadu	1	10	163551	794006	0
Uppalapadu	1	-1	159206	782014	0
Uppalapadu	1	228	156356	781147	0
Uppalapadu	1	221	149432	786104	0
Uppalapadu	1	195	151685	792426	0
Uppalapadu	1	10	159890	797528	0
Uppalapadu	1	6	151607	797546	0
Uppalapadu	1	6	146214	799192	0
Uppalapalem	1	195	152880	800830	0
Uppalapalle	1	221	145479	787824	0
Uppalapalle	1	221	144338	785244	0
Uppalavalasa	1	453	181722	836982	0
Uppaldinni	15	72	163688	763698	0
Uppalgere	15	246	139546	767158	0
Uppalguda	31	62	173000	786496	0
Uppalgudem	31	241	172644	797118	0
Uppalgutta	31	240	179689	796159	0
Uppaligarahundi	15	74	121388	767131	0
Uppalike	15	55	126509	755875	0
Uppalpahad	31	730	176776	797125	0
Uppalpahad	31	100	171542	795404	0
Uppalpalli	31	557	182897	792722	0
Uppaluru	1	224	152995	783617	0
Uppaluru	1	221	149706	785001	0
Uppaluru	1	221	150695	789388	0
Uppaluru	1	224	149978	781787	0
Uppampalem	1	259	173949	823521	0
Uppanampatti	30	254	106036	791725	0
Uppanapalle	31	46	176991	812247	0
Uppangarai	30	254	106790	792340	0
Uppangulam	30	5	93772	784036	0
Uppanhalli	15	93	123679	770105	0
Uppapada	25	305	185654	824958	0
Uppapura	15	97	134974	761286	0
Uppar Koppal	15	74	123421	761552	0
Uppara Duralu	25	108	185331	823925	0
Upparagatta	15	352	149914	762687	0
Upparagudem	31	100	168794	789553	0
Upparagudem	1	259	172168	820637	0
Upparagudem	1	259	170761	822226	0
Upparagudem	1	307	167538	814656	0
Upparagudem	1	307	164815	814842	0
Upparagudem	1	68	163844	813079	0
Upparagudem	1	307	168726	815817	0
Upparagudem	1	307	164862	817236	0
Upparagudem	1	219	177193	828294	0
Upparagudem	1	219	177640	828755	0
Upparagudem	1	103	169532	806646	0
Upparagudem	1	103	169168	807295	0
Upparagudisalu	1	259	173496	825637	0
Upparahalli	1	426	139444	770554	0
Upparahalli	1	426	138873	773056	0
Upparahalli	15	92	137182	774321	0
Upparahalli	15	422	136432	774188	0
Upparahalli	15	422	135433	776425	0
Upparahalli	15	44	149326	765115	0
Upparahalli	15	246	140726	766946	0
Upparahalli	15	93	128386	767593	0
Upparahalli	15	93	127305	769743	0
Upparahalli	15	352	152943	766060	0
Upparahalli	30	215	126397	777368	0
Upparahalli	15	422	134852	780719	0
Upparahalli	15	47	135462	783119	0
Upparahalli	15	47	132052	785559	0
Upparahalli	30	109	123548	780122	0
Upparahalli	30	109	121831	780886	0
Upparahalli	1	426	140129	770593	0
Upparahalu	1	99	149106	769960	0
Upparahalu	1	228	157260	771083	0
Upparahatti	15	246	144169	764953	0
Upparahatti	15	246	142909	766881	0
Upparahatti	15	92	135648	764813	0
Upparahatti	15	246	139541	765431	0
Upparahosahalli	15	652	129857	761926	0
Upparahosahalli	15	44	155363	769304	0
Upparakalanahalli	15	652	133228	761378	0
Upparakanahalli	15	93	126508	768519	0
Upparakeri	15	352	147922	759762	0
Upparakoppal	15	93	125497	768094	0
Upparanayuduvalasa	1	176	185158	837492	0
Upparantangal	30	158	129506	794672	0
Upparapalaiyam	30	220	132075	798330	0
Upparapalaiyam	30	220	130042	798307	0
Upparapalaiyam	30	220	130131	799013	0
Upparapalaiyam	30	220	132310	798690	0
Upparapalaiyam	30	192	125786	797017	0
Upparapalaiyam	30	192	126054	795522	0
Upparapalem	1	212	159986	804194	0
Upparapalem	1	212	159761	804252	0
Upparapalem	1	212	159684	804312	0
Upparapalem	1	212	159146	804719	0
Upparapalem	1	10	160545	796956	0
Upparapalem	1	6	147445	792435	0
Upparapalle	1	219	174500	828296	0
Upparapalle	1	99	146492	776397	0
Upparapalle	1	426	139907	774253	0
Upparapalle	1	426	138292	775897	0
Upparapalle	1	190	138855	782826	0
Upparapalle	1	426	140189	782755	0
Upparapalle	1	221	144255	791167	0
Upparapalle	1	45	134299	792718	0
Upparapalle	1	207	133005	793599	0
Upparapalle	1	207	133698	794014	0
Upparapalli	31	61	179968	793246	0
Upparapalli	31	100	168383	788936	0
Upparapalli	25	349	194819	833822	0
Upparapalli	15	47	134211	782851	0
Upparapalli	15	47	129738	779963	0
Upparapalli	1	221	145739	791687	0
Upparapalli	1	190	141922	791485	0
Upparapalli	1	190	141162	791615	0
Upparapalli	1	190	140912	791496	0
Upparapalli	1	190	141235	793571	0
Upparapalli	1	45	137850	791243	0
Upparapalli	1	45	134224	799154	0
Upparapalya	15	92	136997	772902	0
Upparapara	6	392	187464	812747	0
Upparapatti	30	51	117595	779674	0
Upparapeta	1	453	186381	839364	0
Upparapeta	1	453	185708	839430	0
Upparapete	15	422	134035	780027	0
Upparappatti	30	215	123148	785334	0
Upparappatti	30	51	116483	779187	0
Upparappatti	30	51	119329	780370	0
Upparapuram	1	453	187433	839122	0
Upparati	15	603	129754	771658	0
Upparatimmanapalli	30	215	126576	778796	0
Upparavandlapalle	1	190	136464	781821	0
Upparavandlapalle	1	426	142281	782614	0
Upparavanipalle	1	195	153601	788848	0
Upparavaripalli	1	190	140696	792147	0
Upparavayipalem	1	212	159433	806530	0
Uppardoddi	15	93	125423	770528	0
Upparelu	1	25	172665	814367	0
Upparevandlapalle	1	221	142616	784977	0
Upparguda	31	62	171897	786157	0
Upparguda	31	32	177271	780674	0
Uppargudem	31	730	175873	795817	0
Uppargudem	1	307	165486	813456	0
Uppargudem	1	307	165245	814038	0
Uppargudem	31	60	174381	811750	0
Uppargudem	31	60	173515	811877	0
Upparhalli	15	422	134808	775738	0
Upparhalli	15	375	130897	777818	0
Upparhalli	15	47	128565	779969	0
Upparhalli	15	47	129021	779851	0
Upparhalli	15	47	129225	780413	0
Upparigenahalli	15	246	140074	763637	0
Upparigudem	31	218	182285	806430	0
Upparigudem	31	60	180937	808105	0
Upparigudem	31	300	174495	785489	0
Upparipalle	1	190	140116	786930	0
Upparipeta	1	453	184716	839570	0
Upparipeta	1	453	184009	839676	0
Upparla Sakreha	12	39	320318	762757	0
Upparlapalle	1	426	144740	778737	0
Upparlapalli	15	422	138390	779862	0
Upparnandihal	15	50	160328	763481	0
Upparoni Gadda	31	178	179393	791191	0
Upparpalli	31	240	178109	796272	0
Upparpalli	31	240	178769	798038	0
Upparpalli	31	730	177054	799186	0
Upparpalli	31	62	173587	784211	0
Upparpalli	31	448	164451	785275	0
Upparpatti	30	189	99540	774194	0
Upparpattoli	14	740	234810	845990	0
Upparpet	15	43	129752	775754	0
Upparuyarupalle	1	190	137031	782664	0
Upparwadi	15	71	173377	761494	0
Uppativaripalli	1	221	146857	790777	0
Uppattichal	30	114	115141	763574	0
Uppaturaipalaiyam	30	227	107371	775447	0
Uppavaram	1	219	175970	829521	0
Uppayyapalem	1	258	172516	817670	0
Uppedavidi	1	258	182443	824717	0
Uppedu	31	218	182845	805749	0
Uppenahalli	15	97	135774	763162	0
Uppenahalli	15	74	120806	766920	0
Upper Fagu	35	473	269733	886868	0
Upper Krishna Project Colony	15	72	164573	765256	0
Upperapalle	1	426	137087	774742	0
Upperlapalle	1	426	139694	781600	0
Upperpet	15	50	160143	764304	0
Upperu	31	295	163170	776649	0
Upperu	31	46	175946	810351	0
Uppilaputtur	30	197	123230	794732	0
Uppiligeri	15	69	121667	770985	0
Uppilikkundu	30	118	97412	780680	0
Uppilipalaiyam	30	227	111879	771800	0
Uppilipalaiyam	30	154	110046	770178	0
Uppilipalaiyam	30	227	110440	773114	0
Uppilipalaiyam	30	204	116125	776638	0
Uppilipalaiyam	30	223	112760	778296	0
Uppilipalaiyam	30	227	107751	775072	0
Uppiliyakkudi	30	193	105335	788025	0
Uppiliyanur	30	204	116388	777213	0
Uppiliyapatti	30	183	106709	780662	0
Uppiliyapatti	30	193	106176	784862	0
Uppiliyapatti	30	193	104097	786088	0
Uppiliyappatti	30	427	107450	783488	0
Uppiliyappatti	30	260	106347	784736	0
Uppiliyavalasu	30	183	105899	776094	0
Uppilyatterunattam	30	427	109471	782185	0
Uppina Koti	15	248	134410	746947	0
Uppinahalli	15	652	134307	761603	0
Uppinakatte	15	92	135687	764406	0
Uppinakudru	15	248	136600	746897	0
Uppinamalai	15	69	121161	770272	0
Uppinavalasa	1	453	184846	838669	0
Uppinayakanahalli	15	352	151305	762561	0
Uppinel	1	190	133802	784925	0
Uppingadde	15	59	143455	746005	0
Uppingadde	15	59	143796	746835	0
Uppinmole	15	69	120465	770434	0
Uppinpattan	15	59	144732	744909	0
Uppiripalli	1	207	133731	792472	0
Uppoki	27	742	304963	759271	0
Upporo Godri	25	305	189411	828721	0
Upporochompi	25	305	189991	830464	0
Uppugadda Tanda	31	62	171439	784124	0
Uppugal	31	178	178571	794525	0
Uppugala	15	55	125602	756520	0
Uppuguda	31	408	173400	784852	0
Uppugudem	1	25	167553	811373	0
Uppugundalapalli	30	215	126832	781398	0
Uppugunduru	1	195	156701	801688	0
Uppugunta	1	6	147254	800761	0
Uppuguntanattam	30	184	129429	788028	0
Uppuguntapalle	1	221	147303	788342	0
Uppukachchipatti	30	427	107484	785052	0
Uppukkachchippettai	30	254	108788	791304	0
Uppukkarai	30	227	107616	777805	0
Uppukkaraipalaiyam	30	227	110124	774585	0
Uppukkinattuppatti	30	183	105909	780202	0
Uppukkottai	30	189	99587	774105	0
Uppukulam	16	261	96497	768220	0
Uppukulam	16	249	96155	769466	0
Uppukunta	1	307	166059	814397	0
Uppukuntahalli	15	422	136549	777362	0
Uppukuntahalli	15	422	136316	778562	0
Uppukunte	15	47	131918	781078	0
Uppukunte	15	47	132457	783054	0
Uppukutta	16	528	90198	766717	0
Uppulashinapalle	1	426	145206	776603	0
Uppulur	1	6	149470	796358	0
Uppuluru	1	307	166429	814885	0
Uppuluru	1	68	164845	807764	0
Uppumaguluru	1	212	160745	800665	0
Uppumanpadi	16	253	107045	767914	0
Uppumuttampalaiyam	30	197	118704	795746	0
Uppunayakanahalli	15	352	149628	758898	0
Uppunda	15	248	138370	746247	0
Uppunelvayal	30	220	134575	802167	0
Uppunelvayalmedu	30	220	134671	802200	0
Uppununtala	31	448	164557	785946	0
Uppunuttu	30	189	98861	774744	0
Uppupalaiyam	30	51	114773	779132	0
Uppupalaiyam	30	223	114165	778132	0
Uppupalaiyam	30	223	113007	779126	0
Uppupalaiyam	30	427	110177	779590	0
Uppupalaiyam	30	227	109605	776922	0
Uppupara	16	233	115911	761432	0
Uppupattipudur	30	223	111698	780276	0
Uppupettai	30	158	128365	792931	0
Uppupettai	30	158	128743	793134	0
Uppuppatti	30	118	93862	777181	0
Uppur	15	248	133945	747657	0
Uppur	30	257	104308	795447	0
Uppur	30	5	96139	789193	0
Uppur	30	376	117268	786499	0
Uppurani	30	186	86043	775980	0
Uppusaga	31	60	176308	807561	0
Uppusettipalle	1	207	132042	786711	0
Upputuru	1	6	144236	797920	0
Upputuru	1	212	159531	802890	0
Uppuvandlapalle	1	426	139008	781610	0
Uppuvaniyanputtur	30	186	87079	774925	0
Uppuvaripalli	1	221	148299	790677	0