Villupuram	30	197	119398	794924	97380
Vilappil	16	211	85222	770400	36212
Villiappally	16	252	116250	756288	34502
Villianur	26	191	119139	797557	34383
Vilavoorkkal	16	211	84809	770220	31761
Vilangudi	30	264	99458	780935	30884
Vilankurichi	30	154	110715	770173	24235
Villukuri	30	435	82226	773732	15304
Vilattikulam	30	201	91323	781664	15277
Vilavur	30	435	82669	773052	14320
Vilar	30	254	107313	791554	9028
Vilavancode	30	435	83129	772048	8277
Vilachcheri	30	264	98937	780603	7787
Vilholi	20	54	199233	737173	6798
Vila Teja	27	468	319048	750014	0
Vilabhagam	16	211	87019	767386	0
Vilad	20	150	192076	746664	0
Vilagam	30	238	125394	800146	0
Vilagam	30	159	128403	798691	0
Vilagam	30	257	109490	795828	0
Vilagam	30	186	86993	776880	0
Vilagam	30	369	109417	789996	0
Vilagam	30	175	113792	795758	0
Vilagam	30	238	124986	799477	0
Vilakkad	16	211	88283	768229	0
Vilakkanendal	30	118	97022	783031	0
Vilakkanendal	30	5	94411	784641	0
Vilakkappadi	30	175	114563	794698	0
Vilakketti	30	204	111315	777670	0
Vilakkettinainarkulam	30	186	82429	777118	0
Vilakkudi	16	528	90290	768581	0
Vilakkudi	30	257	105862	795944	0
Vilakkur	30	376	117163	790806	0
Vilakkuseri	30	118	95668	783598	0
Vilakkuvattam	16	528	90332	769499	0
Vilalkottagam	30	257	107253	794999	0
Vilam	20	110	207315	797554	0
Vilam	20	110	206196	797201	0
Vilamankattucheri	30	435	82286	774576	0
Vilamarattuppati	30	227	105743	771436	0
Vilambar	30	376	116962	789814	0
Vilambatti	30	436	99042	786909	0
Vilampattu	30	238	122428	798768	0
Vilamputtur	30	255	112099	788742	0
Vilanattuttala	16	528	88617	767536	0
Vilandai	30	369	113387	793813	0
Vilandai	30	369	113298	793960	0
Vilandakandam	30	254	110399	794102	0
Vilangad	16	252	117714	757546	0
Vilangadu	30	238	123411	799266	0
Vilangadu	30	257	104305	796070	0
Vilangadupakkam	30	220	131961	802156	0
Vilangampattu	30	192	124902	793953	0
Vilanganur	30	238	123843	799509	0
Vilangara	16	528	89581	767720	0
Vilangattaiyur	30	204	115951	776182	0
Vilangattur	30	436	97378	786855	0
Vilangattur	30	436	98329	788205	0
Vilangattur	30	175	115230	792333	0
Vilangattuvalasu	30	204	111061	777632	0
Vilangfattunattam	30	227	109901	774883	0
Vilangu	16	173	100502	764243	0
Vilangudi	30	254	109186	791032	0
Vilangudi	30	436	99631	789500	0
Vilangudi	30	5	97271	789235	0
Vilangudi	30	369	111197	791987	0
Vilangudiputtur	30	264	99524	780877	0
Vilangulam	30	260	108187	788343	0
Vilangulam	30	436	96644	786106	0
Vilangupara	16	173	102427	766263	0
Vilankad	30	435	82727	774458	0
Vilantidasamudram	30	198	112485	797327	0
Vilappatti	30	193	105749	787125	0
Vilapura	15	246	137703	762145	0
Vilari	30	158	128400	793225	0
Vilarikadu	30	436	101054	789076	0
Vilaripalaiyam	30	51	115987	784107	0
Vilaripattu	30	192	126130	795359	0
Vilarippatti	30	193	105193	791351	0
Vilarnalapalli	1	190	139735	789994	0
Vilasabhamapalem	1	81	180039	833141	0
Vilasappatti	30	183	103509	781760	0
Vilattikuttam	30	5	93094	785053	0
Vilattuppatti	30	193	105081	787509	0
Vilattur	16	253	108641	761375	0
Vilattur	30	257	106355	796585	0
Vilattur	30	264	99191	782136	0
Vilattur	30	5	95088	785415	0
Vilattuvila	30	435	81349	773895	0
Vilavadiyendal	30	436	100191	787974	0
Vilavukonam	16	528	88349	767772	0
Vilayat Kalan	19	337	237163	806570	0
Vilayat Khurd	19	337	237323	806837	0
Vilayatpur	33	682	276049	787572	0
Vilayil	16	148	112107	760135	0
Vilayil	16	528	90876	765338	0
Vilayilvid	30	435	81787	773640	0
Vilayur	16	253	109022	761638	0
Vile Parle	20	200	191000	728333	0
Vilegaon	20	127	200016	770934	0
Vilegaon	20	127	205894	774708	0
Vilegaon	20	127	201860	774709	0
Vilgam	13	0	344748	741415	0
Vilgam	13	0	344778	741528	0
Vilhala	20	78	209881	758648	0
Viliena	9	101	151667	742333	0
Vilimar	30	436	97571	788524	0
Vilinjam	16	-1	83759	769889	0
Viliyanendal	30	436	98032	782801	0
Viliyappapuram	30	236	91058	775922	0
Vilkawas	28	609	241112	744856	0
Vilkhal Chak	20	110	201571	798830	0
Villa Bajju	27	468	316631	753420	0
Villa Buona Vista	27	544	314238	753937	0
Villaimarattu	30	204	116227	776508	0
Villakodi	15	55	128431	750328	0
Villamarattuppatti	30	427	108286	782047	0
Villampudur	30	186	83848	776999	0
Villanchirai	16	261	95386	767942	0
Villanendal	30	5	92473	784235	0
Villangulam	30	264	100403	780393	0
Villapuram	30	264	99000	781222	0
Villarasampatti	30	204	113441	776715	0
Villarodai	30	193	106282	786297	0
Villarti	25	-1	179513	818382	0
Villasagar	31	222	184736	789645	0
Villavurinipatti	30	260	104208	784161	0
Villikirivur	30	435	82225	773517	0
Villipalaiyam	30	223	111890	780402	0
Villiseri	23	-1	90476	778031	0
Villiseri	30	436	96993	786123	0
Villitti	30	376	119353	787322	0
Villivakkam	30	199	131054	802103	0
Villivakkam	30	220	131228	801703	0
Villivakkam	30	238	122547	799207	0
Villivakkam	30	238	122668	799274	0
Villivalam	30	159	127895	797733	0
Villivalam	30	376	118776	792448	0
Villivila	30	435	81263	773917	0
Villiyambakkam	30	238	127529	799432	0
Villiyanallur	30	198	111715	796304	0
Villiyanallur	30	254	109175	791139	0
Villiyanallur	30	198	110881	795541	0
Villiyanur	30	197	118804	795602	0
Villiyappakavundanpalaiyam	30	204	112111	775016	0
Villiyappanpatti	30	223	111572	781073	0
Villiyavarambal	30	254	109507	794360	0
Villukkalpatti	30	427	108005	783744	0
Villukkaranpatti	30	427	108053	783761	0
Villuppatti	30	436	99549	784525	0
Villupuramturai	30	175	114005	795097	0
Villur	16	148	109888	760452	0
Villur	16	528	90083	768412	0
Vilochawaram	31	717	186807	796485	0
Viloith	16	252	114523	759830	0
Vilota	28	550	247731	737593	0
Vilpatti	30	183	102671	775011	0
Viludippattu	30	192	125322	796552	0
Viludiyur	30	254	108313	792939	0
Vilududaiyan	30	369	114127	793401	0
Vilukkam	30	197	122616	795423	0
Vilundamavadi	30	230	105970	798349	0
Viluparti	1	176	180056	830444	0
Viluppanangurichchi	30	369	109536	791385	0
Viluppanankurichchi	30	369	112587	791985	0
Viluppanur	30	118	95326	777046	0
Vilvamadevi	30	197	121605	794779	0
Vilvamarattuppatti	30	201	91598	781707	0
Vilvanathapuram	30	158	127927	792698	0
Vilvanathapuram	30	158	129923	793335	0
Vilvanattam	30	197	120708	798107	0
Vilvanur	30	51	117484	784904	0
Vilvapattiri	30	118	95909	780005	0
Vilvarayampatti	30	254	107728	789811	0
Vilvarayanallur	30	238	124722	798752	0
Vilvarayanallur	30	254	109210	793896	0
Vilvarayanattam	30	175	117620	797586	0
Vilvarayaneliur	30	192	124485	790445	0
Vilvarayanellur	30	192	125294	793306	0
Vilvattam	16	232	105508	762370	0